9000 1 5 0.000000 0.000000 4.000000 4.000000
1 11 0.493680                                          kaon
   1 -0.172479 -0.057083 1.883705 1.955779
2 9 0.139570                                           pion
   -1 0.051877 0.031564 0.282184 0.320616
3 14 0.938270                                          proton
   1 0.109959 0.218964 0.621751 1.151938
4 9 0.139570                                            pion
   -1 0.080727 -0.040467 0.091643 0.189823
5 11 0.493680                                          kaon
   1 -0.156963 -0.029757 1.285454 1.386231
9000 2 5 0.000000 0.000000 4.000000 4.000000
1 11 0.493680
   1 0.042755 -0.069732 1.790086 1.858714
2 9 0.139570
   -1 0.064771 0.097146 0.211770 0.279211
3 14 0.938270
   1 -0.155042 0.168618 1.596912 1.866266
4 9 0.139570
   -1 -0.089603 0.042996 0.157536 0.232755
5 11 0.493680
   1 0.352966 -0.206718 0.297489 0.706779
9000 3 5 0.000000 0.000000 4.000000 4.000000
1 11 0.493680
   1 0.029454 0.017718 1.444391 1.526816
2 9 0.139570
   -1 -0.060923 -0.002813 0.113518 0.189963
3 14 0.938270
   1 0.146582 -0.279224 1.085539 1.469081
4 9 0.139570
   -1 0.123385 -0.041048 0.166619 0.253279
5 11 0.493680
   1 -0.512211 0.354317 1.089391 1.348479
9000 4 5 0.000000 0.000000 4.000000 4.000000
1 11 0.493680
   1 0.107538 -0.137069 1.490123 1.579410
2 9 0.139570
   -1 0.006213 -0.121642 0.165261 0.248246
3 14 0.938270
   1 -0.585617 -0.165984 1.068703 1.546924
4 9 0.139570
   -1 -0.013588 0.029760 0.094159 0.171511
5 11 0.493680
   1 0.471214 0.205715 1.256846 1.444902
9000 5 5 0.000000 0.000000 4.000000 4.000000
1 11 0.493680
   1 0.120886 -0.106379 0.966738 1.097375
2 9 0.139570
   -1 -0.163083 -0.105439 0.147339 0.280894
3 14 0.938270
   1 -0.565694 -0.230041 1.145367 1.601607
4 9 0.139570
   -1 -0.078927 0.051807 0.237691 0.291360
5 11 0.493680
   1 0.625160 0.171561 1.301616 1.535637
9000 6 5 0.000000 0.000000 4.000000 4.000000
1 11 0.493680
   1 0.033866 -0.152868 1.930279 1.998553
2 9 0.139570
   -1 0.009176 0.178630 0.402669 0.462185
3 14 0.938270
   1 0.127194 0.312629 1.162766 1.531760
4 9 0.139570
   -1 -0.027973 0.024398 0.320224 0.351284
5 11 0.493680
   1 -0.071512 -0.202005 0.103558 0.548055
9000 7 5 0.000000 0.000000 4.000000 4.000000
1 11 0.493680
   1 0.320803 0.013231 1.768743 1.864205
2 9 0.139570
   -1 0.010127 -0.073178 0.127491 0.202956
3 14 0.938270
   1 -0.052475 0.342895 1.198285 1.560951
4 9 0.139570
   -1 -0.079157 0.049093 0.106366 0.198669
5 11 0.493680
   1 -0.047720 -0.468896 0.823928 1.069915
9000 8 5 0.000000 0.000000 4.000000 4.000000
1 11 0.493680
   1 0.067778 -0.055908 1.956000 2.019251
2 9 0.139570
   -1 -0.126757 0.029662 0.060243 0.200140
3 14 0.938270
   1 -0.254754 -0.113601 0.839257 1.289383
4 9 0.139570
   -1 0.008086 -0.044389 0.035769 0.150980
5 11 0.493680
   1 0.142531 0.284790 1.175493 1.314125
9000 9 5 0.000000 0.000000 4.000000 4.000000
1 11 0.493680
   1 -0.210426 0.244625 2.160105 2.239173
2 9 0.139570
   -1 0.024647 -0.032540 0.449919 0.472835
3 14 0.938270
   1 0.004975 0.122392 0.903875 1.308566
4 9 0.139570
   -1 0.040155 -0.028475 0.268025 0.306170
5 11 0.493680
   1 0.091942 -0.276688 0.246394 0.624051
9000 10 5 0.000000 0.000000 4.000000 4.000000
1 11 0.493680
   1 0.262003 -0.028171 1.756190 1.843193
2 9 0.139570
   -1 0.001604 0.078883 0.033212 0.163731
3 14 0.938270
   1 -0.578572 -0.037874 1.149080 1.592770
4 9 0.139570
   -1 -0.028885 0.020010 0.063442 0.157288
5 11 0.493680
   1 0.357184 0.006192 0.996728 1.168249
9000 11 5 0.000000 0.000000 4.000000 4.000000
1 11 0.493680
   1 -0.022956 0.243116 0.733600 0.917345
2 9 0.139570
   -1 0.028616 -0.005242 0.100210 0.174265
3 14 0.938270
   1 -0.327280 0.377301 1.634729 1.949912
4 9 0.139570
   -1 -0.003230 0.005668 0.362078 0.388102
5 11 0.493680
   1 0.333780 -0.606961 0.732779 1.122718
9000 12 5 0.000000 0.000000 4.000000 4.000000
1 11 0.493680
   1 -0.119220 0.142542 2.363239 2.421394
2 9 0.139570
   -1 0.025030 -0.116155 0.264986 0.322205
3 14 0.938270
   1 -0.116386 0.175011 0.861618 1.291089
4 9 0.139570
   -1 -0.003928 -0.061579 0.192869 0.245938
5 11 0.493680
   1 0.237023 -0.129287 0.302556 0.638870
9000 13 5 0.000000 0.000000 4.000000 4.000000
1 11 0.493680
   1 -0.072031 0.512999 2.177896 2.292445
2 9 0.139570
   -1 0.035332 -0.204965 0.301074 0.391643
3 14 0.938270
   1 0.125921 -0.186454 0.808605 1.258894
4 9 0.139570
   -1 -0.022709 -0.062990 0.259477 0.302145
5 11 0.493680
   1 0.020073 -0.160491 0.332430 0.616758
9000 14 5 0.000000 0.000000 4.000000 4.000000
1 11 0.493680
   1 0.344701 -0.036275 0.830248 1.026239
2 9 0.139570
   -1 -0.015625 -0.120094 0.347145 0.393264
3 14 0.938270
   1 0.075047 0.172793 2.501900 2.678684
4 9 0.139570
   -1 0.024045 -0.004035 0.181255 0.230060
5 11 0.493680
   1 -0.482671 -0.112203 0.337196 0.776519
9000 15 5 0.000000 0.000000 4.000000 4.000000
1 11 0.493680
   1 0.053957 0.105407 2.436764 2.489089
2 9 0.139570
   -1 0.000523 -0.149880 0.112171 0.233509
3 14 0.938270
   1 0.080714 -0.165017 1.168480 1.509782
4 9 0.139570
   -1 -0.057655 -0.017137 0.094315 0.178866
5 11 0.493680
   1 0.035193 0.095381 0.218161 0.549227
9000 16 5 0.000000 0.000000 4.000000 4.000000
1 11 0.493680
   1 -0.027558 0.096487 2.028341 2.089965
2 9 0.139570
   -1 -0.085597 0.155757 0.093095 0.244404
3 14 0.938270
   1 -0.035019 0.065431 0.887580 1.293699
4 9 0.139570
   -1 -0.012659 0.082154 0.067961 0.176091
5 11 0.493680
   1 0.096010 -0.390957 0.956763 1.149426
9000 17 5 0.000000 0.000000 4.000000 4.000000
1 11 0.493680
   1 0.107002 0.109931 2.032962 2.097662
2 9 0.139570
   -1 0.070377 -0.026314 0.119239 0.198351
3 14 0.938270
   1 -0.484511 -0.184743 1.219532 1.623727
4 9 0.139570
   -1 0.019693 -0.055381 0.169779 0.227507
5 11 0.493680
   1 0.281214 0.215296 0.371846 0.712336
9000 18 5 0.000000 0.000000 4.000000 4.000000
1 11 0.493680
   1 0.177014 -0.126044 1.484050 1.579033
2 9 0.139570
   -1 0.013449 0.218801 0.265916 0.371815
3 14 0.938270
   1 0.185533 0.511738 1.497174 1.848832
4 9 0.139570
   -1 0.046886 0.003443 0.118321 0.188917
5 11 0.493680
   1 -0.482075 -0.357117 0.794301 1.111109
9000 19 5 0.000000 0.000000 4.000000 4.000000
1 11 0.493680
   1 0.191738 -0.128794 2.285977 2.350056
2 9 0.139570
   -1 0.021581 -0.064908 0.061752 0.167248
3 14 0.938270
   1 -0.365565 0.164303 0.822578 1.310579
4 9 0.139570
   -1 0.029173 0.070582 0.140364 0.212166
5 11 0.493680
   1 0.062080 -0.222263 0.559579 0.781091
9000 20 5 0.000000 0.000000 4.000000 4.000000
1 11 0.493680
   1 0.118985 -0.210677 2.573898 2.631960
2 9 0.139570
   -1 -0.038729 0.030301 0.251158 0.291510
3 14 0.938270
   1 0.002338 0.293901 0.989782 1.395135
4 9 0.139570
   -1 -0.004938 -0.019184 0.056367 0.151820
5 11 0.493680
   1 -0.107435 -0.000368 0.380917 0.632740
9000 21 5 0.000000 0.000000 4.000000 4.000000
1 11 0.493680
   1 -0.116739 0.012651 2.147353 2.206498
2 9 0.139570
   -1 -0.162402 -0.045270 0.123582 0.251349
3 14 0.938270
   1 -0.320812 0.090200 0.628211 1.177309
4 9 0.139570
   -1 -0.001056 -0.020854 0.192648 0.238808
5 11 0.493680
   1 0.414346 -0.036564 0.731366 0.975518
9000 22 5 0.000000 0.000000 4.000000 4.000000
1 11 0.493680
   1 -0.170675 -0.244060 1.449065 1.559553
2 9 0.139570
   -1 -0.029566 -0.065952 0.116136 0.195425
3 14 0.938270
   1 -0.032414 0.242641 1.854378 2.092605
4 9 0.139570
   -1 -0.075356 -0.014221 0.218172 0.270110
5 11 0.493680
   1 0.414137 0.060831 0.224138 0.684958
9000 23 5 0.000000 0.000000 4.000000 4.000000
1 11 0.493680
   1 0.096872 0.257323 1.689761 1.781743
2 9 0.139570
   -1 0.040938 -0.173620 0.488839 0.538760
3 14 0.938270
   1 -0.370882 -0.348191 1.272363 1.660737
4 9 0.139570
   -1 0.008979 -0.049287 0.306583 0.340562
5 11 0.493680
   1 0.223316 0.208924 0.243479 0.629700
9000 24 5 0.000000 0.000000 4.000000 4.000000
1 11 0.493680
   1 -0.011443 -0.429192 1.993124 2.097761
2 9 0.139570
   -1 -0.155892 0.087222 0.157660 0.276127
3 14 0.938270
   1 -0.149662 0.288531 1.448842 1.756457
4 9 0.139570
   -1 -0.056420 0.034413 0.096483 0.182088
5 11 0.493680
   1 0.308570 0.066656 0.402264 0.710771
9000 25 5 0.000000 0.000000 4.000000 4.000000
1 11 0.493680
   1 0.032739 -0.156939 1.243351 1.347347
2 9 0.139570
   -1 -0.019892 -0.055379 0.148398 0.212048
3 14 0.938270
   1 0.517848 0.244906 1.788806 2.099600
4 9 0.139570
   -1 0.040622 0.027969 0.111684 0.185434
5 11 0.493680
   1 -0.624050 -0.147494 0.795125 1.134521
9000 26 5 0.000000 0.000000 4.000000 4.000000
1 11 0.493680
   1 0.010835 0.190630 1.288037 1.392558
2 9 0.139570
   -1 -0.103535 -0.055935 0.367280 0.410149
3 14 0.938270
   1 -0.180779 0.263898 2.069041 2.294254
4 9 0.139570
   -1 -0.007056 0.041603 0.140356 0.202386
5 11 0.493680
   1 0.175189 -0.550665 0.414434 0.865678
9000 27 5 0.000000 0.000000 4.000000 4.000000
1 11 0.493680
   1 -0.022626 0.227287 2.286235 2.350055
2 9 0.139570
   -1 0.019484 -0.136295 0.089253 0.215411
3 14 0.938270
   1 0.200805 0.083755 0.753493 1.222882
4 9 0.139570
   -1 0.042570 -0.076909 0.185467 0.248204
5 11 0.493680
   1 -0.282866 -0.086524 0.494565 0.758824
9000 28 5 0.000000 0.000000 4.000000 4.000000
1 11 0.493680
   1 -0.043733 -0.040220 0.938536 1.062120
2 9 0.139570
   -1 -0.023123 0.101170 0.717291 0.738076
3 14 0.938270
   1 0.037593 0.481475 2.401060 2.622722
4 9 0.139570
   -1 0.046045 -0.004268 0.243651 0.284576
5 11 0.493680
   1 -0.120950 -0.390035 0.166986 0.662088
9000 29 5 0.000000 0.000000 4.000000 4.000000
1 11 0.493680
   1 -0.132327 0.285726 2.187652 2.264661
2 9 0.139570
   -1 -0.030422 -0.123405 0.077020 0.203878
3 14 0.938270
   1 -0.033749 -0.030806 1.135156 1.473437
4 9 0.139570
   -1 0.045959 -0.092174 0.213062 0.274742
5 11 0.493680
   1 0.032161 0.006799 0.146259 0.515938
9000 30 5 0.000000 0.000000 4.000000 4.000000
1 11 0.493680
   1 0.411550 -0.180295 1.641087 1.771657
2 9 0.139570
   -1 0.014034 0.031119 0.401057 0.426018
3 14 0.938270
   1 -0.224666 -0.168511 1.416024 1.721727
4 9 0.139570
   -1 -0.128617 0.020373 0.261559 0.323806
5 11 0.493680
   1 0.158552 0.277544 0.318148 0.668661
9000 31 5 0.000000 0.000000 4.000000 4.000000
1 11 0.493680
   1 -0.104319 -0.189955 1.777010 1.857000
2 9 0.139570
   -1 0.014184 0.147565 0.210035 0.292525
3 14 0.938270
   1 -0.004723 0.073184 1.315483 1.617475
4 9 0.139570
   -1 0.072855 0.049092 0.346743 0.383964
5 11 0.493680
   1 -0.097691 -0.016468 0.029833 0.504405
9000 32 5 0.000000 0.000000 4.000000 4.000000
1 11 0.493680
   1 -0.003348 0.125192 1.926804 1.992982
2 9 0.139570
   -1 0.059589 0.128978 0.044345 0.204040
3 14 0.938270
   1 0.109783 0.139824 0.739605 1.207878
4 9 0.139570
   -1 0.029897 -0.049105 0.042249 0.156748
5 11 0.493680
   1 -0.183966 -0.114736 1.265901 1.375948
9000 33 5 0.000000 0.000000 4.000000 4.000000
1 11 0.493680
   1 0.130005 0.090531 1.859507 1.930436
2 9 0.139570
   -1 -0.009177 -0.006418 0.008808 0.140295
3 14 0.938270
   1 0.423453 -0.059217 0.760840 1.281424
4 9 0.139570
   -1 0.000402 -0.036811 0.200455 0.247017
5 11 0.493680
   1 -0.519737 0.067748 0.876290 1.134161
9000 34 5 0.000000 0.000000 4.000000 4.000000
1 11 0.493680
   1 0.014602 -0.132446 1.205754 1.309701
2 9 0.139570
   -1 0.083644 -0.023037 0.065877 0.177050
3 14 0.938270
   1 0.505769 -0.282767 1.522871 1.880225
4 9 0.139570
   -1 -0.006212 -0.011228 0.275954 0.309507
5 11 0.493680
   1 -0.466811 0.427300 0.590217 0.996280
9000 35 5 0.000000 0.000000 4.000000 4.000000
1 11 0.493680
   1 0.293061 0.078681 1.718723 1.813782
2 9 0.139570
   -1 0.112970 -0.034345 0.334377 0.381090
3 14 0.938270
   1 0.146802 0.013388 1.105297 1.457313
4 9 0.139570
   -1 0.040481 0.017644 0.053755 0.155947
5 11 0.493680
   1 -0.543305 -0.141089 1.109429 1.337774
9000 36 5 0.000000 0.000000 4.000000 4.000000
1 11 0.493680
   1 0.021302 0.097757 1.876152 1.942595
2 9 0.139570
   -1 0.202534 -0.011127 0.228665 0.336023
3 14 0.938270
   1 0.318330 -0.117496 0.854868 1.313884
4 9 0.139570
   -1 0.033157 0.074764 0.106406 0.193626
5 11 0.493680
   1 -0.409541 -0.201699 1.031897 1.231640
9000 37 5 0.000000 0.000000 4.000000 4.000000
1 11 0.493680
   1 -0.109510 -0.610954 1.785435 1.953652
2 9 0.139570
   -1 0.103441 0.022000 0.041797 0.180030
3 14 0.938270
   1 0.085616 0.477091 0.886600 1.378896
4 9 0.139570
   -1 -0.029727 -0.014077 0.142415 0.202099
5 11 0.493680
   1 0.114939 0.208217 0.984580 1.126802
9000 38 5 0.000000 0.000000 4.000000 4.000000
1 11 0.493680
   1 0.058180 0.146183 1.746928 1.822150
2 9 0.139570
   -1 0.187950 -0.038538 0.328042 0.404847
3 14 0.938270
   1 0.364656 -0.124838 1.796614 2.063184
4 9 0.139570
   -1 0.011606 0.002874 0.118743 0.183637
5 11 0.493680
   1 -0.425139 -0.039867 0.271496 0.706939
9000 39 5 0.000000 0.000000 4.000000 4.000000
1 11 0.493680
   1 0.343482 -0.053671 1.868597 1.963730
2 9 0.139570
   -1 -0.182761 0.056474 0.311939 0.391633
3 14 0.938270
   1 -0.310281 -0.244555 0.843988 1.322402
4 9 0.139570
   -1 -0.083543 -0.016206 0.277013 0.321649
5 11 0.493680
   1 0.181098 0.325905 0.562909 0.836419
9000 40 5 0.000000 0.000000 4.000000 4.000000
1 11 0.493680
   1 -0.399343 -0.192860 1.623439 1.753837
2 9 0.139570
   -1 0.114743 -0.056209 0.349212 0.397183
3 14 0.938270
   1 0.028229 0.198807 1.877980 2.108905
4 9 0.139570
   -1 0.042454 -0.040204 0.192472 0.244835
5 11 0.493680
   1 0.255085 0.124652 0.133308 0.584891
9000 41 5 0.000000 0.000000 4.000000 4.000000
1 11 0.493680
   1 -0.079640 -0.113035 2.352203 2.407426
2 9 0.139570
   -1 0.176202 0.109383 0.118887 0.276813
3 14 0.938270
   1 0.286850 0.261408 0.948390 1.389392
4 9 0.139570
   -1 -0.012744 -0.010298 0.060190 0.152876
5 11 0.493680
   1 -0.152477 -0.102291 0.585266 0.787381
9000 42 5 0.000000 0.000000 4.000000 4.000000
1 11 0.493680
   1 -0.091960 -0.136028 2.087240 2.151105
2 9 0.139570
   -1 0.014748 0.065833 0.274507 0.315255
3 14 0.938270
   1 0.448634 -0.092546 0.778425 1.302357
4 9 0.139570
   -1 -0.019645 0.025038 0.086084 0.167042
5 11 0.493680
   1 -0.265262 0.150301 0.952708 1.115494
9000 43 5 0.000000 0.000000 4.000000 4.000000
1 11 0.493680
   1 0.042078 -0.150445 1.802952 1.875836
2 9 0.139570
   -1 -0.125009 -0.020042 0.317591 0.369287
3 14 0.938270
   1 -0.023329 0.253523 1.073948 1.448631
4 9 0.139570
   -1 -0.068136 0.096759 0.305541 0.356146
5 11 0.493680
   1 0.172356 -0.356933 0.343241 0.720168
9000 44 5 0.000000 0.000000 4.000000 4.000000
1 11 0.493680
   1 0.111544 -0.094432 2.191687 2.251348
2 9 0.139570
   -1 0.018960 0.085491 0.083780 0.184843
3 14 0.938270
   1 0.179125 -0.233731 1.314892 1.641952
4 9 0.139570
   -1 -0.036087 0.016758 0.120489 0.188628
5 11 0.493680
   1 -0.174295 0.262311 0.254936 0.638669
9000 45 5 0.000000 0.000000 4.000000 4.000000
1 11 0.493680
   1 -0.444239 -0.179860 1.376824 1.539175
2 9 0.139570
   -1 -0.029596 -0.034789 0.003710 0.146901
3 14 0.938270
   1 -0.163016 -0.282637 1.128285 1.503275
4 9 0.139570
   -1 0.054790 0.007028 0.206152 0.255009
5 11 0.493680
   1 0.438998 0.425930 0.961508 1.241915
9000 46 5 0.000000 0.000000 4.000000 4.000000
1 11 0.493680
   1 0.071898 -0.198255 2.175733 2.240984
2 9 0.139570
   -1 -0.021709 0.079057 0.335650 0.372642
3 14 0.938270
   1 -0.084355 -0.159612 0.939144 1.339752
4 9 0.139570
   -1 0.028224 0.017240 0.272029 0.307528
5 11 0.493680
   1 -0.074159 0.295272 0.207335 0.615949
9000 47 5 0.000000 0.000000 4.000000 4.000000
1 11 0.493680
   1 0.137201 -0.146582 2.288899 2.350126
2 9 0.139570
   -1 -0.032219 -0.066644 0.242743 0.289626
3 14 0.938270
   1 -0.088980 0.081273 0.861281 1.279327
4 9 0.139570
   -1 -0.078098 0.074964 0.095187 0.200647
5 11 0.493680
   1 0.165395 -0.140068 0.650453 0.844857
9000 48 5 0.000000 0.000000 4.000000 4.000000
1 11 0.493680
   1 0.187797 0.210834 1.135103 1.269605
2 9 0.139570
   -1 0.028687 0.007113 0.043817 0.149242
3 14 0.938270
   1 -0.465547 -0.609245 1.251771 1.742181
4 9 0.139570
   -1 0.016737 -0.038429 0.169933 0.223862
5 11 0.493680
   1 0.198108 0.467195 1.210915 1.402695
9000 49 5 0.000000 0.000000 4.000000 4.000000
1 11 0.493680
   1 -0.288001 -0.223855 1.893611 1.990612
2 9 0.139570
   -1 0.187836 -0.086219 0.168873 0.301187
3 14 0.938270
   1 0.151437 0.006399 0.815443 1.252307
4 9 0.139570
   -1 0.123609 -0.034228 0.159951 0.248022
5 11 0.493680
   1 -0.200206 0.314668 0.905898 1.097028
9000 50 5 0.000000 0.000000 4.000000 4.000000
1 11 0.493680
   1 0.081289 -0.314209 1.687740 1.788162
2 9 0.139570
   -1 0.120845 -0.011752 0.289727 0.343749
3 14 0.938270
   1 -0.074920 -0.364112 1.126416 1.512400
4 9 0.139570
   -1 0.016551 0.021986 0.092554 0.169715
5 11 0.493680
   1 -0.059093 0.588452 1.006859 1.267775
9000 51 5 0.000000 0.000000 4.000000 4.000000
1 11 0.493680
   1 0.134308 -0.189055 2.171589 2.239040
2 9 0.139570
   -1 0.097651 0.035789 0.208438 0.271556
3 14 0.938270
   1 -0.137108 0.156448 1.250429 1.577085
4 9 0.139570
   -1 0.002833 0.108269 0.148763 0.230955
5 11 0.493680
   1 -0.017711 -0.255542 0.277179 0.621421
9000 52 5 0.000000 0.000000 4.000000 4.000000
1 11 0.493680
   1 0.209228 0.269972 2.044496 2.130808
2 9 0.139570
   -1 -0.147522 -0.053654 0.171509 0.271177
3 14 0.938270
   1 0.026927 -0.277281 0.682319 1.193113
4 9 0.139570
   -1 0.017037 -0.066698 0.249555 0.294102
5 11 0.493680
   1 -0.283361 0.180820 0.600645 0.847044
9000 53 5 0.000000 0.000000 4.000000 4.000000
1 11 0.493680
   1 -0.041993 -0.052827 1.957553 2.019973
2 9 0.139570
   -1 -0.006823 0.223557 0.304780 0.402982
3 14 0.938270
   1 -0.121946 0.321616 1.559780 1.852450
4 9 0.139570
   -1 -0.000990 0.035330 0.091746 0.170723
5 11 0.493680
   1 0.158317 -0.347647 0.328143 0.705209
9000 54 5 0.000000 0.000000 4.000000 4.000000
1 11 0.493680
   1 -0.015305 -0.226227 1.652159 1.739185
2 9 0.139570
   -1 0.079403 -0.113255 0.502161 0.539237
3 14 0.938270
   1 -0.068530 -0.396511 1.449804 1.773190
4 9 0.139570
   -1 0.040811 0.022005 0.208095 0.254820
5 11 0.493680
   1 -0.037381 0.529950 0.417216 0.836680
9000 55 5 0.000000 0.000000 4.000000 4.000000
1 11 0.493680
   1 0.244564 0.216251 1.550103 1.659251
2 9 0.139570
   -1 -0.049325 0.052336 0.215102 0.266309
3 14 0.938270
   1 -0.492189 -0.069706 0.877921 1.377753
4 9 0.139570
   -1 -0.043005 -0.103469 0.148255 0.232410
5 11 0.493680
   1 0.322461 0.136087 1.238619 1.378549
9000 56 5 0.000000 0.000000 4.000000 4.000000
1 11 0.493680
   1 0.042112 -0.155716 1.313303 1.412269
2 9 0.139570
   -1 0.062884 -0.187747 0.435888 0.498679
3 14 0.938270
   1 -0.221181 -0.394018 1.065446 1.489865
4 9 0.139570
   -1 0.061921 -0.051618 0.182431 0.243433
5 11 0.493680
   1 -0.013473 0.672062 1.167316 1.434642
9000 57 5 0.000000 0.000000 4.000000 4.000000
1 11 0.493680
   1 -0.204379 0.081570 1.640926 1.727652
2 9 0.139570
   -1 -0.000172 -0.054366 0.448816 0.473151
3 14 0.938270
   1 -0.322108 -0.143722 1.351972 1.683030
4 9 0.139570
   -1 0.004916 -0.090637 0.155867 0.228065
5 11 0.493680
   1 0.487182 0.307736 0.671796 1.013448
9000 58 5 0.000000 0.000000 4.000000 4.000000
1 11 0.493680
   1 -0.358911 -0.062072 2.015824 2.107116
2 9 0.139570
   -1 0.065683 -0.001605 0.000638 0.154263
3 14 0.938270
   1 0.540796 0.258673 0.773270 1.355606
4 9 0.139570
   -1 0.011497 -0.001697 0.171151 0.221151
5 11 0.493680
   1 -0.169424 -0.170336 0.792226 0.963878
9000 59 5 0.000000 0.000000 4.000000 4.000000
1 11 0.493680
   1 -0.084276 0.372998 2.364178 2.445259
2 9 0.139570
   -1 0.124342 -0.163566 0.283824 0.377161
3 14 0.938270
   1 -0.115445 -0.167050 0.851384 1.283136
4 9 0.139570
   -1 0.078208 -0.046315 0.165481 0.234788
5 11 0.493680
   1 -0.032541 -0.084140 0.366236 0.621279
9000 60 5 0.000000 0.000000 4.000000 4.000000
1 11 0.493680
   1 0.172927 0.258418 2.423473 2.492714
2 9 0.139570
   -1 0.014332 0.085743 0.202444 0.260808
3 14 0.938270
   1 -0.171922 0.048549 0.493445 1.075059
4 9 0.139570
   -1 -0.002351 -0.028053 0.187852 0.235713
5 11 0.493680
   1 -0.010408 -0.224159 0.604595 0.812164
9000 61 5 0.000000 0.000000 4.000000 4.000000
1 11 0.493680
   1 -0.066937 -0.114111 1.928594 1.995169
2 9 0.139570
   -1 -0.059096 0.102830 0.199960 0.271165
3 14 0.938270
   1 -0.134297 -0.019675 1.621216 1.878062
4 9 0.139570
   -1 -0.036529 -0.045477 0.121362 0.193935
5 11 0.493680
   1 0.292897 0.260299 0.244378 0.676006
9000 62 5 0.000000 0.000000 4.000000 4.000000
1 11 0.493680
   1 -0.149189 -0.060443 1.813218 1.886104
2 9 0.139570
   -1 0.109480 -0.082431 0.051439 0.202254
3 14 0.938270
   1 0.024754 -0.452975 0.665605 1.236600
4 9 0.139570
   -1 0.003396 0.008699 0.165513 0.216706
5 11 0.493680
   1 0.116714 0.453632 1.102955 1.296007
9000 63 5 0.000000 0.000000 4.000000 4.000000
1 11 0.493680
   1 0.000996 0.038624 1.525689 1.604039
2 9 0.139570
   -1 0.015939 0.132459 0.571643 0.603370
3 14 0.938270
   1 -0.021220 0.185205 1.377555 1.677129
4 9 0.139570
   -1 0.080709 0.069832 0.334511 0.377846
5 11 0.493680
   1 -0.209909 -0.406641 0.260318 0.721737
9000 64 5 0.000000 0.000000 4.000000 4.000000
1 11 0.493680
   1 0.025596 -0.006022 2.621308 2.667520
2 9 0.139570
   -1 -0.085490 -0.039443 0.085206 0.188691
3 14 0.938270
   1 0.169612 -0.085931 0.642166 1.152771
4 9 0.139570
   -1 -0.046582 0.051114 0.115672 0.194016
5 11 0.493680
   1 -0.049321 -0.058358 0.477943 0.691367
9000 65 5 0.000000 0.000000 4.000000 4.000000
1 11 0.493680
   1 -0.033963 0.183048 1.277762 1.382409
2 9 0.139570
   -1 -0.033344 -0.095006 0.183530 0.251597
3 14 0.938270
   1 0.171064 0.086854 1.441644 1.730749
4 9 0.139570
   -1 0.112361 -0.021429 0.369616 0.411315
5 11 0.493680
   1 -0.446991 -0.202521 0.322127 0.767008
9000 66 5 0.000000 0.000000 4.000000 4.000000
1 11 0.493680
   1 0.176376 -0.182837 1.969004 2.045784
2 9 0.139570
   -1 0.097283 -0.017009 0.065665 0.183153
3 14 0.938270
   1 -0.012859 -0.231385 0.657748 1.169054
4 9 0.139570
   -1 -0.082122 0.020696 0.120010 0.202619
5 11 0.493680
   1 0.068323 0.337389 1.084572 1.240369
9000 67 5 0.000000 0.000000 4.000000 4.000000
1 11 0.493680
   1 -0.251844 0.066058 1.916577 1.996190
2 9 0.139570
   -1 -0.017841 -0.090893 0.020658 0.168779
3 14 0.938270
   1 -0.154389 -0.444740 0.907297 1.387505
4 9 0.139570
   -1 0.006642 0.011809 0.190614 0.236637
5 11 0.493680
   1 0.375508 0.310974 0.704397 0.988740
9000 68 5 0.000000 0.000000 4.000000 4.000000
1 11 0.493680
   1 0.059454 0.229205 2.327797 2.391324
2 9 0.139570
   -1 -0.038591 0.132583 0.133630 0.237496
3 14 0.938270
   1 0.099956 0.048943 0.730384 1.194235
4 9 0.139570
   -1 -0.071222 -0.020082 0.077333 0.175886
5 11 0.493680
   1 0.050103 -0.217395 0.782046 0.951360
9000 69 5 0.000000 0.000000 4.000000 4.000000
1 11 0.493680
   1 -0.200960 0.379502 2.081683 2.182093
2 9 0.139570
   -1 0.036499 -0.020091 0.348357 0.377582
3 14 0.938270
   1 0.270445 -0.255634 0.715443 1.237214
4 9 0.139570
   -1 0.064903 -0.055608 0.258047 0.305569
5 11 0.493680
   1 -0.228753 0.010535 0.538703 0.765741
9000 70 5 0.000000 0.000000 4.000000 4.000000
1 11 0.493680
   1 0.175493 -0.391855 2.189143 2.284823
2 9 0.139570
   -1 0.020308 0.115792 0.198511 0.269641
3 14 0.938270
   1 -0.036549 -0.101395 1.194999 1.523152
4 9 0.139570
   -1 -0.017878 0.039159 0.079359 0.166225
5 11 0.493680
   1 -0.092224 0.374496 0.501974 0.802776
9000 71 5 0.000000 0.000000 4.000000 4.000000
1 11 0.493680
   1 -0.015110 -0.411716 1.931837 2.036039
2 9 0.139570
   -1 0.092869 0.029840 0.303015 0.347582
3 14 0.938270
   1 -0.075644 0.255554 0.996283 1.394260
4 9 0.139570
   -1 0.005208 0.149307 0.212262 0.294711
5 11 0.493680
   1 0.070065 -0.247288 0.547838 0.780965
9000 72 5 0.000000 0.000000 4.000000 4.000000
1 11 0.493680
   1 0.197169 -0.328780 1.833334 1.936957
2 9 0.139570
   -1 0.020560 0.099541 0.112127 0.205872
3 14 0.938270
   1 -0.321386 0.184853 1.696319 1.973653
4 9 0.139570
   -1 0.041091 0.035259 0.190890 0.242591
5 11 0.493680
   1 -0.018073 0.059310 0.068819 0.502295
9000 73 5 0.000000 0.000000 4.000000 4.000000
1 11 0.493680
   1 0.061804 0.095602 2.380552 2.433867
2 9 0.139570
   -1 0.011412 0.147017 0.205393 0.288808
3 14 0.938270
   1 -0.307389 0.158723 0.660798 1.198618
4 9 0.139570
   -1 0.040749 -0.007012 0.130038 0.195190
5 11 0.493680
   1 0.105907 -0.221976 0.641905 0.846316
9000 74 5 0.000000 0.000000 4.000000 4.000000
1 11 0.493680
   1 0.105818 0.233902 2.350965 2.415919
2 9 0.139570
   -1 0.058179 0.126217 0.091156 0.217036
3 14 0.938270
   1 0.127869 0.114357 0.739843 1.207123
4 9 0.139570
   -1 -0.055585 -0.040372 0.093253 0.181371
5 11 0.493680
   1 -0.065818 -0.224764 0.697284 0.885875
9000 75 5 0.000000 0.000000 4.000000 4.000000
1 11 0.493680
   1 0.069274 0.100999 0.611598 0.795469
2 9 0.139570
   -1 0.000189 -0.095409 0.154266 0.228869
3 14 0.938270
   1 -0.219732 0.116439 2.057850 2.275289
4 9 0.139570
   -1 -0.120490 -0.039683 0.369831 0.415147
5 11 0.493680
   1 0.487043 -0.095668 0.377427 0.795321
9000 76 5 0.000000 0.000000 4.000000 4.000000
1 11 0.493680
   1 0.077557 -0.410019 1.712645 1.830575
2 9 0.139570
   -1 0.037745 0.011280 0.310399 0.342606
3 14 0.938270
   1 0.083922 0.365805 0.518973 1.136019
4 9 0.139570
   -1 0.024665 0.036431 0.198311 0.246460
5 11 0.493680
   1 -0.225127 -0.031276 1.244698 1.358180
9000 77 5 0.000000 0.000000 4.000000 4.000000
1 11 0.493680
   1 0.070441 0.045270 2.232629 2.288092
2 9 0.139570
   -1 -0.108243 0.098134 0.236707 0.311218
3 14 0.938270
   1 0.054704 0.250229 0.638568 1.163497
4 9 0.139570
   -1 -0.000770 0.029456 0.232770 0.273002
5 11 0.493680
   1 -0.118407 -0.357682 0.525681 0.813645
9000 78 5 0.000000 0.000000 4.000000 4.000000
1 11 0.493680
   1 -0.140452 -0.041715 1.279937 1.379647
2 9 0.139570
   -1 0.164682 0.091629 0.301945 0.382318
3 14 0.938270
   1 0.456908 -0.025301 1.002793 1.447532
4 9 0.139570
   -1 0.070891 -0.096221 0.237414 0.300215
5 11 0.493680
   1 -0.488450 0.341109 1.105226 1.349141
9000 79 5 0.000000 0.000000 4.000000 4.000000
1 11 0.493680
   1 0.238427 -0.179785 1.630926 1.729974
2 9 0.139570
   -1 0.050506 -0.040755 0.066427 0.167643
3 14 0.938270
   1 -0.314489 -0.041409 1.202320 1.557736
4 9 0.139570
   -1 -0.087073 -0.065168 0.111445 0.209113
5 11 0.493680
   1 0.298968 0.403010 0.943253 1.176965
9000 80 5 0.000000 0.000000 4.000000 4.000000
1 11 0.493680
   1 0.013859 -0.317554 1.857004 1.947618
2 9 0.139570
   -1 0.022176 0.010093 0.415855 0.439327
3 14 0.938270
   1 0.416491 0.158448 1.523597 1.843982
4 9 0.139570
   -1 0.011779 0.005481 0.095126 0.169404
5 11 0.493680
   1 -0.428017 0.157179 0.481465 0.826699
9000 81 5 0.000000 0.000000 4.000000 4.000000
1 11 0.493680
   1 0.506079 0.288513 1.718921 1.880895
2 9 0.139570
   -1 0.060516 -0.059197 0.248756 0.297533
3 14 0.938270
   1 -0.422077 -0.541180 1.252666 1.708961
4 9 0.139570
   -1 -0.046754 0.012918 0.123412 0.192518
5 11 0.493680
   1 0.015251 0.173403 0.777346 0.937170
9000 82 5 0.000000 0.000000 4.000000 4.000000
1 11 0.493680
   1 -0.321756 -0.010527 1.985681 2.071301
2 9 0.139570
   -1 -0.034452 -0.041214 0.228194 0.272833
3 14 0.938270
   1 -0.062836 0.176207 0.784333 1.237144
4 9 0.139570
   -1 0.080965 0.048707 0.093239 0.192616
5 11 0.493680
   1 0.151069 -0.288252 1.032761 1.190053
9000 83 5 0.000000 0.000000 4.000000 4.000000
1 11 0.493680
   1 0.091671 -0.134629 1.657395 1.737011
2 9 0.139570
   -1 0.162611 -0.084107 0.382281 0.446245
3 14 0.938270
   1 0.287118 -0.146681 1.696596 1.965386
4 9 0.139570
   -1 0.025530 0.060391 0.181531 0.238185
5 11 0.493680
   1 -0.429063 0.098526 0.261854 0.711400
9000 84 5 0.000000 0.000000 4.000000 4.000000
1 11 0.493680
   1 -0.027226 -0.116660 2.118903 2.178949
2 9 0.139570
   -1 0.169899 0.013067 0.146236 0.264388
3 14 0.938270
   1 0.374959 0.135194 1.190985 1.567695
4 9 0.139570
   -1 -0.019736 0.070432 0.139448 0.210418
5 11 0.493680
   1 -0.263601 -0.209023 0.381748 0.708962
9000 85 5 0.000000 0.000000 4.000000 4.000000
1 11 0.493680
   1 0.270884 -0.005156 1.402338 1.511184
2 9 0.139570
   -1 0.027625 0.143266 0.279728 0.344987
3 14 0.938270
   1 -0.173881 0.187625 0.538013 1.111416
4 9 0.139570
   -1 0.027053 0.076169 0.178199 0.240351
5 11 0.493680
   1 -0.187718 -0.382010 1.600992 1.728602
9000 86 5 0.000000 0.000000 4.000000 4.000000
1 11 0.493680
   1 -0.054586 -0.227294 1.867796 1.946028
2 9 0.139570
   -1 -0.108905 0.076944 0.144696 0.241241
3 14 0.938270
   1 0.098586 0.242040 1.827043 2.070444
4 9 0.139570
   -1 -0.013226 0.042974 0.124570 0.192404
5 11 0.493680
   1 0.000701 -0.121069 0.074845 0.513790
9000 87 5 0.000000 0.000000 4.000000 4.000000
1 11 0.493680
   1 0.007652 0.215377 1.512988 1.606019
2 9 0.139570
   -1 -0.102922 -0.151351 0.171471 0.287023
3 14 0.938270
   1 -0.172117 -0.385764 0.589989 1.186118
4 9 0.139570
   -1 0.038744 0.012668 0.097360 0.174987
5 11 0.493680
   1 0.041128 0.104338 1.666911 1.742093
9000 88 5 0.000000 0.000000 4.000000 4.000000
1 11 0.493680
   1 0.166639 0.163046 2.034816 2.106786
2 9 0.139570
   -1 -0.130032 -0.013375 0.142174 0.238287
3 14 0.938270
   1 -0.061179 -0.051525 1.025634 1.392363
4 9 0.139570
   -1 -0.020859 0.049451 0.306120 0.340690
5 11 0.493680
   1 -0.050898 -0.255953 0.148620 0.577850
9000 89 5 0.000000 0.000000 4.000000 4.000000
1 11 0.493680
   1 0.317745 0.022103 1.997781 2.082378
2 9 0.139570
   -1 0.034795 0.029063 -0.018324 0.147888
3 14 0.938270
   1 -0.235576 0.146843 0.904671 1.332606
4 9 0.139570
   -1 0.000320 0.028473 0.031723 0.145935
5 11 0.493680
   1 -0.101643 -0.238071 1.078941 1.214431
9000 90 5 0.000000 0.000000 4.000000 4.000000
1 11 0.493680
   1 -0.362389 0.133455 2.012487 2.107833
2 9 0.139570
   -1 0.178334 -0.025233 0.223733 0.319337
3 14 0.938270
   1 0.340928 -0.065642 1.106982 1.492079
4 9 0.139570
   -1 0.090830 -0.099507 0.153568 0.247416
5 11 0.493680
   1 -0.196120 0.201261 0.565585 0.801608
9000 91 5 0.000000 0.000000 4.000000 4.000000
1 11 0.493680
   1 0.255071 0.059141 2.081531 2.155237
2 9 0.139570
   -1 -0.070798 0.019370 0.299716 0.338670
3 14 0.938270
   1 0.049309 0.165693 1.212190 1.542608
4 9 0.139570
   -1 -0.010972 0.057921 0.073405 0.168355
5 11 0.493680
   1 -0.269203 -0.371666 0.611644 0.910183
9000 92 5 0.000000 0.000000 4.000000 4.000000
1 11 0.493680
   1 0.046717 0.093962 2.084296 2.144533
2 9 0.139570
   -1 -0.092446 -0.083145 0.413789 0.454049
3 14 0.938270
   1 -0.214917 -0.410426 0.894760 1.376803
4 9 0.139570
   -1 0.011509 -0.021316 0.236498 0.275678
5 11 0.493680
   1 0.118596 0.344411 0.421577 0.744400
9000 93 5 0.000000 0.000000 4.000000 4.000000
1 11 0.493680
   1 -0.252084 0.004895 1.542042 1.638653
2 9 0.139570
   -1 -0.058781 0.005915 0.030122 0.154523
3 14 0.938270
   1 0.337855 -0.377532 0.880209 1.382677
4 9 0.139570
   -1 0.043140 0.030260 0.075157 0.167048
5 11 0.493680
   1 -0.182957 0.258049 1.430459 1.545961
9000 94 5 0.000000 0.000000 4.000000 4.000000
1 11 0.493680
   1 0.127087 0.595370 1.423562 1.625074
2 9 0.139570
   -1 0.091005 -0.028049 0.080706 0.187248
3 14 0.938270
   1 -0.116465 -0.125908 1.057837 1.424355
4 9 0.139570
   -1 0.043893 0.023369 0.272890 0.310518
5 11 0.493680
   1 -0.144270 -0.545432 0.821953 1.112491
9000 95 5 0.000000 0.000000 4.000000 4.000000
1 11 0.493680
   1 0.050251 0.326089 1.863654 1.955962
2 9 0.139570
   -1 -0.107060 -0.080190 0.273582 0.334991
3 14 0.938270
   1 0.097185 -0.410016 0.661839 1.223086
4 9 0.139570
   -1 -0.063596 -0.076507 0.188514 0.254785
5 11 0.493680
   1 0.039747 0.263710 1.001494 1.147969
9000 96 5 0.000000 0.000000 4.000000 4.000000
1 11 0.493680
   1 0.178363 0.180840 1.731168 1.818015
2 9 0.139570
   -1 -0.043662 -0.082719 0.074532 0.183803
3 14 0.938270
   1 -0.354632 0.002460 1.212644 1.573730
4 9 0.139570
   -1 -0.084221 0.044309 0.090932 0.191846
5 11 0.493680
   1 0.382833 -0.307742 0.904226 1.141320
9000 97 5 0.000000 0.000000 4.000000 4.000000
1 11 0.493680
   1 0.136881 0.093089 2.319144 2.376878
2 9 0.139570
   -1 0.013605 0.166524 0.159464 0.269859
3 14 0.938270
   1 -0.105387 0.334165 0.781325 1.270272
4 9 0.139570
   -1 0.026176 -0.036256 0.116178 0.187021
5 11 0.493680
   1 -0.114039 -0.297718 0.634070 0.864526
9000 98 5 0.000000 0.000000 4.000000 4.000000
1 11 0.493680
   1 -0.123065 -0.100875 1.286865 1.387466
2 9 0.139570
   -1 0.133670 -0.056495 0.279235 0.344255
3 14 0.938270
   1 0.506124 0.109028 0.863582 1.376289
4 9 0.139570
   -1 0.074401 0.074318 0.262879 0.315664
5 11 0.493680
   1 -0.545188 -0.206130 1.192690 1.416315
9000 99 5 0.000000 0.000000 4.000000 4.000000
1 11 0.493680
   1 0.147394 0.113774 1.288953 1.392763
2 9 0.139570
   -1 -0.051264 -0.023722 0.520330 0.541677
3 14 0.938270
   1 0.328102 -0.503302 1.820909 2.134719
4 9 0.139570
   -1 -0.024548 -0.013889 0.192572 0.239498
5 11 0.493680
   1 -0.382449 0.394390 0.465019 0.872796
9000 100 5 0.000000 0.000000 4.000000 4.000000
1 11 0.493680
   1 -0.029866 -0.354824 2.206097 2.288532
2 9 0.139570
   -1 -0.067695 0.015585 0.005955 0.156015
3 14 0.938270
   1 -0.084973 -0.082753 0.797850 1.237329
4 9 0.139570
   -1 -0.053338 0.073639 0.182351 0.246980
5 11 0.493680
   1 0.259489 0.222243 0.541168 0.808275
