0 0 0 0
0 0 0 0
0 0 0 0
0 0 0 0
0 0 0 0
0 0 0 0
0 0 0 0
0 0 0 0
0 0 0 0
0.317003 2257.98 0 494.701
0.401878 9919.28 0 1026.34
0.530895 11253.3 0 1030.95
0.669644 10447.9 0 894.531
0.79947 10335.3 0 819.911
0.927036 10334.1 0 737.177
-0.91279 6719.97 0 846.974
-0.805925 9285.94 0 1183.26
-0.665958 11524.5 0 1431.69
-0.535876 10479.1 0 1414.85
-0.406529 11217.1 0 1460.86
-0.269344 10586.8 0 1496.39
-0.120315 10783.8 0 1554.55
-0.00609508 9888.06 0 1418.51
0.133265 8572.37 0 1318.98
0.264886 12360.9 0 1595.42
0.402425 10377 0 1430.84
0.531523 11045.3 0 1457.17
0.668235 12321.5 0 1558.85
0.800468 11126.6 0 1318.24
0.907659 7857.36 0 924.774
0 0 0 0
0 0 0 0
-0.651677 7923.78 0 1128.86
-0.54098 10801.6 0 1168.37
-0.396358 11427.5 0 1030.46
-0.263249 9882.94 0 876.954
-0.13851 10201.2 0 870.169
-0.00211666 10147.4 0 843.778
0.136 11466.5 0 932.456
0.266151 11542.7 0 1109.3
0.348147 3676.92 0 788.218
0 0 0 0
0 0 0 0
0 0 0 0
0 0 0 0
0 0 0 0
0 0 0 0
0 0 0 0
0 0 0 0
0 0 0 0
0 0 0 0
0 0 0 0
0 0 0 0
0.155487 6515.41 0 841.536
0.267 10792.6 0 1046.25
0.400414 10594.2 0 961.745
0.52995 9961.49 0 888.281
0.657489 9745.85 0 826.536
0.801401 9735.79 0 794.327
0.930855 9955.16 0 778.747
-0.910209 6705.77 0 871.44
-0.792733 10873.4 0 1243.43
-0.66821 10043.1 0 1197.14
-0.540325 10616.4 0 1321.29
-0.401807 11161.4 0 1335.41
-0.267472 9691.72 0 1299.47
-0.131676 10572.7 0 1341.85
0.00196534 9539.87 0 1297.4
0.134114 9410.11 0 1245.42
0.260184 7587.53 0 1120.6
0.39921 9581.99 0 1268.58
0.538169 9772.44 0 1229.49
0.670254 9604.34 0 1208.6
0.798735 9993.81 0 1180.86
0.905802 7621.01 0 993.019
-0.916841 8293.61 0 1105.35
-0.803572 9994.09 0 1041.57
-0.669155 10227.2 0 964.404
-0.531133 9251.04 0 880.412
-0.399407 10709 0 900.584
-0.258639 8684.14 0 784.558
-0.130372 11033.3 0 905.535
-0.000880073 9846.79 0 925.703
0.130297 8412.26 0 987.15
0.245749 9644.93 0 1467.37
0 0 0 0
0 0 0 0
0 0 0 0
0 0 0 0
0 0 0 0
0 0 0 0
0 0 0 0
0 0 0 0
0 0 0 0
0 0 0 0
0 0 0 0
0 0 0 0
0 0 0 0
0 0 0 0
0.286265 6990.25 0 872.246
0.403352 12162.7 0 1114.71
0.539434 8893.94 0 839.988
0.664906 10397.5 0 888.856
0.802743 9913.59 0 806.432
0.928432 9921.93 0 762.9
-0.910089 7027.63 0 881.769
-0.799502 9914.21 0 1187.06
-0.66876 9719.17 0 1253.99
-0.532561 9991.13 0 1362.53
-0.394441 10078.9 0 1395.64
-0.27349 10231.1 0 1401.35
-0.13944 9742.71 0 1462.02
0.000551813 10247.1 0 1381.49
0.130448 9939.84 0 1392.5
0.270801 10674.1 0 1453.57
0.400261 10112.1 0 1326.2
0.533258 12979.2 0 1556.3
0.666346 10169.5 0 1274.8
0.810922 9558.96 0 1161.14
0.908121 5381.74 0 747.871
0 0 0 0
-0.79057 7625.3 0 1117.52
-0.665793 11282.7 0 1200.35
-0.532798 10023.5 0 1053.05
-0.397608 9427.98 0 933.873
-0.268878 10620.3 0 948.364
-0.130463 11066.7 0 939.807
-0.00131988 9929.28 0 885.172
0.134542 9887.55 0 900.744
0.264245 8758.15 0 950.33
0.348129 3175.9 0 682.004
0 0 0 0
0 0 0 0
0 0 0 0
0 0 0 0
0 0 0 0
0 0 0 0
0 0 0 0
0 0 0 0
0 0 0 0
0 0 0 0
-0.0806082 1999.52 0 486.973
0.00442079 7459.59 0 910.628
0.135646 7699.15 0 821.045
0.2659 9304.58 0 874.28
0.403211 7888.16 0 768.049
0.533978 8592.88 0 763.224
0.668311 8513.11 0 752.556
0.804498 8377.64 0 755.535
0.933817 7771.39 0 719.35
-0.910294 3628.09 0 595.382
-0.799649 7550.99 0 933.921
-0.671817 9499.33 0 1116.4
-0.532513 8751.73 0 1074.16
-0.400413 8920.13 0 1122.4
-0.264991 7879.6 0 1061.99
-0.135326 9705.06 0 1195.48
-0.00466678 8970.84 0 1111.78
0.132995 7807.36 0 1043.33
0.261582 6846.55 0 968.649
0.401853 9953.85 0 1181.62
0.534727 8206.62 0 1050.18
0.671122 7166.31 0 949.359
0.799244 8610.26 0 995.838
0.911709 4081.09 0 634.352
-0.917484 5869.34 0 653.342
-0.800574 9058.91 0 806.464
-0.666805 8183.06 0 738.991
-0.5364 10276 0 823.479
-0.396235 7376.31 0 690.174
-0.260296 6848.32 0 685.716
-0.13059 7564.42 0 768.248
0.000229622 7788.27 0 834.381
0.129539 7439.07 0 974.444
0.216868 2363.65 0 633.751
0 0 0 0
0 0 0 0
0 0 0 0
0 0 0 0
0 0 0 0
