0 0 0 0
0 0 0 0
0 0 0 0
0 0 0 0
0 0 0 0
0 0 0 0
0 0 0 0
0 0 0 0
0 0 0 0
0.317058 1399.02 0 422.095
0.400311 6826.26 0 862.73
0.531757 7733.28 0 837.381
0.671958 7350.59 0 728.706
0.798291 7029.48 0 648.953
0.926879 7380.44 0 583.84
-0.908775 4174.16 0 637.354
-0.804768 6622.44 0 970.052
-0.66468 7659.35 0 1099.8
-0.52666 6791.12 0 1071.95
-0.409253 7486.22 0 1182.27
-0.272302 7725.03 0 1234.18
-0.121331 6408.17 0 1126.08
-0.0121522 6191.86 0 1103.38
0.129181 6923.19 0 1181.3
0.269625 8920.98 0 1316.04
0.398163 6759.41 0 1093.33
0.5285 7745.6 0 1167.97
0.670045 8539 0 1203.05
0.797552 7578.37 0 1048.71
0.911152 5738.26 0 741.851
0 0 0 0
0 0 0 0
-0.648109 5376.93 0 912.418
-0.530246 6799.32 0 888.375
-0.401239 8457.3 0 894.605
-0.263908 6773.64 0 736.425
-0.137144 6975.37 0 709.625
-0.0038848 6808.32 0 681.962
0.134611 7859.66 0 764.667
0.263939 8384.37 0 922.069
0.348092 2734.46 0 684.139
0 0 0 0
0 0 0 0
0 0 0 0
0 0 0 0
0 0 0 0
0 0 0 0
0 0 0 0
0 0 0 0
0 0 0 0
0 0 0 0
0 0 0 0
0 0 0 0
0.156429 4252.54 0 752.335
0.267022 8231.46 0 939.747
0.399938 8080.88 0 858.487
0.528167 6488.68 0 718.189
0.660268 7558.9 0 730.235
0.798128 7061.41 0 673.997
0.928529 7034.81 0 608.614
-0.908203 5026.72 0 735.476
-0.790213 7171.22 0 978.961
-0.663419 7163.86 0 1034.28
-0.537998 8191.63 0 1147.53
-0.400185 8072.23 0 1141.21
-0.26774 6761.15 0 1104.92
-0.130101 7977.42 0 1186.76
0.00125775 6646.54 0 1085.41
0.135629 7455.59 0 1120.89
0.262401 6680.74 0 1064.11
0.403758 5851.77 0 996.266
0.539411 6802.37 0 1011.5
0.667627 6902.71 0 1017.28
0.798117 7019.39 0 958.943
0.90551 5488.6 0 794.898
-0.917613 6693.05 0 1125.25
-0.805484 7501.05 0 930.809
-0.670508 7394.56 0 846.71
-0.530377 7592.57 0 812.218
-0.399654 7063.93 0 734.48
-0.259288 6036.38 0 667.804
-0.12866 7723.62 0 766.259
-0.000151423 6790.61 0 755.815
0.127242 6054.89 0 817.639
0.252826 6748.42 0 1159.43
0 0 0 0
0 0 0 0
0 0 0 0
0 0 0 0
0 0 0 0
0 0 0 0
0 0 0 0
0 0 0 0
0 0 0 0
0 0 0 0
0 0 0 0
0 0 0 0
0 0 0 0
0 0 0 0
0.285514 4321.59 0 667.987
0.399417 6092.76 0 735.536
0.528953 5105.01 0 616.364
0.660067 5968.13 0 608.797
0.801973 5291.36 0 521.576
0.929677 5850.42 0 490.599
-0.915146 3867.45 0 559.955
-0.798603 5719.5 0 830.029
-0.666891 5914.49 0 883.083
-0.542398 5288.25 0 877.619
-0.395308 6394.19 0 985.481
-0.264313 4968.49 0 884.863
-0.126138 5669.55 0 980.796
-0.00709709 6573.84 0 1037.33
0.141574 4953.83 0 883.187
0.260541 5584.63 0 925.872
0.40386 5824.12 0 942.316
0.538895 6730.04 0 973.087
0.6604 5694.47 0 869.058
0.800881 6837.5 0 906.379
0.903547 3443.09 0 550.807
0 0 0 0
-0.783478 4365.91 0 830.809
-0.678229 6275.71 0 867.345
-0.537605 6470.04 0 788.477
-0.386036 5193.25 0 636.203
-0.266521 5726.48 0 630.227
-0.133869 6403.55 0 658.812
-0.000821775 6070 0 641.374
0.140694 6567.47 0 682.514
0.268707 5402.04 0 704.663
0.350106 1575.08 0 475.28
0 0 0 0
0 0 0 0
0 0 0 0
0 0 0 0
0 0 0 0
0 0 0 0
0 0 0 0
0 0 0 0
0 0 0 0
0 0 0 0
-0.0830789 1083.7 0 361.378
0.00291216 4244.78 0 672.3
0.135284 5717.36 0 699.992
0.268264 5163.06 0 613.925
0.400922 5373.69 0 594.832
0.534516 5435.75 0 571.516
0.662538 4579.79 0 510.647
0.804259 5047.24 0 518.474
0.932534 4929.01 0 474.89
-0.912838 2752.5 0 469.702
-0.797891 5767.42 0 748.415
-0.670765 5988.35 0 809.838
-0.539723 4750.15 0 738.799
-0.403848 6102.44 0 863.174
-0.266736 4521.81 0 748.012
-0.138368 5637.09 0 847.779
0.0109324 5204.58 0 808.88
0.133411 3329.08 0 643.627
0.259853 2973.49 0 597.629
0.399786 6077.93 0 859.197
0.532964 5039.88 0 766.441
0.668827 4072.63 0 674.826
0.799551 6417.93 0 802.871
0.907683 3155.1 0 510.61
-0.916141 3836.3 0 559.192
-0.80172 4633.92 0 574.528
-0.664947 5021.9 0 567.754
-0.539167 5027.33 0 550.629
-0.400596 5553.22 0 574.458
-0.25571 4457.66 0 519.128
-0.131952 6048.1 0 625.398
-0.00554488 4871.37 0 605.391
0.1327 4557.21 0 673.179
0.217717 1465.19 0 423.2
0 0 0 0
0 0 0 0
0 0 0 0
0 0 0 0
0 0 0 0
0 0 0 0
0 0 0 0
0 0 0 0
0 0 0 0
0 0 0 0
0 0 0 0
0 0 0 0
0 0 0 0
0.146018 5287.03 0 837.266
0.269385 6651.78 0 846.569
0.403837 7980.83 0 858.136
0.538876 7181.44 0 772.596
0.666931 6870.02 0 719.296
0.801811 7377.12 0 683.467
0.928829 6937.46 0 603.594
-0.910546 4975.08 0 688.642
-0.802211 7277.12 0 979.798
-0.6702 7096.28 0 1037.76
-0.531399 6755.61 0 1041.96
-0.391676 6205.92 0 1016.04
-0.276351 6937.98 0 1106.8
-0.136521 6211.43 0 1074.42
0.00718535 7271.38 0 1147.02
0.129343 6557.7 0 1088.4
0.273318 7972.32 0 1215.22
0.397183 7579.65 0 1143.02
0.531915 8792.42 0 1224.61
0.670242 7121.94 0 1042.2
0.81357 5880.62 0 852.148
0.908233 3802.84 0 608.715
-0.931892 5207.57 0 1030.27
-0.812868 7197.11 0 1007.19
-0.662839 7864.1 0 952.724
-0.534793 5880.02 0 781.955
-0.400325 7250.48 0 824.529
-0.267121 7748.59 0 815.139
-0.13109 7508.63 0 785.292
0.000487173 7151.23 0 764.565
0.131536 7047.14 0 795.058
0.260786 6200.85 0 830.877
0.379396 6139.09 0 1123.82
0 0 0 0
0 0 0 0
0 0 0 0
0 0 0 0
0 0 0 0
0 0 0 0
0 0 0 0
0 0 0 0
0 0 0 0
-0.214782 1242.05 0 414.206
-0.129731 4693.92 0 734.306
0.00182452 4267.27 0 630.056
0.137665 4667.69 0 613.896
0.261567 6085.92 0 673.642
0.404934 4631.09 0 558.703
0.532586 5876.41 0 608.244
0.667838 5761.2 0 587.62
0.807403 5263.1 0 552.216
0.938139 4917.15 0 511.258
-0.90751 2069.68 0 417.326
-0.802185 4350.86 0 642.223
-0.672163 6041.73 0 804.793
-0.529395 5726.09 0 802.61
-0.399003 5516.22 0 804.522
-0.264611 5800.59 0 854.307
-0.132662 6492.81 0 910.453
-0.009265 6195.26 0 876.126
0.131713 6034.72 0 862.056
0.259167 4403.3 0 729.421
0.401129 6690.31 0 897.067
0.533605 4896.74 0 736.963
0.673804 5537.49 0 777.955
0.802298 4828.58 0 678.482
0.911812 2215.55 0 430.218
-0.916254 3995.36 0 489.508
-0.799681 6639.99 0 640.485
-0.668021 5865.73 0 602.427
-0.533646 6659.99 0 635.166
-0.395153 4786.88 0 540.035
-0.263926 4820.87 0 554.239
-0.130549 4179.05 0 544.976
0.000999514 4996.93 0 641.161
0.136112 3876.44 0 656.423
0.209854 835.867 0 341.35
0 0 0 0
0 0 0 0
0 0 0 0
0 0 0 0
0 0 0 0
