0 0 0 0
0 0 0 0
0 0 0 0
0 0 0 0
0 0 0 0
0 0 0 0
0 0 0 0
0 0 0 0
0 0 0 0
0.316835 231070 0 6118.56
0.3997 947623 0 14789.3
0.533103 947613 0 14005.5
0.666891 955134 0 13842.7
0.800206 940430 0 13132.2
0.933412 962210 0 17331.4
-0.907924 588653 0 17318.9
-0.799832 972852 0 28667.5
-0.667109 970797 0 28371.6
-0.532972 956556 0 26672.6
-0.399574 928264 0 26459.4
-0.267145 970875 0 27061.6
-0.133543 951455 0 27343.4
-0.000398637 951630 0 26910.5
0.133009 969889 0 28171.4
0.268031 963605 0 27096.6
0.400545 939847 0 26593.8
0.532745 939530 0 25998.2
0.667207 953644 0 28060.6
0.800007 962292 0 28351.3
0.908552 581318 0 16764.7
0 0 0 0
0 0 0 0
-0.650911 733988 0 16410.9
-0.533159 948887 0 16172.2
-0.399889 947829 0 13599.1
-0.26733 975094 0 12310.6
-0.134015 957662 0 11169.5
-0.000450318 962577 0 10714.9
0.133342 967992 0 11067.2
0.26689 960843 0 13179.3
0.350086 242891 0 6900.16
0 0 0 0
0 0 0 0
0 0 0 0
0 0 0 0
0 0 0 0
0 0 0 0
0 0 0 0
0 0 0 0
0 0 0 0
0 0 0 0
0 0 0 0
0 0 0 0
0.15018 735249 0 12502.3
0.266006 992201 0 14050.7
0.39989 968174 0 12833.3
0.533892 964516 0 12239.3
0.667228 974440 0 12542.7
0.800153 952112 0 13642.1
0.933153 969011 0 18822.9
-0.908184 586952 0 18645.5
-0.800628 959365 0 27622.6
-0.666741 979722 0 27599.5
-0.534264 969877 0 26323.7
-0.399314 1.00025e+06 0 27404.6
-0.267716 967227 0 25897.5
-0.13207 971829 0 26625.7
-0.000994004 978316 0 26251.8
0.133241 981482 0 26989.3
0.26701 987256 0 26442
0.400706 961543 0 26215
0.532112 975796 0 26129.8
0.667806 984695 0 27519.1
0.800412 952344 0 27434.6
0.908554 610578 0 19798.7
-0.91712 755543 0 25286
-0.800257 1.00054e+06 0 23158.7
-0.667568 989874 0 17129.5
-0.533062 958014 0 14390.2
-0.400793 956620 0 13062.3
-0.267067 961052 0 12242.1
-0.132925 978082 0 12094.4
0.000410887 963631 0 12424.1
0.132951 973212 0 14381.3
0.249424 746008 0 15390.6
0 0 0 0
0 0 0 0
0 0 0 0
0 0 0 0
0 0 0 0
0 0 0 0
0 0 0 0
0 0 0 0
0 0 0 0
0 0 0 0
0 0 0 0
0 0 0 0
0 0 0 0
0 0 0 0
0.283485 665947 0 10975.8
0.399911 878533 0 12409.5
0.532808 880644 0 11972.4
0.666529 891911 0 12093.3
0.799824 892138 0 12110.1
0.932895 879835 0 16073.6
-0.908519 553643 0 16289.4
-0.799596 882230 0 25898.1
-0.667066 869075 0 25174.9
-0.533934 873214 0 23870.1
-0.400479 881488 0 24650.2
-0.265958 903203 0 24998.8
-0.134469 871290 0 24710.7
-0.000510262 855337 0 23607
0.132621 897886 0 25252.2
0.266089 895116 0 24566.4
0.400152 875761 0 24426.1
0.533765 880028 0 23971.3
0.667229 884138 0 25273.4
0.799833 891060 0 25771.3
0.908665 548376 0 16424.4
0 0 0 0
-0.783637 655403 0 18458.2
-0.667065 889676 0 18179.3
-0.533911 886089 0 14894
-0.399494 876249 0 12887.7
-0.266461 865300 0 11561.4
-0.133432 888929 0 11022.6
0.00123679 893423 0 10680.1
0.133643 886772 0 10920.9
0.266851 902703 0 12833.3
0.350337 245481 0 6565.63
0 0 0 0
0 0 0 0
0 0 0 0
0 0 0 0
0 0 0 0
0 0 0 0
0 0 0 0
0 0 0 0
0 0 0 0
0 0 0 0
-0.0829963 185477 0 5803.51
-0.000394786 710834 0 13097.5
0.134048 695969 0 11609.7
0.265996 706808 0 11042
0.400622 701961 0 10651.9
0.533877 698222 0 10582.3
0.66649 681310 0 10933.4
0.799868 699508 0 12666.3
0.933916 690107 0 16225.4
-0.907633 437678 0 14433.8
-0.800183 700034 0 20545.6
-0.667578 703795 0 19873.9
-0.533027 704375 0 18960.4
-0.400575 699447 0 19078
-0.267172 686016 0 18383.5
-0.132865 709580 0 19368.9
0.000397267 708166 0 18860.4
0.133485 698786 0 19121
0.266114 706520 0 18860.8
0.399595 686289 0 18813
0.533608 715275 0 19298.1
0.66788 694267 0 19702.5
0.799926 697729 0 20356.4
0.907808 428003 0 14159.8
-0.916737 536274 0 14542.5
-0.799965 717285 0 15049.7
-0.666551 708228 0 12159
-0.533103 701097 0 10783.1
-0.400206 687438 0 9846.43
-0.267335 700980 0 9491.43
-0.133377 710915 0 9575.64
0.00026947 683422 0 9913.82
0.133614 681785 0 11515.1
0.216571 166525 0 5388.06
0 0 0 0
0 0 0 0
0 0 0 0
0 0 0 0
0 0 0 0
0 0 0 0
0 0 0 0
0 0 0 0
0 0 0 0
0 0 0 0
0 0 0 0
0 0 0 0
0 0 0 0
0.150471 761696 0 12278.9
0.266782 995757 0 13777.2
0.400022 996976 0 13051.3
0.533537 1.01668e+06 0 13029.2
0.666841 1.03032e+06 0 13344.7
0.800027 1.01314e+06 0 13386.1
0.933452 1.02146e+06 0 19132.5
-0.908499 642817 0 18971.5
-0.800099 1.02724e+06 0 29311.4
-0.666946 1.00367e+06 0 28395.9
-0.533047 1.00849e+06 0 27050.4
-0.398607 1.00981e+06 0 27648.8
-0.266652 1.01392e+06 0 27335.3
-0.134398 1.01354e+06 0 28016.4
0.000170416 1.00678e+06 0 27015.9
0.133668 997058 0 27386.6
0.26628 997256 0 26616.6
0.400933 1.01484e+06 0 27622.2
0.533144 1.01592e+06 0 27344.4
0.666574 1.03671e+06 0 28989.3
0.800255 997076 0 28199
0.908784 641538 0 19039
-0.916089 736617 0 23590.4
-0.800149 1.00341e+06 0 24000.6
-0.666944 996619 0 18494.2
-0.533456 1.01187e+06 0 16043.7
-0.39972 1.00352e+06 0 14319.3
-0.265796 1.00044e+06 0 13146.4
-0.132595 1.04259e+06 0 12842
0.000509165 1.03694e+06 0 12482.9
0.133198 1.02996e+06 0 12781.2
0.26697 1.06603e+06 0 14895.3
0.383566 862282 0 16704
0 0 0 0
0 0 0 0
0 0 0 0
0 0 0 0
0 0 0 0
0 0 0 0
0 0 0 0
0 0 0 0
0 0 0 0
-0.217005 155733 0 5303.19
-0.133675 628165 0 11541.3
-0.000365961 614426 0 9935.56
0.133336 619546 0 9237.45
0.267635 621752 0 8938.4
0.400199 630464 0 8998.82
0.533507 609803 0 8897.92
0.666636 598285 0 9310.72
0.800691 620627 0 10726.8
0.932617 605378 0 14372.1
-0.908118 371668 0 12233
-0.800343 609345 0 17907.3
-0.666724 621416 0 17625.2
-0.532854 626004 0 16897.8
-0.399296 614122 0 16820.5
-0.266355 629970 0 16934.9
-0.133206 614599 0 16870.4
-0.000852805 625566 0 16543.7
0.133916 616297 0 16706.7
0.266604 630114 0 16779.2
0.400404 618680 0 16980.8
0.533733 619183 0 16867.3
0.666429 624742 0 17729.7
0.800074 604879 0 17666.7
0.90792 382982 0 12784.1
-0.916346 482635 0 11633.9
-0.800206 628874 0 12291.8
-0.666857 635980 0 10596.8
-0.532802 629381 0 9554.51
-0.400481 627741 0 8946.18
-0.266211 629040 0 8636.47
-0.133973 610264 0 8589.7
-0.000640743 583518 0 9038.89
0.133448 560518 0 10321.2
0.216244 140015 0 4924.05
0 0 0 0
0 0 0 0
0 0 0 0
0 0 0 0
0 0 0 0
