0 0 0 0
0 0 0 0
0 0 0 0
0 0 0 0
0 0 0 0
0 0 0 0
0 0 0 0
0 0 0 0
0 0 0 0
0.316748 165191 0 4846.27
0.401212 681118 0 10974.5
0.533804 699321 0 10491.7
0.667038 717890 0 10410.6
0.800758 749740 0 10380
0.933099 792173 0 13652.7
-0.906891 331411 0 9747
-0.801003 581574 0 16802.5
-0.666006 600948 0 17271.3
-0.53342 630691 0 17434.7
-0.399774 673081 0 19019.9
-0.266795 705351 0 19661.1
-0.13311 718100 0 20455
-0.000195045 732569 0 20328.8
0.134238 778561 0 21882.7
0.267501 779281 0 21220.8
0.399724 809915 0 21883.5
0.531662 821970 0 21837.1
0.666722 859306 0 23903.1
0.799574 836897 0 23340.7
0.90764 504507 0 13918.4
0 0 0 0
0 0 0 0
-0.64959 470433 0 10887.7
-0.532023 654362 0 11246.6
-0.398648 675560 0 9800.12
-0.266203 705966 0 9021.9
-0.13285 706096 0 8361.78
-7.62781e-05 739863 0 8256.73
0.133504 764573 0 8667.25
0.267071 802103 0 10544.5
0.350457 214022 0 6144.6
0 0 0 0
0 0 0 0
0 0 0 0
0 0 0 0
0 0 0 0
0 0 0 0
0 0 0 0
0 0 0 0
0 0 0 0
0 0 0 0
0 0 0 0
0 0 0 0
0.150343 561819 0 9265.49
0.266472 769331 0 10370.6
0.400041 782253 0 9920.21
0.533409 817863 0 9963.63
0.667374 864076 0 10638.2
0.800555 882698 0 11638.3
0.934315 946970 0 16444.6
-0.908192 396618 0 11287.5
-0.800502 649022 0 16580.8
-0.666468 713691 0 17874.5
-0.532672 712953 0 17313.1
-0.399499 768328 0 18734.6
-0.267226 816308 0 19433.6
-0.132151 817911 0 19820
0.000371394 849388 0 20026.2
0.133838 875333 0 20943.3
0.26637 922567 0 21324.8
0.39932 949395 0 22293.4
0.533042 946374 0 22126.8
0.667466 975034 0 23651.5
0.799748 966827 0 23736.7
0.908169 580753 0 15750.6
-0.916185 511203 0 14298.3
-0.799631 709656 0 14134.6
-0.666074 767451 0 11878.7
-0.532373 802400 0 10785.6
-0.399287 801801 0 9897.2
-0.26627 837091 0 9601.35
-0.133682 875310 0 9788.37
0.000783946 913719 0 10619.6
0.133408 945594 0 12637.5
0.249124 729520 0 13814.5
0 0 0 0
0 0 0 0
0 0 0 0
0 0 0 0
0 0 0 0
0 0 0 0
0 0 0 0
0 0 0 0
0 0 0 0
0 0 0 0
0 0 0 0
0 0 0 0
0 0 0 0
0 0 0 0
0.282916 431684 0 7728.36
0.400434 591580 0 8890.38
0.533672 615470 0 8770.03
0.666817 629226 0 8756.93
0.800558 670988 0 8950.74
0.93369 709991 0 12246.1
-0.907945 295345 0 8655.79
-0.799391 504238 0 14550.5
-0.66651 527390 0 15130.6
-0.533168 549200 0 14933.3
-0.399624 577441 0 15923.9
-0.264705 608464 0 16622.4
-0.132674 634704 0 17720.8
0.000529579 658182 0 17718.9
0.134511 647571 0 17764.4
0.266975 699523 0 18539.2
0.399442 728225 0 19425.7
0.534183 723862 0 18898.4
0.665581 693420 0 19002
0.799727 729648 0 19970.7
0.907995 437267 0 12298.1
0 0 0 0
-0.782668 400637 0 11419.1
-0.666045 542860 0 11132
-0.532968 560285 0 9606.77
-0.39853 584459 0 8686.74
-0.26616 599710 0 8112.67
-0.133773 634013 0 7985.43
1.13142e-05 668148 0 8075.47
0.133543 689303 0 8549.39
0.267863 735376 0 10342.9
0.349667 187720 0 5314.16
0 0 0 0
0 0 0 0
0 0 0 0
0 0 0 0
0 0 0 0
0 0 0 0
0 0 0 0
0 0 0 0
0 0 0 0
0 0 0 0
-0.0836519 136884 0 4328.96
-0.000842441 517664 0 8600.44
0.133516 532679 0 7877.4
0.267711 543346 0 7458.83
0.400574 566728 0 7407.77
0.533692 586834 0 7548.7
0.667126 616414 0 8121.61
0.800637 639449 0 9072.76
0.933873 685720 0 12466.3
-0.909092 270864 0 7767.38
-0.799552 469361 0 11969.3
-0.666606 505639 0 12695.8
-0.532882 520106 0 12580.7
-0.400588 552648 0 13370.6
-0.26629 566150 0 13437.6
-0.132687 584310 0 14058.2
-0.000147389 590119 0 13937.2
0.133011 614378 0 14742.6
0.268053 640545 0 14897.6
0.399446 651989 0 15305.4
0.534695 682255 0 15703.6
0.667517 677905 0 16422.6
0.799513 672757 0 16582.4
0.907873 438107 0 11899.3
-0.915881 362869 0 8882.16
-0.799925 517359 0 9569.79
-0.665635 551639 0 8468.73
-0.5328 560129 0 7766.8
-0.399105 581724 0 7459.66
-0.266472 617800 0 7498.81
-0.13277 639112 0 7779.63
0.000504752 637547 0 8359.4
0.134041 685092 0 10300.1
0.216416 173310 0 5157.91
0 0 0 0
0 0 0 0
0 0 0 0
0 0 0 0
0 0 0 0
0 0 0 0
0 0 0 0
0 0 0 0
0 0 0 0
0 0 0 0
0 0 0 0
0 0 0 0
0 0 0 0
0.150591 502298 0 9250.94
0.267403 687164 0 10502
0.39973 703232 0 10066.8
0.534239 744971 0 10226.5
0.667804 780667 0 10683.1
0.800593 830425 0 11321.7
0.933769 877154 0 16248.6
-0.908775 350442 0 10441
-0.798133 600533 0 17086.3
-0.667471 639776 0 18093.5
-0.532507 684241 0 18421.4
-0.399045 690127 0 18867.3
-0.266311 734429 0 19699.4
-0.133748 746612 0 20554.4
8.3547e-05 766894 0 20536.5
0.133466 777219 0 21076.7
0.267171 828572 0 21844.4
0.40018 848220 0 22738.5
0.533677 889476 0 23337.7
0.667098 882455 0 23999.5
0.800109 875837 0 23777.5
0.908457 534977 0 15215.3
-0.91547 427006 0 13574.4
-0.799017 602347 0 14337.9
-0.665515 659854 0 12628.9
-0.532478 679300 0 11481
-0.399535 727487 0 11020.9
-0.26603 736246 0 10314.4
-0.132316 776535 0 10241.3
0.000637504 816810 0 10549.7
0.133975 859366 0 11464.5
0.267062 917308 0 13757.7
0.384172 754556 0 15566.6
0 0 0 0
0 0 0 0
0 0 0 0
0 0 0 0
0 0 0 0
0 0 0 0
0 0 0 0
0 0 0 0
0 0 0 0
-0.215957 80443.1 0 3388.94
-0.132715 378317 0 7417.42
0.000946221 375567 0 6635.32
0.132767 395642 0 6390.51
0.266202 406118 0 6224.56
0.400617 421313 0 6255.11
0.533999 441398 0 6469.37
0.667134 454834 0 6870.66
0.80083 468393 0 7506.93
0.9337 501448 0 10935
-0.908843 204091 0 6599.52
-0.799406 344429 0 9749.51
-0.666153 359169 0 9879.46
-0.531945 371041 0 9923.93
-0.399172 400132 0 10793.8
-0.266908 425599 0 11229.4
-0.133141 423293 0 11379.9
0.00031757 426894 0 11147.6
0.132286 450794 0 11850.4
0.266157 467454 0 12000.2
0.400145 481340 0 12487.8
0.533967 483339 0 12344.3
0.666196 504191 0 13230.9
0.799692 484398 0 12981.2
0.908218 306286 0 9274.92
-0.916316 283209 0 6631.31
-0.799273 385595 0 7351.92
-0.667174 401479 0 6688.67
-0.533832 420892 0 6365.86
-0.398859 434906 0 6268.45
-0.266868 454861 0 6400.58
-0.132919 453176 0 6594.8
0.000252585 473089 0 7351.6
0.132996 471507 0 8552.09
0.21689 119801 0 4386.63
0 0 0 0
0 0 0 0
0 0 0 0
0 0 0 0
0 0 0 0
