41 2526 655
36 1723 1095
25 1499 1533
31 1346 1869
70 1329 2198
136 1277 2457
301 1222 2649
499 1203 2837
736 1084 2899
950 1167 2917
1178 1144 2618
1509 1214 2231
1720 1167 1648
2072 1228 838
2264 1290 293
2664 1299 31
2805 1340 0
3229 1471 0
3800 1766 0
4702 2473 0
21 1378 698
9 1062 939
13 987 1037
6 827 1220
45 802 1330
156 741 1443
251 701 1490
394 697 1549
488 666 1508
721 680 1492
838 724 1351
896 644 1190
1147 713 898
1254 726 531
1378 717 259
1549 772 64
1686 801 7
1782 914 0
2064 1047 0
2308 1407 0
3 1353 1001
4 972 1150
11 890 1257
42 818 1238
107 781 1391
230 794 1391
368 759 1379
479 707 1410
643 657 1395
767 656 1305
841 721 1189
990 717 1048
1150 735 745
1223 768 521
1320 734 261
1438 782 98
1555 831 8
1620 844 1
1845 1021 0
2152 1248 0
