419600 437100 438500
424500 419800 426600
434300 437100 423400
445800 431200 433700
419400 445700 424300
426000 424700 428100
425300 423300 425600
432000 433200 421500
427600 431900 426200
435600 435800 439100
432300 420900 434800
438700 429400 428900
431200 430500 425700
425700 422100 429900
423800 427500 424500
422100 419100 432500
431000 430400 435700
430900 433700 439000
417700 426500 425800
442000 425600 421700
436400 442100 427200
451100 431000 433300
435500 449300 444800
437500 438900 442500
437400 443700 439000
446700 434600 433000
436000 429700 430600
435800 442800 434700
435600 436200 441200
430900 427100 435500
437000 433000 436100
421000 445200 438400
450800 442100 437200
445000 440400 445900
447800 437600 444800
435800 440800 435800
444500 428900 444500
434700 433400 443100
432100 442800 440900
429000 441000 432100
964300 965000 952700
977700 982300 971000
967000 968800 962700
977700 982700 965400
978300 970000 964900
968300 973900 979000
972500 974300 965100
971900 966400 967900
973300 967200 972000
955500 965600 970600
977600 972900 972100
959000 976300 993900
957300 960100 961500
970900 987000 979700
968500 963100 990800
970500 964500 984400
982200 978600 947300
970200 975600 970500
976600 961200 976700
984100 967900 975200
