63 1601 130
47 988 306
43 841 521
40 749 707
87 705 949
150 695 1212
218 629 1415
314 652 1495
389 569 1726
516 573 1816
620 603 1804
735 611 1623
864 604 1288
1027 680 775
1156 658 319
1341 716 82
1564 727 6
1808 859 0
2279 1080 0
2913 1634 0
1 2196 957
2 1505 1328
1 1350 1539
23 1162 1730
67 1171 1907
222 1094 1927
409 1021 1995
565 976 2121
765 906 2125
1024 989 2169
1194 1003 2030
1415 1010 1885
1571 1052 1473
1846 1017 895
1987 1074 440
2269 1110 104
2297 1143 7
2566 1232 0
2971 1541 0
3437 2080 0
1 1460 1267
0 1264 1550
5 1185 1767
16 1080 1890
68 1036 2063
150 1023 2152
293 1032 2108
493 979 2180
713 932 1951
898 941 1729
1043 983 1324
1245 954 961
1582 959 530
1676 1025 220
1819 1009 54
2041 1027 7
2185 1102 2
2257 1138 1
2459 1213 0
2812 1414 0
