898700 919400 906100
927900 923100 910500
922700 921700 892600
924100 927400 912400
912500 906900 913300
916900 910000 907500
916000 921800 912100
925700 912600 921700
924600 907200 913300
899500 908000 908200
921800 903500 924700
900900 926300 919900
925700 910600 911900
913300 916900 932500
919700 906600 934600
909400 921100 914800
919800 916800 906800
915700 923700 924200
899500 908600 921000
918600 920800 924900
499600 491400 483800
497300 482700 493400
486100 496000 508300
497100 497200 496800
495400 506000 482500
490100 495400 496000
490800 485200 484400
488800 500100 476800
482700 487600 496100
490100 492700 506900
495300 493100 485400
497900 498900 513800
490400 500200 489100
497200 502000 500600
493800 497600 489700
489900 481500 499300
505000 488500 501600
487700 496600 496700
497700 489900 494800
504200 494500 481100
459100 473000 463500
464000 463800 465900
464000 476000 466900
476700 465400 466900
463800 485100 472400
473400 463700 471700
465800 455300 459400
464100 466900 463900
468000 476500 468400
472800 461200 471200
470000 467500 468900
457500 463800 466600
460400 460100 462200
466200 471900 460300
461900 460400 471200
466100 458300 476000
470400 474200 456900
468600 459700 473400
466900 470600 467800
472200 458500 458400
