-0.0496751
-0.172965
0.222585
-0.139774
0.132976
0.0988057
0.0900759
0.660351
0.413464
-0.00425034
0.0534232
0.158597
-0.0916002
-0.115139
0.0366602
0.205036
-1.72458
-1.82792
0.506625
0.115126
0.293473
0.35684
-0.229466
-0.633488
-0.0406425
0.555974
0.14378
0.289269
-0.202843
-0.287478
-0.148022
0.175458
-0.330287
-0.107361
1.93917
0.299622
-0.0766296
-0.820675
0.377334
-0.094655
0.0802267
-0.0183604
-0.21326
0.166297
0.126403
1.41101
0.0198093
-0.935707
-0.14933
-0.173137
-1.9461
-0.108436
-0.892835
-0.175419
0.384127
-0.143092
-0.188643
0.155287
0.0660807
1.04226
-0.149881
0.557779
-0.413476
0.00413485
0.315896
0.223957
0.156457
-0.288816
-0.37986
0.740825
-0.065279
-0.031548
0.737013
0.00530487
0.191535
-0.135644
-0.122282
-0.113169
-0.851663
-0.20629
-0.969377
0.0611097
0.292924
-0.0504975
-0.415662
-0.141963
-0.320557
-0.2094
0.090357
-0.0558731
0.237474
-0.311513
0.107375
-1.72956
-1.35949
1.16161
1.2499
0.34085
1.77905
-0.130853
1.82739
-1.71858
0.270268
0.0444184
-0.97768
0.0835532
-0.351882
-1.50048
0.340633
-0.0349533
1.19765
1.27264
-0.194974
0.300048
0.155641
-1.11051
0.0157162
0.269622
0.218339
0.0784757
-0.0847136
-0.877395
1.38565
0.251291
-0.907775
0.291715
1.37524
-0.0113642
-0.113227
0.135474
-0.166562
1.84983
0.261554
-0.420755
0.985479
-0.0807144
-0.24417
0.0843912
0.461982
-0.269412
-0.752077
0.307639
0.108185
-0.0323222
-0.182652
0.127069
-0.0706021
-1.06959
-1.72344
0.444851
0.0977847
0.0563659
0.0225012
0.155283
-0.05071
0.96318
-0.00480927
1.60243
0.0651492
-0.0997911
0.106599
0.668702
-0.217405
0.315059
0.132723
-0.127269
0.201668
0.0567908
-0.18303
-0.498364
-0.042228
-0.0948959
0.248436
0.399013
-0.157993
0.17792
-0.19147
-0.0700937
0.026681
0.124778
1.83546
-0.630828
0.0920174
-0.0462591
-0.0466966
0.294039
-1.84161
0.300306
-0.273373
-0.832996
-1.95197
0.253364
-1.1762
0.144957
0.108134
-0.00387623
0.276216
-0.150554
-0.11471
0.0280919
-1.02967
0.243429
1.21233
-1.67974
-0.303869
1.43388
-0.0523654
-0.0768836
-0.182011
-0.146285
-1.29686
-0.200139
0.0427558
0.638119
0.248462
0.02614
1.69797
-0.043924
-0.128373
1.76254
-0.177271
0.154154
-1.55283
-0.240423
0.202475
0.144221
-0.534388
-0.162418
-1.98231
0.199818
0.106052
-0.344612
0.0916156
-0.0800105
-1.81983
0.222169
-0.289773
-0.224178
0.288564
-0.0296113
0.0393757
-0.0194757
-0.0332352
-0.0139625
-0.495266
0.215629
-0.0447306
-0.00857104
0.0215706
-1.93649
0.211592
0.304295
-0.0234313
-0.190901
1.11616
0.117993
-0.113339
-0.0890252
0.213653
-0.125122
1.32249
1.27134
0.192736
-0.532795
0.342957
-0.906413
-0.0547114
0.13955
-0.0167382
0.598109
0.285157
0.0498276
1.81875
-0.994869
-0.0429549
0.041463
-0.0203173
0.081484
-0.218929
0.0764758
1.69984
0.266029
-0.291717
0.0134357
0.0936395
0.045183
0.0079305
0.0944734
1.1861
-0.115171
0.545469
1.9169
0.0178126
0.103858
-0.110593
1.23938
0.515943
0.184638
-1.58063
-0.130925
-0.733815
0.194407
0.38616
0.977256
-0.0667968
-0.00405014
-0.178253
0.381825
1.50524
0.0614986
-0.0518914
-0.00146331
0.614152
-0.025412
0.178946
0.124128
0.0153899
0.151274
-0.185978
-1.79485
1.07159
-1.2499
0.367921
-0.0524065
-0.0403051
-0.790989
1.14089
1.20682
-0.152801
-0.367098
0.530677
0.355527
0.293286
0.037218
-0.830443
-0.210404
-0.243263
-0.0409487
-0.0770385
0.152642
0.408901
0.108762
0.419547
0.795895
0.120154
-0.0150282
-0.0415152
-0.0473529
-0.174612
0.0361568
-0.307002
0.00349723
-0.0249186
-1.59868
1.84288
0.213788
-1.82093
0.855842
0.0716789
0.213486
-0.10157
-0.2653
-0.0889871
0.20983
1.28002
-0.0181078
-0.00806132
-0.0561425
0.0273527
-0.478096
0.555936
1.51107
-1.28242
0.173535
0.190411
-0.735347
0.0760243
-0.184122
-0.0944247
-0.127682
-0.996414
-0.472796
0.189707
0.181421
-0.0461274
0.026692
-0.143686
0.0375867
-0.0395791
0.165429
0.109423
-0.113948
-0.260542
-1.32965
-0.116664
-1.53967
0.098367
-0.136853
-0.119747
0.138508
-0.0277572
0.329848
-0.133462
0.178194
0.206947
0.169477
0.162284
1.81226
0.0719592
0.0221444
1.96983
-0.208311
1.47278
0.313258
0.468469
0.135723
-0.226447
1.99075
-0.0586007
-0.139712
0.0247761
0.375626
0.0340009
-0.0166062
-1.75999
-1.29906
1.52256
-0.354944
-0.554575
-0.152818
-0.657219
-0.173147
0.242072
0.196375
-0.143904
-0.304919
-0.0715288
0.269812
0.158007
1.4493
-0.186292
-0.0945336
0.234846
-1.21704
0.0954544
-0.147523
-0.132999
-0.0430712
-0.155817
0.0589908
-0.173748
-0.169717
-1.24338
0.800157
0.0212307
0.0861662
-0.105198
-0.0639238
0.0903243
-0.035791
-0.307081
0.266413
0.463468
0.0688331
0.43311
0.0758703
0.287818
0.200553
-0.96747
-0.0807343
0.0224529
-0.0637659
0.0836671
-0.185413
0.0108751
0.000178617
1.33733
0.197714
0.0831438
0.172701
0.458675
1.6757
0.163416
0.347173
-0.0365542
-0.0869863
-0.306751
-0.318223
1.90036
0.364351
0.272797
-0.0255266
0.0382107
-0.360067
-1.20205
-0.370204
-0.185646
-0.0796392
-0.257338
-0.309042
-0.210383
-1.40394
0.383969
0.195012
0.192815
0.332937
-1.73958
-0.0586946
0.531643
0.0354868
0.102501
1.36193
-0.00823324
-0.0670513
-0.104452
-0.0207474
-0.0138993
-0.522618
0.225981
0.52739
-0.306654
0.0696862
-0.24962
-0.343695
0.111746
0.409792
-1.75885
0.247579
-0.056659
0.501654
-1.00214
0.0194481
-0.310751
-0.168671
1.66229
-0.102086
0.324486
1.424
-0.418992
1.23595
-0.12133
-0.210008
0.0352002
-0.167644
-0.0688324
-0.18895
0.859724
0.501559
0.154697
0.973001
-0.268615
-0.335128
-0.339227
-1.86587
1.7548
0.0135859
-0.549002
0.286935
-1.81378
0.118939
1.24133
0.12441
-0.40049
0.237959
0.251984
-0.188945
0.0878438
0.197662
0.11653
0.033284
-1.60371
0.316171
-0.0197514
-0.135452
1.12914
0.34415
0.226715
0.7488
0.232531
0.0972803
-0.0567048
-0.0754326
-0.848464
1.05083
0.213517
0.194533
-0.186467
0.543139
-0.0637917
0.0505435
-0.287082
0.187221
0.459294
0.400226
0.104067
-0.753104
-0.255938
0.239214
0.74916
-0.331841
0.152237
-0.335068
-1.91271
-0.0978927
0.347702
0.877521
-0.142368
0.0932896
-0.129716
0.139857
-0.152934
-0.0545171
-0.124652
-0.14646
-0.751299
0.142639
0.504079
0.631208
0.155915
0.073287
0.236209
0.199188
0.56172
-0.372732
0.0130544
0.235085
1.83577
-0.712619
0.183963
1.45892
-0.259649
-0.0763425
1.0702
0.245303
0.267035
0.122562
-0.723935
-0.0126084
-0.00882225
0.794838
0.114369
0.0935655
0.336346
0.117806
-0.313938
-0.145219
0.107515
0.276461
0.0178126
0.366252
-0.0135158
-0.265577
-0.126159
-0.696209
0.234368
-0.476771
-0.00745315
1.23468
-0.175019
-0.0360184
0.366993
0.0801069
-0.183645
-0.0546035
0.19402
-1.33762
1.45971
-0.196755
0.186434
-0.166958
-0.127462
-0.0411469
0.0646955
-0.0531325
-0.233591
0.056005
-0.0739602
0.264768
-0.236022
-1.73719
-1.31357
-1.93541
-0.276704
-0.15456
-0.0130879
-0.305956
-1.80357
1.20375
0.0400616
-0.41279
0.145059
0.17142
0.182094
-0.356705
-0.150771
0.168663
-0.163219
-0.533945
0.347927
-0.200251
-0.0459951
-0.0337824
-0.00923969
1.47338
-0.325818
-0.0290091
0.0927913
0.203738
0.299332
0.159051
0.384926
-0.08733
0.106078
-1.4642
-1.93683
-1.57367
-1.55423
-0.0369259
-1.00733
1.60484
0.363442
-0.0629843
0.019617
-0.233905
-0.292155
0.21838
0.0359289
0.185521
1.12272
0.0748595
-0.233416
1.73691
0.124604
-0.000498088
1.51108
-0.659549
-0.0681967
1.83752
0.19501
1.14522
-0.854068
0.0549206
0.386546
-0.220649
0.114161
0.205917
-0.00062961
0.0895688
-1.61627
-0.0347361
-0.135223
0.0815969
0.345429
-0.166797
-0.16854
0.115239
-0.193853
0.137741
-1.94312
0.351697
1.40827
-0.72964
1.86908
0.248784
-0.0539252
-0.0582083
0.036755
0.289435
0.168311
0.445447
0.0219281
-0.372232
0.694
-1.5209
-0.132773
-0.337188
0.103802
-0.120458
-0.219427
-0.0456189
-0.049896
-0.350303
-1.18558
0.679581
0.0190151
-1.3493
0.210156
-0.157439
0.0226849
-0.0939618
0.00626667
-0.224958
0.0309074
0.00631572
-0.325117
-1.84477
-1.74913
-1.96665
1.28991
-0.205118
-0.234453
0.147409
-1.58596
0.770421
0.334015
0.115265
-0.0723882
0.0424531
0.426615
0.191324
-0.18698
0.149844
0.0341644
-0.39561
0.0650065
0.14355
0.238143
-1.20646
0.676922
0.0654689
0.225196
0.127226
0.123896
-0.163438
0.883464
-0.345712
-0.075759
0.227727
0.0134256
-1.54001
-0.332832
-0.0275718
-0.286436
0.176812
0.0559942
0.133768
1.01129
0.0883803
-0.523724
0.100126
0.226727
0.624486
0.103783
0.0882674
0.229995
-0.113607
0.129979
0.185175
0.227999
0.155616
-0.0611755
0.00436986
-0.117007
0.186205
0.140262
-1.7192
-0.215685
0.224627
0.188459
0.048068
0.0930011
-1.68507
0.159764
-0.844269
-0.00268713
-0.881404
0.12725
0.118866
0.0108579
0.197861
-0.101331
-0.23387
0.0231778
0.0356697
1.3984
0.154018
-0.0891878
-0.0265141
-0.0347801
0.17819
-0.294324
-0.442085
0.0129027
0.179291
0.114677
-0.0850442
-1.67737
-0.132761
0.335536
-1.15543
-0.428289
-0.0315395
-0.00509806
-1.60049
0.0851649
-0.0357956
-0.128513
0.0667522
0.190223
0.0293109
-0.0727607
0.0820563
0.172657
1.86757
0.104195
0.0880451
0.0532895
0.142725
-0.10507
0.662681
0.19737
-1.42251
-1.31753
-0.270142
-0.727766
0.0332718
0.111534
-0.244407
0.311809
1.01704
0.00387171
-0.0488331
1.60754
0.0243803
0.229195
-0.92209
0.158721
0.0170091
-0.0919335
0.183862
-0.802275
0.0621303
0.0851878
-0.0148018
-0.0281555
0.245441
0.19096
-1.95365
0.196988
0.0311324
0.404086
1.64459
1.27444
-1.37677
-0.0917024
0.649953
-0.568894
0.130105
-0.00390937
-0.234391
-0.0751543
-0.880557
-0.27273
0.125072
0.15919
0.18815
0.0915642
0.829623
0.394547
-0.0643624
-1.57677
-0.117445
-0.35994
-1.78135
-1.98608
0.0969743
-0.12468
-1.99163
1.44207
0.133402
0.240152
0.146798
-0.291281
-0.0389797
0.101431
-0.765576
0.547269
-1.96793
-0.11463
0.201303
-0.624026
-0.631247
0.2539
-0.268776
-0.129673
0.056401
-0.0514261
-0.0689484
-0.321502
1.03819
-0.301845
0.229842
-0.0316715
0.101471
-0.190275
1.20797
0.103451
0.069196
-1.95773
-0.262269
0.1546
0.329113
-0.117096
-0.320343
-1.43568
-0.138888
0.00566515
-1.59635
1.44614
1.00839
0.2101
1.12044
-0.131799
0.147788
0.677165
0.160188
-0.164505
-0.113975
-0.0128408
0.209436
0.452817
-0.0766965
0.340089
-0.266961
0.0549474
0.2781
0.573683
-0.0712834
0.0509379
0.265873
-0.238956
-0.291484
0.202703
0.379706
-0.37289
0.12817
-0.0951008
-0.0653497
-0.113532
0.378511
0.754197
-0.150346
-1.95934
0.234657
0.0782958
-0.323539
0.32004
0.154598
0.207506
1.6432
1.40342
-0.32798
-1.80219
0.0561046
-0.166666
0.601514
0.13876
-1.50733
-0.0472599
0.292253
-0.0964817
-0.157677
-0.383901
-0.199672
1.88245
0.127727
0.181495
0.0157215
1.91365
-0.178882
0.172417
-0.0302642
0.182124
0.357548
-0.235849
0.0848293
0.60101
0.0902148
0.0422951
0.163867
-1.78542
-1.58028
-0.00547048
0.0315093
-0.0148335
0.44647
-1.91896
1.40288
-0.856893
-0.80894
0.131228
0.145909
-0.176813
0.00491639
0.675716
0.0557343
0.0728825
-0.19383
-0.185131
-0.153638
-0.499817
-0.21296
0.0232423
-0.0439533
0.828738
-0.353904
0.53528
-0.165215
-0.509286
-0.0979556
-0.187305
-0.282126
0.030711
0.118504
0.166333
-0.328562
-0.0950169
0.0515276
-0.131488
1.4777
0.315134
1.10663
0.214887
-0.0707945
-0.121838
0.395148
0.191658
-0.121508
-0.283742
-0.357418
0.240992
-0.382582
0.0175577
0.0956866
0.0956784
0.157019
-0.0672966
0.164678
1.42062
0.0448768
0.630749
-0.26734
-0.218189
-0.287349
-0.159873
0.0421405
-1.98061
-0.380463
-1.66143
0.683863
-0.535862
0.949567
0.304371
0.249803
-0.389703
-0.429226
-0.220375
-0.0385715
0.107312
0.0974029
0.00166461
0.525097
-0.0606534
0.0435893
1.49355
-0.00981338
-0.0705797
-0.229141
0.272718
0.106839
0.527445
-1.67847
-0.0076226
-0.0065045
-1.19324
-0.396558
0.0374541
-0.138781
0.148778
0.38938
0.102521
-0.227376
-0.0818318
1.73677
0.0451225
0.0142669
-0.262097
0.732404
-0.192323
0.277531
-1.19791
-1.52471
0.108949
-0.346433
0.0991898
-0.13733
-1.23165
-0.670795
0.157963
-0.275442
-0.314124
-0.208967
0.134464
-0.275176
-0.0210467
-0.153279
0.0472833
-0.232425
0.21896
0.0894212
0.413692
0.834838
0.689619
0.709522
-0.301792
1.67154
-0.0174507
0.000883645
-0.142514
0.0237575
0.00594597
-0.122584
0.82843
1.42441
1.97809
1.7125
-0.171374
0.159764
0.253426
-0.105141
-0.178596
-0.0894907
-0.322398
1.81912
-0.508096
-0.217066
-0.116212
-0.203908
-0.941381
-0.881599
1.73392
-0.10207
-0.0614018
-0.276346
0.220367
-0.0882093
0.259137
-0.163297
0.125454
0.0906704
0.280091
-0.215109
-0.0408916
0.15468
-0.292373
0.0235798
-0.0330786
-0.203894
-0.898537
-0.132923
1.22126
0.380232
-1.00829
-0.57604
-0.0187684
0.0247108
0.00548946
-1.72919
-0.131675
0.51104
0.0849993
-0.0521208
-1.23557
0.0418511
-0.0517711
0.0699329
-0.319524
0.18781
0.66966
-0.0726386
-0.105217
0.147726
-0.127403
-0.00629283
-1.00837
0.283825
-0.0830591
-0.268848
0.300686
-0.171563
-0.942646
-0.0376233
-0.18798
-0.128118
-0.287445
0.0342955
0.0396684
0.112656
0.0604843
0.0951383
0.0427871
-1.38034
-0.0168957
-0.37414
-0.00446556
0.225009
0.304711
0.251761
1.77041
-0.157296
-0.59516
-0.00853312
0.0127551
-0.206989
0.0324916
0.0588133
-0.69851
0.10996
-1.0695
1.15886
-0.440334
0.0796173
-1.20551
-0.0666018
0.0852381
0.346464
-0.300578
0.173604
-0.115816
-0.291428
0.0898394
0.483493
-0.0472928
-0.0941846
-0.10661
-0.042554
0.187427
0.933586
-0.151177
-1.32914
-1.53335
-0.559
-0.0747225
-0.253747
0.21149
0.188929
0.246903
0.89143
-0.161654
-0.180766
-0.228966
-1.34169
0.220679
-0.0913214
0.037899
-0.15377
-0.312002
-0.243913
-0.238737
0.262778
-0.16094
0.0127415
-0.127228
-0.188777
0.216608
-1.89974
-1.27969
0.32692
-1.42468
-1.25468
0.153554
-0.0485751
0.299859
-0.487201
0.337191
-0.340605
0.187275
-0.166325
-0.127705
-0.1603
-0.0012583
-0.0902705
-0.0938811
-0.0907011
-0.548277
0.265557
-1.65058
-0.976767
-1.40117
-0.128854
-0.367644
1.83988
1.93448
-0.432851
0.283771
0.0694451
-0.0594761
0.064211
1.24085
-0.00935114
0.217631
-0.119963
0.184259
-0.25015
-0.147758
-0.544847
-0.440851
-0.309872
-0.241126
-1.56385
0.0776006
0.052382
0.23941
-0.27301
0.164801
0.171102
0.420135
-0.180379
0.263697
-0.58588
0.20785
-0.455671
-1.96884
-0.309652
-1.98598
-0.118187
-0.209599
-1.20107
0.299098
0.256869
-0.101175
-0.0960117
-0.155921
-0.356211
-0.279056
-0.112264
0.17966
-0.0601443
0.114858
-0.139846
-0.314075
-0.277943
-0.944879
-0.075894
0.502263
-0.0731268
0.471143
0.18011
0.229043
-0.251325
0.10864
0.130273
-0.052539
0.209063
0.139998
1.59701
-1.7087
-0.222788
-0.358851
1.22307
-1.97302
0.0512382
-0.0763519
-0.139816
0.372357
-0.138188
0.21992
-0.00715298
-0.0616413
1.68557
-1.33704
0.14755
-0.130403
0.119281
0.218841
1.87515
-0.198287
0.126588
-0.045972
-0.117396
0.0557072
-0.349574
-0.893251
-0.0451915
-0.208738
0.00148886
0.0796272
-0.198348
0.141531
0.194413
0.0434958
-0.0199402
0.0215219
0.150182
-0.12633
0.602853
0.106449
0.37349
0.173697
0.285466
-0.989988
0.0321912
0.254901
0.554201
0.111872
0.115995
-0.0578529
-1.40731
-0.117461
-0.0864126
-0.0413897
1.44242
-1.15558
-1.09945
-0.341039
0.48024
-0.859564
0.180628
0.375334
-0.0380482
-0.269896
0.0745258
-0.811546
-0.176471
0.0670102
1.60832
-0.132029
0.0275261
0.321813
-0.0250327
-0.153621
1.84698
0.184603
0.192142
0.0721365
-0.338784
-0.144719
0.36134
0.0289674
-0.385435
0.200314
-1.66632
-0.797474
1.88972
-0.230095
0.123155
-0.0471549
0.0205032
0.145436
0.0486929
0.368298
1.85737
-0.216521
0.730947
0.238097
-0.228548
-0.360735
-1.39966
-0.164121
-0.229294
0.09079
1.18779
1.27317
0.212635
-0.266486
0.805002
-0.136326
-0.130222
1.44057
-0.217193
-1.09249
-0.222135
-0.104002
0.0928004
0.217082
-0.234148
0.0351836
-0.063647
0.00336222
-0.0469924
0.423117
-0.108317
0.606424
-0.482159
0.779914
0.637466
0.135215
0.161213
1.37704
-0.426327
1.62471
1.63454
0.192438
-0.380007
-0.251135
-1.76345
-0.113614
0.308534
-0.139064
0.402675
0.280333
-0.540214
-0.282557
0.111089
-0.15625
-0.00229718
-0.13611
0.182933
0.0224257
0.121341
0.0886006
0.308209
1.82709
0.185073
0.172305
0.331966
0.219362
0.0257672
-0.10592
0.663342
1.86988
-0.546225
-0.0378216
0.0189422
0.0260776
-0.281308
-0.0423292
-0.0816098
-0.0748889
1.87013
0.145569
0.196834
0.373916
-0.0275261
-0.0858175
-0.683402
-0.301196
-0.172473
0.0681396
-0.7913
-0.0734756
-0.424768
-0.0201743
0.0804585
1.55776
-0.0203908
-0.0569331
-0.0855461
-0.497647
0.159702
-0.0900618
-0.124219
0.0395234
0.0240151
0.132478
0.0600808
0.256565
0.247002
-1.98502
0.0120891
-0.383468
-0.230761
0.0431078
-0.0498046
-0.0205422
0.0813917
0.0772118
1.32367
0.318089
-1.98664
-0.121567
-0.260592
-0.740835
-0.0524392
0.102108
0.175499
0.0337323
-0.589871
-0.319947
0.0345487
0.225679
-0.159211
-0.284859
-0.222558
0.129013
0.527151
0.327151
-0.0599163
-1.43784
0.0966914
-0.60063
1.21859
0.0709319
0.00626714
0.011635
0.100777
0.0390872
0.271718
-1.04051
-0.160341
-0.019019
0.378863
1.00884
0.959941
0.182038
0.0635834
-0.158884
-0.256866
-0.232477
0.0834295
0.0428247
1.77449
-0.267126
0.351479
-1.66227
-0.0574471
-0.258536
0.191963
-0.115474
-0.0825771
-0.155451
-0.129727
-0.237365
-0.461827
0.0564956
0.0901203
-0.852622
0.185694
-0.395094
0.104862
0.375323
-1.0345
0.273033
0.283089
-0.0452389
0.198728
-0.0870294
-0.0742142
-0.299749
-0.0130721
-0.600607
0.0974619
0.158797
-0.261251
-0.252723
1.8991
-0.0531652
0.0109401
-1.61128
-0.0993715
-0.0178479
0.327937
-0.157387
-0.318536
0.31317
-0.118439
0.158785
-0.26627
1.82621
0.046919
-0.0197966
0.207987
-1.84953
0.0395835
0.206691
-0.0780575
0.180285
-0.866814
1.51513
1.20565
-1.59805
-0.470605
-0.190119
0.533951
-0.192689
0.935187
-0.00416071
-1.30898
-0.972612
-0.0106391
0.536676
0.240831
0.0352003
-0.688323
1.96562
-0.157717
1.8051
-0.184203
0.446239
0.0197004
-0.32824
0.745956
1.6959
-1.76242
0.000139276
-0.079338
-0.0204932
0.48009
0.115283
-0.327646
1.19505
0.218146
-0.557217
0.0187073
0.11687
-1.4899
-0.109925
-1.77434
-0.0783311
0.070145
0.159399
1.54713
0.0646953
-1.97034
-0.00368992
0.307378
0.107193
0.280359
-0.0719371
0.000925002
-0.112575
0.190708
-0.0551872
-0.202363
0.310972
0.686973
1.69515
0.890371
1.46799
0.00788157
-0.103306
1.58735
0.933364
-1.65504
1.40767
0.10505
-0.941716
0.426164
0.788356
-0.0425161
0.613316
0.199511
1.84026
0.00197805
0.0881787
0.353059
0.811531
-0.169528
0.507275
-1.65619
0.101384
-0.162545
0.0774095
0.518125
-0.0986797
-1.6489
-0.125243
-0.238961
-0.21924
0.0348947
-0.200375
-0.187781
-1.29141
-0.101072
0.282414
1.0024
-0.221505
-0.0801712
0.259419
0.141728
0.0329399
1.38967
1.6277
0.210058
0.129854
0.0624397
0.217511
-0.029236
-0.148616
-0.095318
0.272467
-0.160859
0.0235772
1.20791
0.0327702
1.28068
-1.42481
0.14201
-0.0688304
0.199402
0.355449
0.0327083
0.0724286
0.0812538
-0.54931
-1.7774
0.170083
0.312543
1.74252
0.0526375
0.284249
1.99177
0.753009
0.286233
-0.194878
-0.0642035
-0.134942
0.218598
-0.286931
-0.212879
-1.29172
0.0368532
-0.172056
-0.250741
1.62031
0.0456622
1.11016
0.251106
1.52918
-0.781393
0.122077
0.115453
0.339027
1.07341
-0.0295741
0.109355
0.0698159
-1.39517
-0.304942
0.241008
-0.188693
0.0267348
0.050154
-1.88547
0.191518
-1.3541
-1.70649
0.110974
-0.139554
0.134494
-1.73352
0.318217
0.352674
0.293054
-0.39553
-1.37597
-0.0374684
-0.0139953
-1.97101
0.247452
-0.0118963
-0.108613
0.119737
-0.619528
-0.990744
0.0684249
-0.554749
0.0825172
-0.448375
-0.219961
-1.55744
-0.159352
0.0401385
1.05099
0.41128
1.74573
-0.00362864
0.0388358
-0.297558
0.0563654
-1.72124
0.408008
-0.148156
0.0343459
-1.38307
0.478849
-1.72142
0.0864168
0.0515381
-0.149984
0.00414787
0.0920756
-0.0795954
0.27054
0.14465
-0.309249
-0.191023
0.0393845
0.119336
1.82468
1.59351
0.0410285
0.055404
-0.984036
-0.0193419
1.50441
0.00196749
-1.8154
-0.640425
0.235048
0.116211
-0.29564
-0.113265
-0.0300314
-0.711238
0.0450146
0.12285
-0.282122
-0.446553
0.167091
0.210917
0.151745
0.00985144
-0.0739583
-0.0446067
-0.166389
-0.00862206
-0.162789
-0.0220742
-0.113092
0.0603267
-0.398417
-0.0592508
-0.125185
-0.0538574
0.142668
-0.0837473
0.400981
0.180767
1.18735
0.960778
0.825213
-0.3477
-1.87008
-0.220768
-0.0661694
1.73779
1.38711
0.128042
-0.176682
-1.40028
0.0678003
-0.162918
1.82963
0.288344
-1.83398
-0.0847869
-0.0340903
-0.0654893
0.183756
0.146994
-0.612862
-0.0725015
1.37996
-0.0286451
-0.116519
-1.8237
0.373743
-0.021653
0.243352
-0.0665394
-0.143852
-0.317592
-1.80566
-0.555555
-0.374862
0.330683
-1.68221
-0.0840835
-1.03767
0.00248882
1.67105
0.697083
-1.23718
1.12707
-0.227378
-0.827054
-0.0586971
1.53814
0.0632104
0.115698
-0.0082208
0.235983
0.112178
0.181045
-0.141509
0.192866
1.56854
1.89634
-0.0311102
-0.0500645
0.158057
-1.38626
0.28142
0.261108
-0.338957
0.935565
-0.138108
-0.0838409
-0.0113173
0.029924
-0.176472
-0.918044
-0.0933573
1.4791
-0.187305
0.0590261
-0.138634
-1.54599
0.140127
0.0641541
-0.223809
0.409223
-0.00484661
-1.01567
-0.32592
-0.170054
0.495119
-0.742393
0.0640514
-0.188765
-0.230974
0.802336
-0.245934
0.113611
-1.17983
0.370002
-0.183768
0.106053
-1.10868
-0.0255057
0.0460544
-0.381929
0.0798247
0.112257
-1.1449
1.44329
-0.137349
0.209705
0.723193
-0.267559
0.225137
-0.0531815
-0.271981
-0.0316905
-0.254394
-0.095234
0.927287
0.185899
-0.254942
0.775107
0.353732
0.101015
0.185772
-0.172396
-0.387887
-0.15129
0.365757
-0.762677
0.368086
-0.406835
0.189849
-0.054031
0.0489008
0.0296369
1.78381
-0.0893078
-0.166531
0.145137
-0.134296
-0.115154
0.386786
0.28995
-0.000287268
0.0350065
-0.158135
0.130559
1.49622
-0.866698
-0.0412481
-0.363028
-0.259071
1.68307
-0.0496836
-0.602554
-0.973902
-0.492673
0.252799
0.130634
0.18531
-1.67839
-1.41071
-0.271133
-1.36152
-1.41266
0.0427401
1.94698
0.0390258
-0.0845525
0.117222
0.0357522
-0.0556395
0.432356
-0.114913
0.0850347
0.349015
0.1543
-0.0427438
0.23223
0.255462
0.0658221
0.292815
0.274448
-1.86366
0.12907
-0.18414
0.382195
0.0234108
-0.0950341
0.0260734
-0.172485
0.0421346
-0.226707
-0.167065
-0.0378177
-0.230467
0.0408602
0.298164
1.80526
1.78935
0.092236
0.0695024
0.611015
0.11383
0.0895759
-0.214395
0.301011
-0.0253565
0.162003
1.00581
1.74558
-0.342788
-0.224049
-1.95022
0.0581782
0.21238
1.6045
0.0899667
0.0199522
0.0518882
0.235685
0.808187
0.196708
-0.0599248
1.72575
0.76867
-1.41601
1.9268
-0.23646
-0.0821317
1.19057
0.359749
-0.168869
-0.67041
-1.08652
-1.95408
-0.211744
1.47837
-0.0808022
1.50599
0.45889
1.33269
0.353515
-0.421893
-0.000629542
0.0233804
-0.226011
-0.893128
0.431302
0.0480288
-0.385542
0.22127
0.0115918
1.50027
0.455903
-1.15017
0.123199
0.018184
1.59501
0.0430438
0.00253923
-0.17373
-0.4181
1.66775
0.48036
1.10441
0.77654
-0.0999481
-0.42638
0.139974
-0.437289
-0.0574388
1.99656
0.0891894
0.267129
0.74963
0.820263
-0.685377
-0.0625688
0.511543
-1.65082
-0.0753295
0.0781801
0.0752665
0.378647
0.228406
0.138695
0.0927875
-0.172293
0.511495
0.184524
-0.239278
-0.843159
-0.0365713
-0.818792
0.0674665
-1.65316
0.144465
0.010448
0.454501
0.179138
0.132226
-0.0765208
-0.136312
-0.268228
-0.144528
-0.444055
0.181278
-0.051014
1.68255
-0.122284
-0.390835
-0.225674
-0.577532
-1.07077
-0.00380364
-0.151307
0.00342329
-0.261891
0.082927
1.1664
0.0586735
0.386754
0.356423
-0.134042
0.0503711
-1.94357
0.586149
0.0241172
-0.0844149
-0.230476
-0.108189
0.00849513
0.0945928
0.504391
0.0913406
1.93936
-0.290737
0.349373
-0.204403
-0.0379087
-0.0164707
0.015142
1.6596
0.023008
-0.0658768
-0.819868
-0.0314804
-0.00934019
0.0251865
-0.957765
0.120572
-0.0746375
-0.385925
0.186065
-1.42649
0.0118902
0.190226
-0.038701
-0.195176
-0.937951
-0.0442532
0.0219328
0.0707634
0.598526
-0.110933
0.202971
1.90514
-0.0776195
-0.658488
0.535029
0.248072
0.0847461
0.135731
1.09985
0.483304
-0.548703
-0.886825
-0.235228
0.0571631
-0.106714
1.10147
-0.153825
0.151869
-0.0635351
0.223886
-0.675653
0.155344
0.212223
-0.121196
-0.156851
0.301154
0.0499487
-0.0673251
0.136994
-0.0490815
0.0700748
0.0664918
0.134856
-0.0138007
-0.136349
-0.193781
0.136695
0.0583728
1.42197
-0.205581
0.113062
-1.00644
0.181439
0.545946
0.0822137
0.242362
0.0377556
0.089956
-1.3171
-0.0728252
0.220045
-0.0806519
1.99172
0.153548
0.148085
-0.209698
0.231569
-0.209159
-0.876155
-0.212035
-0.237816
-0.856963
0.697186
-1.33697
0.0787855
0.400424
0.819386
0.297709
0.0643304
0.0833234
0.131918
0.0311253
-0.00547907
-0.198788
-0.0202023
0.097883
0.152396
-0.141403
1.52571
0.935434
-0.302439
0.540144
0.0751893
0.35305
0.213158
-0.0332541
0.371456
0.410126
-0.431521
-0.0573593
0.174259
-0.831511
1.42976
0.0946066
-0.0849418
0.938818
-0.250444
-0.0997755
-0.0143131
-0.236872
-0.0451199
0.370048
-0.598341
0.804376
0.091509
-0.0299281
-0.281415
-0.138329
0.00542275
0.284762
-0.0284807
-0.0342777
0.366618
-0.247375
1.07337
0.444633
0.257737
0.119143
0.136095
-0.0203916
0.0252135
1.93227
-0.140698
-0.255446
-0.1629
0.742411
-0.0375936
-0.152413
-0.10083
0.135699
0.0705507
-1.21993
-0.113037
0.107939
0.118383
0.173063
-0.596215
-0.0738593
0.0349408
-0.0761062
-0.170564
-0.115433
-0.0829108
0.0547923
-1.68577
0.128323
-0.265403
0.516997
-0.21077
0.378044
-0.133887
1.68346
0.00863174
-0.107048
0.106277
1.11336
-0.0605613
-1.14816
-0.215986
0.14638
0.241408
0.252717
0.0204478
-1.58591
0.170808
-1.90291
-0.0145555
-0.184571
1.62569
0.114987
0.17713
-1.12031
-0.0651864
-0.254539
1.80403
0.315469
-0.130028
0.0780012
0.00690361
1.60344
-0.0154995
0.0818544
-0.237713
-0.0127632
1.66015
-1.71818
1.0253
-0.103095
-0.14348
-1.83059
1.40492
-1.60789
1.64164
0.180773
0.166561
0.0656651
0.228907
0.288991
0.0513061
-0.13161
-0.138862
1.15512
-0.324428
-0.0834892
0.220855
-0.139426
0.0778716
0.352302
1.38397
-0.100893
0.0644829
-0.129252
0.0446619
0.740839
-0.0418108
-0.201626
0.00455608
-0.697262
-0.0964524
0.364709
1.42138
-0.28393
-0.0693062
1.86279
0.667565
0.162567
-0.447767
0.220217
0.279087
1.14614
-0.436687
1.73029
-0.061243
-0.977262
-1.47559
0.00758719
-0.284291
-0.280577
-1.4975
1.19914
0.0958821
0.0143626
0.0831927
-0.0265325
0.124172
-1.0897
1.18662
0.847332
-0.188125
0.189002
-0.164078
-0.0273025
0.406106
-0.183662
0.126147
-1.57051
0.329768
0.142155
1.45388
-0.0207155
1.27893
-0.111863
-0.118139
1.4524
0.028543
1.76814
1.80601
-0.173941
0.120445
0.163701
0.138047
-0.0568501
1.36396
-0.0676046
-0.0896268
-0.490289
0.0752168
-0.0993174
-1.82184
-0.0846496
-0.028007
-0.109753
0.302213
-0.69923
0.269326
-0.165731
-0.0354562
0.248506
0.035704
-0.832598
-0.011105
-0.196703
-0.270038
0.0627425
0.189376
-0.0815464
0.186693
0.15967
0.0769365
0.962564
-0.0609339
-0.398923
0.0154516
0.141877
0.313191
-0.279979
-1.22452
-0.0123588
-0.430815
0.511539
0.0783798
0.0792214
0.360271
0.939044
-0.399596
-1.91773
-1.94484
-0.120336
1.90195
-0.476557
-0.476578
-0.105988
-0.460599
0.120381
-0.131904
-0.219999
0.0688613
-0.0323812
-1.6737
0.0613942
-0.100557
-0.348932
0.0184903
0.164449
0.0821828
0.0269463
-0.0812519
-0.251792
0.118108
0.106949
0.0291894
1.0237
-0.214241
1.8056
-0.0776888
-0.211164
-1.05493
0.166336
0.445789
0.199718
-0.16981
0.032996
1.86069
-0.104779
0.0527782
-0.0736933
0.240295
-0.222894
-0.64118
-1.4063
-0.0398797
-0.188815
-0.104775
-0.13472
0.357556
0.0737197
-0.117618
-0.00130109
0.12909
-0.751208
-0.317239
-0.409763
-0.130061
-0.0728237
0.252225
0.697152
0.0606462
0.133417
-0.0408973
-0.140299
0.10562
-0.273166
1.62845
0.0847912
0.206593
0.226704
-0.0307175
-0.11155
-0.0584805
0.2541
0.187219
-1.95034
-1.53851
0.196078
-0.0694096
-0.0671483
-0.245188
-0.606871
0.166785
-0.206386
-0.259928
-0.0723979
-0.0556194
-0.107871
0.557562
-0.0979636
0.757401
-0.272692
0.0433142
0.131177
0.0433266
-0.1268
0.155339
-0.889658
-0.183844
0.260975
0.230797
0.0800302
-0.158705
-0.111706
-1.83425
0.838768
-0.121922
-0.00154068
0.12377
-0.035787
-0.265035
-0.281192
0.980266
0.846417
1.45006
-0.142911
0.0607625
-0.333893
0.222502
0.728421
0.0428225
1.04584
0.119187
-0.13121
-0.214957
-0.821006
-0.0184923
0.0673136
0.302423
-0.137694
-1.13073
-0.355192
1.64172
0.00101313
-0.414625
-0.0234549
0.16034
-0.0354471
1.23535
0.95266
0.0295935
-0.176934
-0.5053
-0.86289
0.0512585
-1.22668
1.94354
-0.103106
-0.295727
-1.39186
0.192268
0.146952
-1.58849
-1.89054
0.0370261
-0.0490637
0.0373889
0.204147
-0.0749879
-1.08904
0.21463
1.10639
0.266591
0.106144
-0.644335
-0.0642695
-0.166039
0.728933
0.14219
-1.38531
0.0542844
0.0420397
-1.34788
1.12433
0.285827
-0.287225
0.513236
0.0740421
-0.105622
0.338314
-0.0263625
0.00689651
0.130889
0.396771
0.207214
-0.0493435
0.273767
0.0305635
-0.560578
-0.0206205
-0.132299
-1.60411
-0.111871
-1.91271
0.264704
-1.42735
0.0138089
0.484925
-0.0612642
-0.229775
-0.549578
-0.00195532
-0.170049
0.0558084
0.126463
-0.315613
0.174936
1.20611
-0.217047
0.137032
-0.510615
-1.7205
-0.0630711
-0.115794
-0.505968
-0.471763
0.169673
-0.0751911
0.0524276
-0.0869663
0.562694
0.0673059
-1.47096
-0.363771
1.96696
-0.27935
1.09836
1.04024
0.0638256
0.131733
-0.13179
-0.137089
-0.28873
-0.159952
0.198531
0.0800936
-0.0180186
0.0688588
-1.44573
-0.590283
0.845325
0.0554443
0.0496982
-0.0455202
-0.354585
0.113385
-0.161188
-0.144171
-0.25042
-0.316443
-0.11448
0.41116
-1.42461
-1.69758
-0.0691764
-0.0233407
1.12781
-0.175185
-0.0265091
0.0294556
-0.481523
0.412294
0.261908
1.58665
0.101299
-0.431227
0.109042
0.147845
0.218974
-1.08266
-0.199208
0.0610617
0.104789
0.0358524
0.457621
0.373846
0.0841858
1.80745
-0.0619316
0.138423
-0.0447524
1.32874
-0.120359
0.305972
0.0519016
0.102231
0.0344887
0.33395
0.335592
-1.70019
-0.0912439
-0.360907
1.73627
-0.145975
0.0929931
-0.969122
-0.203164
0.129047
-0.0909287
-0.183249
-0.155848
0.954304
1.13615
0.20386
-0.00458341
0.35694
0.377903
0.107401
-1.51683
-0.0579854
-0.31464
0.235788
0.102776
0.206121
0.0183304
0.245875
0.0278302
-0.441371
-0.351019
0.114633
-1.94857
0.584802
-0.278819
-0.283301
0.250591
-0.122884
-0.240184
-0.322918
0.428225
0.286278
-0.154301
-0.0765497
-0.189667
-0.419266
0.464925
0.174426
-0.133022
-0.134948
0.941826
0.278258
-0.150288
-0.329624
0.036925
-0.174349
-0.0400377
1.14831
0.456452
0.365442
-1.74902
-1.04746
0.181132
0.155107
-0.0898754
0.344144
-0.0616395
0.36628
1.79025
0.0981802
0.0213867
-0.188043
0.171286
-0.571373
-0.180145
0.175205
-0.0603932
-0.0843548
-0.333499
1.18432
0.101208
-0.0891568
0.178757
-0.0683213
-0.175254
-0.524311
0.763471
1.14048
0.0802162
-1.47568
-1.74649
-0.0212872
-0.0696018
-0.0134846
0.0593869
-0.280017
0.0925721
0.297637
-0.0177321
0.00290622
0.0698093
-0.0113105
0.0363024
-0.0617102
0.0838718
1.26414
-0.191714
-1.22184
0.340715
0.631731
-0.0671694
0.148648
0.250526
-0.124877
-0.182772
-0.138326
-0.25622
0.0436675
0.0515077
0.881108
-0.286124
0.137524
0.342817
-0.654209
-0.0654711
-0.196324
1.71465
0.182424
-0.0914728
0.169434
0.0641015
0.119852
-0.240159
-0.0686753
0.182435
0.0729982
-0.0314911
-1.41166
0.300198
-0.261137
0.0818806
-1.26636
-0.276756
-1.8786
-0.0414493
-1.61509
0.204069
0.000664196
-0.0499507
-0.0533889
-0.00761896
-0.0673924
0.11617
-1.7791
0.11914
-0.358876
0.572031
0.403736
0.0511787
-1.60697
0.048274
-0.242027
-0.205656
-0.192451
-0.133651
0.266654
1.21124
-0.455763
0.0568879
-0.0641739
-0.127978
-0.231361
1.24321
-1.23847
0.960676
-0.167562
0.0403527
0.0995053
0.616048
-0.0391348
0.647469
0.156153
-0.179915
0.362863
1.14419
0.501873
0.127391
0.153724
0.11855
0.0787798
0.0694992
-0.137779
-0.146791
-1.58798
0.0279216
-0.0980445
0.0269515
-0.472405
0.244258
-0.223282
0.0441472
1.37336
0.234182
-1.49725
0.183897
-0.109688
-0.787938
-0.31483
0.369627
0.0426799
0.368194
-1.33626
0.176187
0.634367
-0.193181
0.111235
-0.353216
-0.0430152
-0.0434942
0.157172
0.103241
-0.0667489
-0.0222905
0.102283
1.13696
0.522927
0.185581
0.443083
0.0832784
-0.628847
-0.245742
-0.191276
0.393097
-0.24535
-0.0750072
1.03019
0.114782
0.0883861
1.40171
-0.94073
0.111208
1.51596
-0.127861
0.132774
0.146799
-0.327772
-0.16201
0.306352
0.192964
-0.07119
-0.452484
0.0152894
-0.152248
-1.71091
0.268587
-0.046717
-0.432016
0.235131
-0.0929709
0.178752
-0.168006
-0.0281547
1.6114
0.169765
0.0735126
0.105277
0.698715
0.0701926
-0.053132
0.00822432
-0.191334
0.0321246
1.84525
-0.0406669
-0.184499
0.0972734
-0.2727
-0.183906
1.67736
0.225237
0.122874
-0.0450104
0.0969438
-0.347403
1.137
0.0211491
0.161583
0.175909
0.218162
-0.472754
0.0584608
0.196522
0.0777325
-0.239202
-0.0984728
-0.155061
-0.246151
-0.185106
0.101297
0.0737494
0.190213
0.69365
0.281655
0.0448852
-0.153969
-0.133287
-1.75999
0.195484
0.430971
-0.162932
-0.314314
-1.04516
-0.0447427
0.00896217
-0.37277
0.111827
1.74021
0.00357105
-0.0917405
-0.812562
0.0328929
1.53978
-1.38022
-1.41509
0.27665
0.141991
0.378334
0.211641
0.0274732
0.0855478
-0.17649
0.121314
0.00907986
-0.253916
-0.465569
-0.0591997
-0.529999
-0.120302
-0.0215749
0.158607
-0.108799
0.741645
-0.115844
1.09005
0.0679095
-0.134887
-0.071875
0.275343
0.220493
0.895232
-0.100052
-0.11468
0.284164
-0.188515
0.0622666
1.7459
1.95434
0.581084
0.0587073
0.0503114
-0.118019
1.5282
-0.155849
0.158076
0.246257
-0.0321263
1.68452
-0.345432
-0.233011
-0.304491
-0.195538
-0.0530596
0.0476698
-1.67131
-0.296854
0.228758
-1.4303
-0.185004
0.371689
-0.0261009
0.336658
-0.00189402
0.843439
-0.0922637
0.186244
-1.71036
1.50482
-0.177919
0.833866
0.120521
0.2902
-0.420453
1.53588
-0.401005
-0.192034
-0.287952
-0.311581
-0.0559955
0.0348282
-0.684707
0.558215
-1.58128
0.112547
-0.29052
-0.178026
0.157161
1.56257
-1.26594
0.0273595
-0.0859084
-0.172112
0.00672661
-0.0249973
-0.00616874
1.58774
0.116656
-0.0676031
0.322346
-0.158382
-0.454311
1.93881
-0.555892
0.179968
0.0486917
0.0182847
0.414433
-0.613688
0.0521938
1.02824
0.145738
0.0474889
-0.0832939
-0.109081
0.139435
0.0790839
1.21232
-0.0852358
-1.77759
0.109044
0.134887
-0.0164336
1.28483
0.897429
-1.46813
-0.0816178
0.109552
-0.147195
1.90543
0.276148
0.155233
1.73932
-0.184218
-0.513283
-0.0263415
-0.253686
-1.45594
-0.0421663
-0.200473
0.0443114
0.0956094
0.290131
1.31771
-1.82155
0.194543
-0.29751
1.4452
1.3241
-0.472738
0.239663
-0.0224079
0.0149612
0.0892802
-1.11308
0.12597
0.0652759
-0.0721848
1.41576
0.201803
0.141378
0.347063
0.0378558
-1.67371
-0.356422
0.0940073
0.149252
-0.463242
0.0722609
0.213193
1.02364
-0.030731
1.87744
0.110654
0.150311
0.0356102
1.33062
-0.0977311
0.0680665
-0.0794767
0.162178
-0.175475
0.151756
-0.0340235
-1.47525
0.00650102
0.156176
-0.316364
-1.89409
0.227345
0.0790969
-0.117406
0.00669875
-0.22166
0.452632
0.382062
0.0192501
0.292748
0.189147
-0.750429
-0.200953
0.221293
-0.0012623
-0.165917
-0.117143
-0.107037
-0.367405
0.144831
-0.189206
-0.30981
0.255386
1.84407
0.586908
0.626045
-0.940503
-0.558456
0.121342
0.25158
0.0492188
-0.0172458
-1.92478
-0.207476
-1.66922
-1.09462
-0.0787966
-0.0530289
-0.986163
0.293472
-0.115535
0.130237
-0.281625
0.0206802
0.243591
0.29839
-0.212385
1.08565
-0.0872402
0.107301
-0.0214354
0.216016
0.129121
0.0406121
-1.13118
-0.211553
-1.38614
0.963717
0.0678721
-0.0970066
-0.241007
1.59639
0.0654579
1.3356
-1.60163
0.250131
0.289585
-0.164107
0.530645
0.641261
1.38431
-0.222327
-0.0765866
-0.0705647
-0.363833
-0.15962
-0.305969
0.217528
-0.0301309
0.0014398
0.0716924
-0.913468
-1.70629
0.054953
-0.883956
-0.0876266
-0.0285766
-0.177749
-0.256715
-0.287469
0.253144
0.0788673
0.0232588
-0.168237
-0.148203
0.136519
-1.35671
0.121386
0.349716
-1.93417
-0.0168975
-1.44625
-0.13363
1.22957
-0.0568859
0.266935
0.306043
-0.70933
0.199458
0.364605
-0.0248669
1.00359
0.129228
-0.0227844
0.0716334
-0.0341402
-1.13353
1.93176
-0.234891
-0.253281
-0.262328
0.0465916
0.256783
-0.0139912
0.0865069
1.47237
0.118527
0.364407
-0.271535
-0.0323526
-0.596808
0.317556
-0.0297962
-0.267051
-0.0737854
0.319102
-1.26536
0.0745075
0.107094
0.301576
0.263694
0.40576
-0.236256
-0.273255
-0.174276
-0.377493
-1.53913
-0.0122116
0.108069
-0.141957
-1.91958
0.953508
0.0359451
1.0164
0.224675
-1.17425
1.83882
-0.169311
-0.110862
0.298725
0.0465438
-0.201949
0.442194
0.351444
1.33409
-1.7486
-0.0530012
0.157343
-0.129895
0.0771166
0.337897
-0.0682367
1.61657
1.21633
0.0139637
-1.97891
-0.395503
1.49164
0.202303
0.0135532
-1.85582
-0.0606802
-0.0784826
-0.00260395
1.18319
0.0146671
0.332253
0.36521
-0.873559
1.46231
0.409821
-0.0292873
-0.440253
0.0863367
0.14838
0.030163
0.0441587
0.537949
0.399375
0.0825884
-0.0554178
0.14788
-1.03354
0.284641
0.195982
0.0712913
-0.111423
-0.351294
-0.0642229
-0.0905066
0.114651
0.0260694
-0.354989
1.25546
0.305087
-0.139703
-0.402644
0.226107
1.67002
0.0203735
1.08252
0.23268
-0.0418351
0.0915209
1.95217
-0.300288
1.5527
0.0948313
-0.131982
0.688278
0.00762191
-0.141084
1.88074
-0.0362167
-1.82989
-0.004504
0.86063
-0.122692
-0.123253
-0.0879138
0.108579
-0.215675
1.49778
0.75048
0.320903
0.0704706
-0.448493
0.162216
0.290232
-0.214788
1.92456
-0.24056
1.19713
-0.25792
1.48034
-0.34434
-0.229105
0.14234
1.40205
-0.190157
-0.642524
0.0197903
-0.10509
0.0584286
1.56875
0.77991
0.382197
-0.277403
0.0920183
0.135839
1.97625
0.748613
0.0159346
1.83158
-0.377555
0.0753404
0.153013
0.309835
0.0686794
0.159756
-0.174106
1.54699
0.122458
0.591987
-0.0474774
1.10921
-0.607117
1.15766
-0.208155
-0.0613996
-0.0497851
0.0658871
0.116756
-0.117
-0.312043
0.177397
0.288714
-0.150378
0.671239
0.285072
0.714073
0.240358
0.520513
0.551142
-0.16242
-0.0337549
-0.255626
0.273615
0.379093
-0.00430994
-0.000333092
-0.121714
-1.5319
0.113909
-0.00393125
-0.180802
-0.0366767
-0.0944301
0.195768
-0.242463
0.116913
-0.0114055
-0.133169
1.16245
-0.352316
-1.09902
-0.839387
1.78969
-0.274865
1.70912
-0.0194085
-0.156861
0.0313634
0.295916
1.79844
-0.159885
-0.81079
0.746717
-0.0418441
-0.248787
0.340723
0.161627
-0.223792
-0.0229817
-0.201127
1.31358
0.000465366
-0.137425
0.0633827
-0.0381024
-0.0438867
0.155327
0.344743
-0.168829
-0.0414357
0.451561
0.0460496
-0.317359
-0.219883
-0.394594
-0.0180527
0.43413
-0.379436
0.121921
0.95913
-0.19721
-0.00442182
0.539511
0.0523863
-0.218364
-0.101824
-0.138061
-0.0214447
0.106436
-0.328432
0.00394768
-1.40131
0.833389
0.0905244
-0.165378
-0.355866
-0.10575
0.198642
0.0436525
1.59557
-0.288675
-0.892689
-1.2091
-0.266618
-0.332762
0.141323
1.93064
-1.92137
-0.0656033
-0.79234
-0.156064
-1.13828
0.18512
0.206989
-0.157866
-0.288666
0.179531
-0.00951668
0.115043
-0.0339565
0.341242
-0.518946
-0.167636
-0.055936
0.33126
-0.195306
0.229142
-0.511579
1.4518
0.120156
-0.217649
-0.109823
-0.0481404
-1.81266
-0.81606
0.227862
-1.25658
-1.25876
0.0180753
0.229363
-0.888856
0.711277
0.320554
1.21903
0.118248
1.61447
0.180319
1.59587
-1.10733
0.213522
-0.0710083
0.706127
0.0353902
-1.12698
-0.703641
0.0947753
0.539018
-0.408182
-0.199563
-0.00119107
-0.0166683
1.65493
0.221747
-1.24835
0.17504
-0.277596
-0.029662
0.305942
0.118403
-1.08991
0.0679566
0.219842
-0.180128
0.0645282
-1.27219
-1.84566
-0.0945185
-0.157468
-1.66304
0.138792
-0.0457678
0.306619
0.0139664
-1.29417
0.152711
0.24984
-0.0451616
-0.130411
-1.26528
-1.83884
-0.311475
0.185037
-0.020966
0.0606476
-0.323065
0.159611
0.171878
0.222908
-0.122398
-0.0967053
-0.260602
0.0641631
0.041507
-0.117598
-0.240236
-1.65694
-0.0662364
0.0310643
-0.115058
0.177173
0.190125
-0.170706
1.09766
-0.00913895
0.173947
0.951836
-0.169549
0.216763
-0.00744935
0.189228
0.44909
-0.25769
-1.42461
0.967526
0.193533
-1.51202
-1.67488
-0.0188169
0.03661
1.58209
-0.25755
0.157746
0.329558
0.261941
1.42129
-0.0538223
0.074901
0.178246
0.922949
-1.16446
0.0811953
-0.133004
0.0872025
0.0242056
-0.173342
-0.134771
0.4186
0.131013
-1.78326
-0.389295
-0.165733
-0.160955
-1.22566
0.128933
0.2946
-0.0134387
0.232542
0.0587678
-0.41887
-0.0228581
-0.456515
0.108225
-0.108673
-0.00270513
0.303455
-0.0815408
-0.1896
0.20041
-1.04997
-0.176584
-0.0806607
0.222054
-0.200814
-0.198995
0.263342
-0.16829
0.137453
1.56648
-0.18983
-0.237271
0.0135745
0.00865979
0.115853
-0.0705051
0.0198665
-0.0648385
-1.42592
-0.0467634
-0.189498
-0.436452
-1.51953
-0.135382
0.204251
-0.338018
0.0545616
-0.017581
0.094888
0.036384
-0.248286
-0.177312
-0.441225
-0.145016
-0.184918
0.0343712
-0.060231
-0.0371783
0.0326801
-0.325083
0.0245366
1.85973
-1.25029
0.177899
-0.315126
-0.0270133
1.8937
1.15036
1.16116
-0.0743038
0.293719
0.152137
0.158979
-0.0668493
-1.80289
-0.96123
0.191823
-0.872527
0.191449
-0.708499
-0.046101
0.366229
-0.140636
-0.185641
1.83878
-1.99313
-0.321256
-0.399369
-0.0386507
0.266325
-0.142235
0.56415
-0.126857
0.0186925
-0.131577
0.168424
0.302231
-1.33922
-0.0565535
-0.110902
-0.0704903
-1.47758
-0.058365
0.0625429
1.2395
-0.901849
0.14943
0.130637
0.267461
-0.097857
0.172648
0.278935
0.117046
1.49488
0.0704263
0.0428924
0.603193
0.103228
0.0767602
0.178344
-0.0342229
1.90758
0.0374778
0.892023
1.74858
0.198213
-0.0337015
-0.843598
1.50937
-0.0545292
0.159674
0.174328
0.83964
-0.0124921
-0.642061
-1.26093
0.372452
-1.91802
-0.189338
0.114953
1.86351
0.132995
-0.304903
0.11614
-1.90784
1.9176
1.74158
0.108415
-0.0266481
-0.113028
-0.124984
-0.116439
-0.02139
0.166173
-0.307777
0.768085
-0.701486
-0.0504362
0.105237
-1.96985
0.0356198
-0.0447981
-0.385405
-0.0749099
0.263855
-0.0793641
0.035539
-0.00219236
0.0928876
0.171492
0.086079
-0.098841
0.141294
0.228767
1.76122
-0.820693
0.0263854
-0.189127
-0.172929
0.182664
-1.40993
1.94427
-0.159548
0.362027
0.0811598
0.0574978
0.964056
-1.78526
-0.141799
0.199488
-0.573239
0.345012
-1.80657
0.715741
-0.495101
0.719292
0.0804098
-1.72043
-1.53563
0.035915
0.244558
-0.12544
0.0850284
-1.77614
-0.196037
-0.828132
0.489383
0.507778
0.309014
-0.0654292
0.0138195
-0.163275
0.140823
0.0975956
0.00323637
1.76504
0.103869
0.0847255
0.0969648
0.191811
1.05149
0.335318
-0.0834842
0.164539
-0.0472505
0.0443292
-0.251846
0.146551
0.382322
-0.0622243
-0.238621
0.206693
0.883058
0.213781
0.278626
-0.0152764
-0.177011
-1.25007
-0.000951438
0.456767
0.0288364
0.113967
0.383684
0.0215933
0.424441
0.237734
-0.00436178
-0.219271
-0.828178
0.297977
0.570406
0.148478
-0.353269
1.25107
-1.46331
-1.71572
0.28652
0.201771
0.171947
-0.8633
0.0770616
-0.0972125
0.0701117
0.0791343
1.53831
-0.197843
0.220054
-1.42068
0.170148
0.0920086
-0.157176
-0.891357
1.56781
-0.0454057
0.378393
0.0482398
-0.109079
0.31929
0.203236
0.00453185
0.555079
-1.33016
-0.142582
-0.846602
-0.0451457
0.0607164
0.287884
-1.20366
-0.14032
0.33284
-0.0704876
0.181473
-0.0521044
0.502437
0.98814
0.736956
0.0556623
-0.235424
0.248903
0.126686
-0.798842
0.224904
-0.0201332
-0.0238929
0.0394391
0.0553019
0.152835
0.165964
0.21065
0.133353
-0.109998
-1.47682
-0.0380074
0.0223689
0.789374
1.27925
0.325136
0.167569
0.164016
0.0519529
-0.00535964
-0.148132
0.380433
-0.141665
-1.09682
0.0443881
-0.615977
0.149938
-0.411544
0.209586
0.260722
-0.20507
0.127985
0.191229
-0.0879052
-0.0763141
0.152402
0.230632
0.22943
-0.155906
0.122545
1.18786
0.137333
0.368762
-0.0231423
0.00983874
-0.230859
-0.253527
0.440912
-0.0924425
-1.76747
0.105709
0.0590544
0.0439768
-0.0100025
0.0981755
1.21342
-0.416839
-0.313137
1.52067
-0.245401
0.182102
-1.86974
0.152903
-0.329001
-0.297988
0.378752
-0.651916
-0.393097
0.842669
0.242539
-0.46912
1.03137
-0.857971
0.187224
-0.0924127
0.333725
0.193313
-0.089414
-0.0605828
0.350807
-0.0423442
0.0170738
-0.206562
0.0360767
0.329199
-0.0423436
-0.189002
-0.930605
-0.0223449
-0.0632312
-0.165329
0.821877
-0.130303
0.0635861
-0.014995
-0.401942
0.437989
0.671906
0.183193
0.120823
0.745893
-1.73727
-0.0190255
0.092978
-0.0417044
-1.20693
1.48415
-1.3331
0.112392
-0.0413195
-0.261115
0.236136
-0.131706
0.0640238
1.13553
0.0435003
-0.00516944
0.0952233
-0.0928114
-1.88287
0.67248
0.342605
-0.0968112
0.026192
0.049716
-0.540729
0.0509552
1.25127
-0.0165602
0.18869
-0.243097
-0.00944348
1.82674
-0.0785915
0.0542489
-0.179482
1.64772
1.01685
0.0247353
0.016494
-0.278931
-0.113492
-0.00988504
0.147752
0.122889
0.0385591
-0.114888
0.345181
-0.535691
-0.246644
-1.41302
0.337751
-0.301539
0.0116414
-0.422524
0.343404
0.31876
0.122484
-0.192673
0.976383
-1.10129
-0.257728
0.0271533
-0.107535
0.0967568
0.216629
0.0950745
0.273578
-0.0314446
0.220664
1.76668
0.192132
0.38868
-0.0610178
0.452331
-0.058947
-0.0398572
0.32838
0.0015071
1.22741
-0.414515
0.270167
-0.673582
0.0506007
-0.0829248
0.775687
1.38482
-0.104616
0.204641
-0.244805
-0.0254293
-0.136462
-0.0843717
0.258461
-0.159615
0.357032
0.17797
0.422229
0.166533
-0.104865
0.176429
0.179464
-0.112119
0.331755
-0.111676
0.00853146
0.0443091
-0.200015
-0.145392
0.446682
0.0729443
-0.365467
-0.00463502
0.04338
0.161663
0.794281
-0.237861
1.73176
0.378907
0.207058
-0.173073
1.28725
0.276865
0.511537
-1.62886
0.149914
1.73039
-0.747508
-0.758122
0.131706
-0.174355
0.369209
-0.0233677
0.693399
1.21578
-0.409718
0.666279
0.0431025
-0.804256
-0.209005
0.0836268
0.00575709
1.78977
-0.0475795
-0.0347478
0.0159047
0.528339
0.838229
0.0273477
1.08587
0.182509
0.792218
-1.80491
1.03404
0.231275
-0.0705651
1.48534
0.0524258
1.80169
0.105168
0.104176
1.73938
-1.27187
0.0178704
0.0380044
-0.202877
0.149696
-0.167437
-1.60425
-0.420751
0.246417
-0.336869
-0.0311432
-0.221737
-0.299845
-0.017307
0.0248964
-0.139668
-0.12399
0.172906
0.0330102
-0.0582553
-0.197447
-0.0563088
-0.0239635
-0.113885
-0.356849
-0.0301216
0.191595
-0.0333197
-0.327285
0.0157614
-1.97109
0.0772137
0.325944
0.319396
0.179854
0.705969
0.258679
0.115923
-0.408676
1.84794
0.187306
-0.147435
0.149659
-0.103984
0.0172336
-0.112799
-0.167188
1.53825
-0.0408332
-0.0989194
0.221594
-0.0825603
-0.266734
0.161762
0.0586995
-0.0287875
0.227558
0.0939823
-0.148446
0.0853304
0.243489
-0.277341
-0.153475
1.27052
-0.0135532
-0.0219905
-0.0324737
-0.0166845
-0.0842348
-0.159692
0.275029
0.0329554
-0.128981
0.215241
-0.066383
-0.078217
-0.468494
0.297019
0.0936671
-0.0734954
-0.0116952
-0.888401
-0.268005
-0.600741
0.33082
-0.0025644
-0.778151
-0.708237
-0.0411319
1.52001
-0.335127
0.195324
0.210346
-0.082404
-0.191787
-0.0484529
0.118518
-0.096099
0.240655
-1.90198
-0.0309522
0.198345
-0.535156
-0.0553552
0.254556
-0.0468028
0.263988
-0.0724772
0.206123
0.242176
0.191013
0.0928726
0.526548
0.727858
1.98946
0.0870527
-0.839039
-0.314472
0.183913
-1.43558
1.08696
-0.0388151
-0.196811
-0.140706
-0.182718
0.114375
-1.40506
0.243349
0.272927
0.201393
0.0625031
1.22643
0.282332
0.114401
1.17438
0.159273
0.378858
-0.0631811
0.0235037
0.0194127
-0.17495
-0.211122
-0.0635269
1.45171
-0.193276
0.0481778
0.715266
1.89895
-0.932029
-0.0305083
0.0688951
1.46746
0.144016
0.227602
0.275581
-0.0248803
1.64359
-1.35175
-0.107004
0.0804307
-0.195493
0.306968
-0.238814
-0.0513953
-0.221647
0.348055
-0.317121
-0.0340619
-0.110201
-1.82655
0.156901
-0.949299
-0.124751
0.0592497
-0.147191
0.297777
-1.78356
0.0475723
-0.0843335
0.259913
-0.260954
0.0175224
0.139187
-0.37868
-0.0611443
-1.84548
-0.171543
0.0468133
0.1086
-0.292047
-0.0869352
-1.5694
-0.0961042
0.2523
0.000969653
0.411651
-0.156643
-1.48759
-0.0172018
-0.168825
-0.223512
-0.910353
0.324684
0.14532
0.0342536
0.109481
-0.0137753
0.209045
-1.83281
0.0887497
-0.0196386
-1.60272
0.0832092
1.61665
0.151355
0.329752
0.597676
-0.56987
-1.44747
0.177271
1.0645
-1.59706
-0.217844
0.384452
0.0862963
-0.355465
-0.251801
-0.102042
0.144765
0.0644395
1.76467
0.282739
1.43543
0.583025
0.0242148
0.0523015
-0.026275
-0.0412721
1.50076
-0.666139
-1.89092
-0.11869
-0.0658418
-0.123381
-0.187582
-0.00157094
0.0731525
-0.248498
-0.154931
-0.346468
1.4588
-0.0312896
-0.0304949
0.221744
-0.125837
1.47379
0.703902
-0.112156
0.0254792
-0.157901
-0.183357
-0.158169
0.436307
-0.0485126
0.124117
0.695234
0.305615
-0.322647
-0.140815
-0.61028
1.2524
-0.260386
-0.143923
0.448013
0.800483
-0.228264
0.195282
-0.465359
0.146656
-0.452785
1.76236
-1.33936
0.0124871
0.294675
0.115236
-0.160495
0.161297
0.228371
-0.0186813
-0.0692305
0.319267
0.855226
-0.0621471
-0.21896
0.134816
-0.351429
-0.113627
-0.159494
0.25089
-0.538339
0.860217
-0.258093
-0.172302
0.0573784
0.206818
0.111247
-0.325274
1.02533
-0.390305
-1.50554
-0.453318
0.123541
0.0387739
-0.158056
0.0190515
0.236141
-0.986923
-0.143755
-0.185393
-0.131455
-0.0360618
-0.442649
-0.876795
-0.169187
-0.131822
-0.331281
0.145674
-1.9853
-0.205707
-0.115902
-0.419971
-0.0617935
-0.394818
1.75512
0.0350178
0.0618781
-0.00287328
0.014728
-0.0977337
0.0485498
0.11449
1.12496
-0.173849
0.424978
0.419628
-1.61849
-0.255889
-0.807767
0.767701
0.39701
-0.024458
1.90198
0.0951441
0.0938146
-0.185776
0.124094
0.0119645
-1.9541
-0.355355
-1.01148
-0.190427
0.0597117
-0.328401
0.123708
1.32018
0.0813797
0.439861
-1.91129
0.0551184
-0.0851976
-1.15339
-1.77373
-0.0284967
0.237214
-0.209708
-0.310973
-0.528874
-0.00410419
0.099862
1.36226
1.32735
-0.0804574
-0.172348
0.493039
-0.779365
0.268649
-1.0715
0.586968
-1.10882
-0.279904
-1.16664
-0.248397
-0.132408
0.121156
-0.209814
-1.48095
-0.089586
-0.0264259
-0.0682777
0.568198
-0.152458
-0.157529
-0.207337
0.0925391
-0.135308
-0.0738396
0.311157
0.331503
1.95523
1.50031
-1.91074
-0.982134
-0.0660884
0.0135564
-0.0955592
0.158164
0.0825545
-0.268166
-0.300301
-0.229056
1.48827
-0.147919
-0.456418
-0.151361
-0.00380652
0.234439
-0.0657208
-1.48623
0.0510842
0.0351377
0.193319
-0.0850478
-0.31956
-0.010254
0.0856802
1.78353
-0.241489
-0.044789
0.0410679
-0.00933648
0.164191
0.0673845
-1.18106
0.223437
0.0832317
0.239932
-0.414513
-1.29572
-0.125734
0.204072
-0.0209892
0.306923
0.518402
0.169519
-0.180262
0.0116068
-0.257102
0.0416787
0.223137
-0.166081
0.0781519
-0.396183
-0.171919
0.0251532
-0.131997
0.084607
1.71417
-0.0915866
0.177203
-0.208094
0.600721
-0.113082
0.216937
-0.226105
0.229144
1.34801
-0.0472209
-1.70921
-0.0267283
-0.122556
-1.59876
-0.241109
-0.138725
0.00712948
0.40131
0.307922
-0.246284
0.194366
-0.887978
-1.84743
0.0962539
0.171024
0.277517
0.561582
-0.0244383
-0.709725
1.99005
0.978547
-1.35023
0.141023
-0.00124741
0.0858053
1.4693
-0.156507
0.108622
-1.15158
0.236973
-0.0399089
-0.0651134
0.0693324
-0.14753
-1.98275
0.118714
-0.837416
-0.0655054
-0.573853
-0.0432348
0.0572304
0.982474
-1.56818
0.0366896
-1.70279
0.0113194
-0.124268
-0.116289
-0.230781
-0.107929
-0.435557
-0.332985
0.236608
-0.552517
-0.0169302
-0.149904
-0.0477687
-0.175127
-0.0314033
-0.150657
1.80237
1.69419
0.240785
-1.70097
0.135249
0.188988
0.0780486
0.135137
0.315305
1.30094
0.18891
-0.0200374
1.6224
-0.0187218
1.1226
-0.144115
0.112722
-0.317687
-0.0412756
-0.264141
-0.0123203
-0.0849577
0.568614
0.312553
-0.0676431
1.56853
-0.169998
0.169555
-0.0665344
-0.0692821
0.15628
-0.960248
-1.76329
-0.0144197
0.0997007
1.12406e-05
-0.290867
-0.021599
0.268562
-0.20998
1.90351
0.00787447
-1.23976
0.0867011
-0.43005
-1.58271
-0.054151
0.470985
1.86712
-1.32005
-0.0669602
-0.0115315
0.117305
-0.21457
0.0831816
-1.8127
-0.0871159
0.051895
-0.378481
-1.50438
0.0219798
-0.0556187
-0.0259587
-0.196709
0.555059
-0.181095
0.10501
0.0412879
-0.0868475
-0.187529
0.0601595
-0.169554
-0.169979
0.677865
-0.0900788
0.762075
-0.252719
-1.45907
0.244504
-1.44058
-0.120652
-0.343829
-0.0245097
-0.239124
1.37659
-0.044362
-0.107976
1.46612
0.151163
0.0186601
0.898876
-0.0185616
0.610498
-0.257686
-1.06542
-1.50625
0.392758
0.909792
-1.97871
1.8298
-0.310815
-0.819273
0.0403892
-1.25478
-0.00909445
-0.654409
-0.165704
-0.215466
-0.281915
-0.316135
0.171519
-0.187508
-1.39504
1.89911
-0.0339453
-0.324348
-0.0174191
-0.0322048
-0.0976246
0.0543676
1.13553
0.173651
0.127365
0.998592
-0.203312
0.298901
-0.216089
-0.12995
0.0251861
0.465191
0.172105
-0.0354571
-0.0359261
0.433716
-0.158853
-0.296068
0.185711
-0.0389517
-0.205573
-0.224733
-0.22478
-0.00394683
0.127969
-0.867119
-0.166707
-1.18094
1.18543
-0.192313
0.31069
0.214703
-0.266709
0.15803
-1.88841
0.205685
-1.76526
1.67073
-0.201711
0.0744393
0.219092
0.017392
1.03225
-1.73555
0.501449
1.86242
0.0546086
1.93909
-0.229415
-0.0569263
0.115635
1.17191
0.186362
-0.0571818
0.232893
0.162981
-0.119166
0.106302
0.141271
1.48059
-0.322975
0.0866947
0.193534
0.270376
0.179186
0.145574
-0.895801
0.696466
-0.131538
0.132483
0.83127
-0.154852
-0.0914727
0.106014
-1.39734
1.2863
-1.03612
-1.71033
0.244356
-0.00927915
0.0516356
0.192824
0.0621316
0.307302
1.41294
0.925578
0.14046
0.0034331
0.248774
-0.210456
-0.239496
-0.18682
0.0211463
-0.115355
0.0381972
-0.600386
-0.0621485
-1.82741
-0.190465
0.0534956
-0.295982
0.0125417
-0.38612
-0.164656
-0.136481
-0.0437434
0.88991
0.0190453
-0.182714
-0.095254
0.134619
-1.44305
0.647077
-0.0382503
-0.1827
-0.000466207
-0.154164
0.0144347
-0.0529861
-0.073386
-0.902898
-0.16705
-0.919531
-0.00122986
0.165978
-0.145282
-0.837833
0.141424
0.298973
0.228449
0.0744418
0.0210797
-0.220813
0.0910905
-1.14286
-1.77553
0.618874
0.0119756
-1.41348
-0.0774661
0.322864
0.071305
0.10992
0.834693
-1.61212
0.261502
0.326072
1.09695
0.4929
0.0375602
0.0922274
0.362473
0.888226
-0.215608
-0.25392
1.80752
0.804892
0.0119633
-0.378354
0.160422
-0.151117
-0.0297508
-1.58595
0.20279
0.516759
-0.0423753
0.0696885
-0.0880748
0.0465715
-0.0360823
0.0967482
-0.122146
0.0291328
0.097811
-0.249423
0.163827
-1.36717
0.233963
-0.121452
0.0648754
1.09874
-0.339479
-0.0960022
1.17888
-0.283073
-0.980948
-0.390245
-0.111447
0.167775
-1.79593
-0.0145862
0.116321
-0.167575
-0.202933
-0.200447
-0.00494245
0.0237698
0.0184019
0.193679
-1.21533
0.795483
-0.1055
-0.265675
-0.0775799
-0.0680589
0.00229928
-1.70243
-0.0994091
-0.451581
-0.337124
0.0402229
-0.148805
-0.290301
1.34372
-0.149336
0.237399
-0.0230901
1.04044
-0.260523
0.0810108
0.430899
-1.81134
-0.0748551
0.114405
-0.737005
0.251212
-0.129348
-0.200999
-0.170273
0.349759
0.0842916
1.30611
0.173519
0.22514
1.58344
-0.683202
-0.22249
0.0720495
-0.0887029
0.230891
0.196434
1.56143
-0.0298744
-0.490518
-0.172556
-0.56854
-0.166106
-0.162338
1.8873
-0.197799
-0.181221
0.0187599
-0.0632349
0.17486
-0.403325
-0.0717558
-0.14918
0.200899
0.151209
0.000710638
0.274523
-0.152445
0.096297
-0.00192345
1.30369
0.158411
-0.199448
0.509835
-0.102708
-0.0591285
0.265573
0.117133
-0.474073
0.0396548
-0.0587374
0.00616625
0.162536
1.85799
-0.525497
0.0411893
0.0634376
0.141515
0.00963662
-0.26396
-0.173989
-1.17436
-0.0458494
-0.00177787
0.0126626
0.01368
0.225045
-1.99529
1.85364
0.0185329
0.123542
-0.236983
-0.126159
-1.94973
-0.0470088
-0.106804
0.543474
0.162961
-1.77258
1.62713
-0.298815
-0.0640548
0.106003
0.166859
0.139067
-0.116561
-0.0905156
0.0923788
0.171411
-0.217847
-0.271576
1.89551
0.3599
-0.137532
0.0750317
1.48451
0.000879875
-0.224472
0.088672
-1.26532
-0.180923
-0.171358
-0.150205
0.227344
0.25697
0.0643411
-1.70625
-0.146638
1.93045
0.125377
0.0377194
0.0374263
-1.46216
-0.130293
1.07065
0.369913
0.0406526
0.30287
-0.425662
-0.228432
0.493503
1.61851
0.93874
-0.088498
-0.154165
1.22849
0.334399
0.189572
0.109415
0.331691
-0.4595
-0.315521
0.902218
0.293137
0.21424
-0.643738
0.0461541
-1.72982
0.0340119
0.0113528
-0.0471437
0.0784843
0.446765
0.103926
0.333731
0.211104
0.154317
0.0615094
-1.05347
0.148288
-0.151684
-0.315149
0.118637
-0.208055
-1.84019
0.279072
-0.381549
0.743817
0.0196662
-0.0821095
1.1576
-0.480969
-0.0146724
0.346904
0.337622
0.0414361
-0.408312
0.270994
0.0838929
-0.553038
0.175085
-1.13414
1.31604
0.306111
1.59357
0.181657
0.000562657
-0.516885
0.000596217
0.260491
0.0617754
-1.07244
-0.332463
0.399885
0.162057
0.0161851
-0.349864
-0.197808
-0.0486205
0.839559
0.139661
-0.175829
0.012546
1.51296
0.282872
-0.0346883
0.0336433
-0.150386
0.203585
0.615874
-1.92335
0.17073
0.273902
0.429355
-0.298127
0.000796353
1.05034
-0.19879
0.0827873
0.334728
-0.0500881
0.0802761
0.514547
-0.0503161
0.25828
0.0852481
0.104742
-0.0217631
-0.331983
-0.212455
-0.255422
-1.0296
-1.69172
0.264127
0.37159
0.0207861
-0.202625
-0.178063
0.364661
0.0600572
-0.0724792
0.0593879
0.027568
-0.037276
0.328979
0.113297
0.133502
0.0151212
-0.114509
-1.40744
-1.10343
0.0251328
0.21573
-1.29903
-0.0996075
0.190251
-0.0700084
-0.613086
-0.0625448
-0.171859
0.257454
0.287663
-0.164829
-1.31764
0.0219626
-0.161986
-1.73281
0.00585421
-0.205579
0.0587627
0.166499
-0.0101552
-0.124779
0.348357
0.127313
0.24306
0.435989
-0.0797226
-0.0505834
-0.0242558
0.156101
-0.0963849
-1.68697
0.293017
-0.0147477
0.229499
0.154229
0.234096
0.251841
-0.690664
1.38125
0.160845
0.207456
0.0610173
-1.78256
1.42617
-0.0494229
-1.64377
0.136189
-0.0464712
-0.132126
1.09955
-0.173006
0.167572
0.0804761
-0.0774892
-0.246777
0.131996
1.27477
0.241915
-0.258043
0.00305273
1.99449
0.228059
-0.00963226
0.957805
-0.388866
-0.210509
0.0889297
0.127563
0.0559261
-1.49323
-0.132393
1.22829
-0.201254
1.32634
-0.131611
0.575218
-1.75965
-0.149635
-0.0236604
0.196669
1.80852
0.080977
0.211804
-0.0782947
-0.935118
-0.279098
0.0532071
-0.0485736
0.0160861
-0.269337
1.97902
1.20863
-0.182282
-0.211852
0.518988
-0.115619
0.0114914
0.242065
-0.0399535
-0.238897
0.234147
0.170706
0.927761
-1.64528
-0.0219631
-0.0614413
0.0163211
-0.020911
0.242193
-1.15789
0.171199
0.228792
0.175539
1.09017
-0.158621
-0.241285
-0.145645
-0.369226
-0.195781
-0.0136646
-0.356135
0.00333716
-0.0327342
-1.7317
0.53781
-0.0364393
0.0399963
0.0247722
0.293915
0.203047
0.137067
0.208427
0.030373
-0.0482165
0.358482
-0.33289
0.671356
0.192118
0.0386853
0.269661
0.0623578
-0.0433633
-0.0662579
-1.15617
-0.327731
1.28585
0.087603
0.994029
0.283372
-0.130213
0.372909
1.69444
-0.267245
-1.88591
1.08868
-0.834257
-0.0665433
0.00238616
-0.163902
0.386041
0.414063
-1.86023
-0.243623
-0.204641
-0.670949
-1.6039
-1.20251
0.026353
0.0591235
0.263467
-0.330627
-0.140396
-1.02049
1.41945
0.0173587
0.417826
0.14692
-1.80024
0.184341
-0.0739137
-0.0347229
0.160536
0.274316
-0.19133
0.135546
0.372855
-0.206482
0.225841
0.314458
-0.104957
-0.071458
0.365341
-0.312688
-0.0538604
0.304345
0.239862
1.22037
-0.0738011
-0.0612336
-0.197809
-0.153354
0.0842182
-1.38186
0.0157443
1.70588
0.179453
-0.605722
0.0639389
-1.75592
0.0653811
0.0739345
0.0929028
-0.00529027
1.07484
0.237028
-0.0950869
0.0942824
0.870632
-1.4991
-0.0678166
-0.0436249
-1.78317
-0.0785468
0.0248997
-0.299538
0.145808
-0.168474
-1.26741
-1.56407
0.00174531
0.0261043
-0.334742
0.0719325
0.0225078
0.246246
-0.0912953
0.272915
0.0673433
0.113398
-0.0143872
-0.203951
-0.331889
0.0279451
-1.60522
0.0862614
0.444361
0.0863562
0.841533
-0.0854079
-0.188243
-0.0530747
0.193257
-0.126361
0.274324
0.183937
-1.97296
-0.306316
-0.0432746
-0.211412
0.292766
-0.159254
0.0907756
0.0973827
0.029953
0.733928
-1.30473
1.80721
0.023459
0.901652
-0.331857
0.0560108
-0.064343
-0.214985
-0.314934
-0.157542
-0.331065
0.0931371
1.37567
0.113447
-0.95865
1.30114
0.0869061
0.0744284
0.660794
1.09445
0.134872
1.93791
0.166533
1.95307
0.0653799
-1.54284
0.229576
0.0549669
-0.557736
0.226551
-1.9563
-0.152874
0.125942
1.01374
0.954364
-0.241598
-1.3432
-0.154495
1.75638
-0.137445
0.0780271
-1.6825
0.127925
0.150888
0.458011
0.0787191
0.219406
0.403362
0.294933
0.265256
0.271214
0.191837
-0.322832
1.01536
-0.149987
0.463468
-0.165442
-0.221276
0.177678
0.689363
0.2125
-1.41418
-0.144971
-0.273253
-0.233416
-0.0294294
-0.310652
-0.0491201
0.154274
-0.421405
-0.0970008
0.0944741
-0.304647
0.248067
0.330075
-0.500461
0.178317
-0.217896
0.143339
0.861141
0.000147982
-0.211707
-0.354877
0.0797289
-0.591045
-0.460939
-0.20442
0.252566
0.0328102
0.0439348
0.0434864
0.107547
-0.0021695
0.201759
0.0371679
1.22941
-0.363254
-0.0504378
0.405524
0.0840756
0.28104
-0.972012
-0.0195024
-0.111643
-0.0496274
-0.0594693
0.0202876
-1.43024
0.0953669
0.0449496
0.0680615
0.0129557
-1.01607
-0.0332069
0.242956
-0.113662
-0.0661412
0.103994
-0.14296
-1.30279
0.205425
-0.257501
0.0187795
0.0732547
0.146841
-1.59859
-0.382777
1.87474
0.271739
-0.433703
0.293914
0.306152
-0.166163
0.0799424
0.00872258
1.88923
-0.413845
0.371061
-1.9644
0.0253107
-0.0531456
0.268554
0.116746
-0.396796
-0.175922
1.50886
-0.075035
-0.0205975
-1.07494
1.75865
0.215652
-0.484363
-0.0686243
-0.813136
1.22783
-0.0277612
-0.327666
0.0852069
-0.0470833
-0.21857
1.5215
0.108741
-0.0514393
1.79992
-0.0432052
0.0227116
-0.332535
-0.909242
0.0371267
0.0144306
-0.284679
1.607
-1.89673
-0.205314
0.257015
-1.86194
0.311141
0.0510355
-1.24034
-0.203057
0.0835523
-0.203692
1.10849
0.0263793
-0.176437
0.0287004
-0.0871896
-0.571415
0.39762
-0.394529
-1.61891
0.163743
-0.207203
0.291076
0.253067
-0.0244016
0.414184
-0.336887
0.136119
-0.0905413
-0.126313
-0.193153
-0.0585394
-0.406358
-0.75474
-0.119499
0.0209084
-0.0446636
-0.302419
-1.9247
1.1015
-0.129846
0.218354
-0.672503
-0.798612
-0.191529
0.385963
1.72213
-0.221279
0.115894
0.00933607
0.142048
-0.0488218
-0.149574
-0.124118
-0.388539
0.180485
-0.049416
0.130513
0.531903
0.144769
1.04476
0.413215
-0.970251
0.192953
-1.83452
1.97957
-0.0893388
-0.204006
1.35513
0.150782
-0.46129
1.79835
-0.0945981
-0.279937
0.140079
0.838499
-0.0183939
0.149335
0.824461
-0.0975291
0.0771474
-0.235402
-0.149194
-0.0272697
-0.258705
0.637774
1.89223
0.144581
-0.0579483
-0.116622
-0.160329
0.0955408
0.66902
-0.0196627
-0.15729
-1.74731
-0.261898
-0.152277
0.0155685
0.180679
0.0944113
-0.117477
-0.179848
0.127689
-0.18634
0.0743329
1.16217
-0.0138517
-1.2624
-1.02541
0.0477047
-0.388351
0.00297503
-0.0749178
0.619347
0.116863
0.370836
0.484045
0.228928
0.101048
-0.0857881
0.692151
0.0515713
0.219751
0.184029
-0.0196886
-0.0171524
-0.183042
-0.0777668
0.281385
0.240166
-0.354365
-1.61698
-1.92944
0.0504805
0.453234
0.581254
0.0717148
0.125554
-0.0872387
-1.14448
0.101553
0.193991
0.126689
0.0630012
-0.0728403
-0.00599537
-0.117362
-0.0342856
-1.88397
-0.257283
0.336634
-0.0975552
-0.267166
0.366243
-0.0356253
-0.271314
0.113721
-0.349602
-0.122713
-0.0197408
0.242132
0.578173
0.128105
-0.87907
-0.060053
0.985137
1.64248
0.0235129
-0.684698
0.0213025
0.289144
-0.379298
0.15586
0.0310176
0.140697
0.0336227
-0.746746
-0.339427
0.135538
0.284604
0.604289
0.0165048
0.45671
-0.0724802
-0.00222264
-0.0796962
0.130581
0.216691
0.159072
-0.0938078
-0.115132
0.856419
-0.133439
-0.0706596
0.240005
1.73192
-0.0206351
-0.131309
-0.0813895
-1.92277
-0.0835559
-0.236362
-0.165898
0.851066
-0.674655
-0.82523
0.115919
-1.81743
0.045973
0.113878
-0.331767
-0.0446347
-0.493557
0.394903
-1.46335
-0.18279
0.126751
-0.309815
0.0393329
-1.63297
-0.00912214
-1.19599
-0.120528
0.0940276
-0.00640464
-1.88386
0.965563
1.27172
0.0177385
-0.199965
0.0650489
-0.455309
0.337433
-0.510907
-0.0350925
-0.0936404
-0.189516
0.144686
1.65692
-0.104897
0.272049
-0.187194
-1.32084
-0.912316
1.07769
1.23918
0.181562
0.161941
-1.58419
-1.6524
0.19441
1.08959
0.234122
1.05722
-1.73834
-0.701714
-0.0561594
0.00241092
1.04981
-0.0932303
-0.997668
1.04791
0.0770698
-0.193552
-0.277685
-0.0458167
-0.0439121
0.221225
-0.276012
0.0134051
0.0972485
0.164291
-0.0573815
0.755019
-0.14395
0.112379
-0.0734022
-0.00296459
-1.835
-0.333897
1.11368
-0.152402
-0.122665
1.48647
0.152916
0.292321
0.343557
-0.317751
0.0512211
-1.64578
-0.0610522
-1.7982
-0.211908
0.861392
0.152139
0.241864
-0.0895363
-0.0033377
0.0764017
0.60485
0.65753
-0.0896908
-0.0256066
-1.44229
0.0996232
0.0568676
0.110985
0.00942612
-0.233667
0.0416915
-0.0333089
-0.0266023
0.00509889
-0.395736
0.436106
0.0261016
0.221351
-0.208387
0.102947
-0.195657
-0.0429075
0.0608771
0.938388
-0.0878095
-0.0739694
-0.187789
0.939127
0.0388387
-1.46878
0.293347
-0.0689051
-0.0294203
0.144501
-0.0707549
-0.197995
0.201853
0.45771
-1.37401
-0.20778
0.153001
-0.232886
-0.120938
0.374655
-0.144924
0.0295367
0.0907818
0.0234407
0.34915
-0.0796832
0.337829
-0.0171069
1.42624
1.73988
-0.0986159
-0.250242
0.00450697
-0.15185
0.489064
0.139296
0.071145
-0.107541
-0.476076
-0.25328
-0.00443859
0.222429
0.120116
-0.142512
0.0286608
-0.159636
1.43149
0.0285913
-0.845447
0.156033
0.0635721
0.0798399
-0.138171
-0.32622
0.131623
0.0412551
-0.210752
0.0342483
-0.0673655
-0.0931126
0.0530929
-0.106002
0.526147
-0.228152
-0.329773
0.244038
-0.213632
-0.249038
0.141628
-1.74696
0.0548229
0.364511
-0.0304256
0.0694398
0.16598
-0.175362
0.320229
-0.359577
0.211672
-0.301017
1.89585
-0.0122423
0.196462
-0.0673241
-1.63664
-0.027866
0.149335
-0.972027
1.98356
0.23245
-0.140558
-0.203074
0.0792383
-0.00499539
0.228012
-0.0172656
0.0556835
0.150944
0.0661662
-0.15809
0.0683813
-0.115325
-0.218309
-0.0376826
0.226808
0.418843
-0.206004
0.18457
0.324224
-0.0804167
-0.0173909
1.64042
0.112607
1.12381
-0.632307
0.0896203
-0.35072
0.0827045
0.141725
0.100225
-0.0951703
0.47935
1.88936
0.0395687
0.0649575
-0.164869
0.420465
-0.233246
0.534572
0.232689
0.154855
-1.60563
0.198118
0.129511
-0.181454
-0.0102273
-1.01748
0.0310249
0.230842
-0.851047
0.483104
-0.198568
-1.56176
-0.951726
0.384521
-0.0545615
-0.157025
-0.10498
-1.47947
0.146453
-0.289043
0.750651
-0.326892
-0.0478562
-1.85244
1.20619
1.59084
1.14973
1.79005
0.0934924
0.148353
-0.0333984
-1.89593
-0.218609
0.295512
0.329693
-0.0878006
-0.320976
0.464968
-0.23357
-0.17953
1.09585
0.0510114
-0.283005
-0.136541
-0.224891
0.0287563
-0.35586
0.242512
0.247208
0.0175115
-0.158795
-0.157229
0.245401
0.0749163
0.00651462
0.0902634
0.923252
1.49223
-0.0310807
-1.32301
0.0104646
-0.150031
0.0361023
0.0886238
-0.13248
0.180595
-1.48319
-0.545667
-0.270108
-1.55922
0.33471
-0.163687
0.0533679
-0.0390321
-0.205865
-0.0122844
-0.144554
0.0564123
0.383776
0.174811
0.0718287
-0.136674
0.0387837
1.66074
-0.363353
-1.80182
0.301203
-0.0948703
-0.0362323
-0.0262655
0.13605
0.0759666
0.388412
-0.134553
-0.799645
0.0756527
0.039015
0.154666
-0.196298
-1.82682
0.325595
0.155981
1.53178
-1.05849
-0.110669
0.303176
0.12421
-0.0694516
-0.260354
0.177348
0.314388
0.20608
-0.461505
0.42273
-0.15162
-0.049606
-0.234725
-1.15245
0.859165
-0.146844
-0.113847
-1.14652
0.346229
0.625341
1.55943
0.107717
0.462558
-0.0964511
0.245585
0.117052
0.0365685
-0.797873
-0.206765
0.0299849
-0.0298384
0.111639
0.457711
0.0108032
0.010546
-0.047618
-0.172641
-0.922884
-0.17155
0.0033301
0.263039
-0.0111373
0.0864819
-0.0415715
-1.08383
0.0164983
0.0323078
-0.029612
0.0450905
0.529622
-0.890734
0.0825348
-1.19531
0.322142
-1.27412
-0.197474
0.0608505
0.744366
1.54773
-1.87936
0.0437736
-0.340992
0.386312
0.275852
0.195768
-0.110766
-0.322494
0.238925
0.0629071
1.97033
-0.504929
0.252424
0.425841
-0.044162
-0.0433186
1.28765
0.035768
-0.0568532
-0.373844
-0.2296
0.15185
-0.0770514
-0.80765
0.146245
0.252229
0.0786313
-0.422889
-0.0236858
0.0201849
1.05253
-1.04989
0.0128075
-0.229145
-0.0914826
0.112053
0.0173987
0.338068
1.7951
0.0222577
0.246911
-0.0419376
-0.866368
1.19548
0.279749
-0.39897
-1.19639
-0.153136
-0.131908
0.130012
0.0293585
1.96037
0.209952
-0.23692
0.877158
1.75906
-0.0591083
-0.96384
1.70535
-0.108091
-0.118493
-0.11891
0.156014
0.544942
-1.02426
1.22008
0.037804
-0.0759673
-0.144651
-0.0756879
0.241756
0.273057
0.295069
0.24772
1.82004
-0.398377
-0.0361007
0.272723
0.0852945
-0.386967
-0.0216678
-0.257572
-1.24168
0.231321
0.0231627
0.18962
0.100361
0.103532
-0.00655893
0.260708
-0.219292
-0.825326
-0.473971
0.0330461
0.111085
0.0756075
-0.0266683
0.567376
1.54147
-0.687062
-0.133469
0.229831
-0.464987
-0.318253
0.0880748
0.0994748
1.21377
-0.244341
0.279786
-0.243958
-1.67207
-1.6544
1.92218
-0.295152
0.0925036
0.392619
0.271693
-0.198237
0.207871
-0.12117
0.0957558
0.190719
-0.248018
1.68127
1.92535
0.0986549
0.117604
0.0587859
-0.104649
-0.215633
-0.0807615
-0.0638217
0.391857
0.581552
0.206715
0.057231
0.0554314
0.190756
0.0982565
-1.74869
0.199378
0.244105
0.242518
-0.499958
0.873238
-0.3121
0.293069
0.126496
0.0616477
0.438284
0.061701
1.33358
0.259825
-1.46934
1.86149
0.218159
-0.0516221
0.125141
0.184413
-0.386721
-0.0497628
0.0695065
0.154298
0.0233679
0.0930162
-1.86433
-0.0311057
0.781762
0.0289281
-0.0969033
0.000939855
0.0195703
-0.109132
-0.2305
0.0758693
-0.171284
-0.0201955
-0.466796
1.4794
-0.302306
0.0753884
0.339382
0.0415926
-0.0595678
0.107744
-0.925068
-0.0666136
-0.143981
-0.148418
1.00227
-0.632229
0.199496
-0.0379019
0.00781297
0.0789753
0.0891781
-0.0480657
-1.226
-0.23751
0.208377
-0.0365502
-0.0866596
-0.00588648
1.5068
0.285995
0.416023
-0.090798
1.23273
1.26225
1.95838
0.83486
0.00683074
-0.0857466
-0.220844
0.385134
0.0142527
-0.0106937
0.412467
1.84098
0.500335
-0.990515
1.52047
-0.259285
0.179986
-0.0627708
0.169542
0.136208
-0.0308083
-1.68421
0.0516835
0.00806719
0.258822
-0.185046
-1.64861
-0.0795138
-0.0136845
0.0400306
-0.249921
-0.179613
0.289
-0.224695
0.0502054
1.72153
0.0244423
-0.958101
0.0590749
0.0417492
-0.100944
-0.0557391
-1.48283
-0.675007
-0.115989
-0.32324
-1.29631
0.101016
0.00158346
0.600817
-0.157856
0.0605705
-0.232651
-0.0145925
0.164455
0.175295
0.0130958
-0.184679
-0.0713362
-0.0274893
-0.202261
0.177287
0.238259
-0.0952252
-0.0049745
0.737608
0.2015
0.0707737
-0.164175
0.118819
-0.362756
-0.250981
0.402246
-0.26069
0.411529
1.1463
0.453102
0.79071
-0.316029
-0.033134
0.114458
0.176748
-1.72737
-0.00571998
0.18847
-0.262932
-0.658814
0.113205
-1.22167
0.0795419
-0.0537678
-0.301869
-0.0376711
-0.0617346
1.24972
-0.139423
-0.39278
-0.196285
0.0653624
0.369466
-0.197225
-0.0353638
-0.218416
0.0970255
-1.91829
0.184521
0.121526
0.36141
0.0150848
0.0042832
-0.160001
0.104857
0.00317086
0.082971
1.98175
0.102233
-0.0871861
0.342785
-0.419629
-0.879987
-1.83171
0.314702
-0.137339
0.0622603
-0.0777369
-1.22438
0.152871
-0.147094
-0.62921
0.0438492
-0.244912
1.62547
-0.16801
-0.0885249
1.23602
-0.058747
-0.387225
0.351921
-0.0783018
0.00126676
0.43471
0.0881258
-0.000478081
-0.0469495
0.147307
-0.301226
-0.0103308
-0.0623734
0.334698
0.225345
0.151466
0.102487
-0.282544
-0.280745
0.161105
1.80859
0.0785537
0.250122
-0.596507
0.00940922
1.82518
1.92371
-0.181051
-0.44887
0.33113
-0.119816
-0.333187
-0.592647
-1.73022
-0.195584
0.0228902
0.0175715
-1.69591
-0.150307
0.0515148
-0.294598
0.00349277
0.357418
0.275231
-0.416968
-0.24661
-0.856165
-0.0116127
1.93651
0.0576228
-0.0399879
0.11923
-0.0643664
1.01797
-0.00704191
0.0315189
-0.0646228
-0.0855288
0.220123
-1.58165
-0.126078
-0.0563214
-1.44331
0.0513733
-0.239177
0.284641
-0.0370503
0.103386
0.177957
1.84296
0.339419
-0.873368
1.10225
-0.31102
-0.143481
0.181137
0.118332
0.132998
-0.158036
1.29544
-0.209948
-0.965835
-0.227673
-0.185208
0.996908
-0.0467297
1.56576
0.953216
1.56323
1.82915
0.127642
-0.0218436
-0.140648
-0.478739
-0.0252272
0.169221
0.214387
-0.316022
0.00211369
-0.127803
0.216829
-0.167797
-1.8796
0.551578
0.0945579
0.0429616
-0.810409
-0.0292367
0.0813313
-0.153753
-1.00443
-0.0677589
-0.237876
0.126152
-0.120807
-0.161151
0.159014
-0.0137392
-0.129681
0.401921
-1.11818
-1.43461
-0.00593525
-1.96333
-0.0537973
0.147049
1.78617
0.281076
0.766823
-0.208359
-1.07291
0.110509
-0.0881327
0.139471
0.328054
0.331617
0.15968
0.0924219
-0.0604216
-1.81024
-1.69406
0.0221658
-0.103515
-0.110093
0.266674
-0.0573806
-0.0958675
0.0853478
-0.268562
0.491476
-0.254816
-0.208914
0.186659
0.0334921
-0.0552203
0.348123
0.0449294
-0.957989
0.026469
0.324039
-0.0944694
-0.150273
1.35341
0.0325038
1.36282
-0.087977
-0.191494
-0.0222421
0.253766
0.00750217
0.602333
0.0409827
-0.619423
-0.0202505
0.314261
0.729576
0.232587
1.56298
-0.0859339
0.116519
0.136997
0.31037
-0.283861
0.109618
0.200895
1.71532
-1.78766
0.00498837
-0.335582
1.40082
0.188612
0.0918874
0.587653
0.24299
0.321996
-1.89122
1.65527
-0.220413
0.30897
0.574225
-0.312422
0.567402
-0.0724035
-0.34307
-0.0363795
1.8387
-0.00415131
0.0533192
-0.00164621
1.09114
0.0844605
-0.00887032
-0.103869
-1.23142
0.105311
-0.153489
0.168089
0.027299
0.241389
-0.11452
0.00702223
-0.0116022
0.0409685
0.291605
-0.305724
0.249259
-1.02306
-0.115521
-0.229536
-0.103144
0.372502
0.012688
-0.0400931
-0.0333779
0.357803
1.72526
1.79969
-0.0292156
-0.164674
0.000287771
-0.339257
1.18795
1.11115
0.07568
0.0383093
-1.9381
0.135657
-0.0949348
-0.0657763
-0.181485
0.261348
-0.0489077
0.103551
-0.179183
-0.00535872
1.47926
0.0586456
0.0755158
0.491941
-1.82908
1.23358
-0.174381
1.496
0.0431254
0.0720445
0.101888
-0.0171463
-0.135957
-0.181042
0.296895
-1.68729
0.00698096
1.74085
-1.4289
-0.97061
-0.0100727
0.168362
-0.0835286
-0.253752
0.05281
-1.36562
0.00268798
-1.0671
1.86099
0.00198085
1.71232
0.1513
0.180144
0.859224
-0.0883011
-0.817509
-0.307201
-0.094966
0.23325
0.098075
1.19064
0.0678653
0.276432
0.345203
0.102073
-0.100224
0.178677
-0.0846877
-0.189413
-0.188536
1.0836
0.218758
-0.443225
0.351715
-0.12095
-0.103655
0.322375
0.394047
-0.224003
-0.173531
-0.125779
1.94309
0.0672894
1.4647
-0.146217
-1.38094
0.364213
0.20239
-0.0056924
-0.297769
0.276532
-0.128159
-0.0510789
-0.0633267
-0.0866733
-1.89489
0.147992
-0.0678606
-0.0271537
0.718295
0.195754
0.172671
-1.72901
-0.0912712
-0.10005
-0.0123075
0.773912
0.895824
-0.189624
1.75098
0.149328
-0.360166
-0.981988
0.156693
-0.178797
-1.56506
-0.258577
0.102454
1.2178
0.0578307
-0.0619086
0.0295518
0.0649172
-0.232538
-1.65523
-0.137043
0.0349115
0.773877
0.0741061
0.995937
0.129591
0.0965758
-0.270469
-0.102249
-1.52302
0.600166
0.125191
0.209615
0.128458
0.428469
-0.57041
-0.438918
-0.268352
-0.0125737
-1.39401
-0.46421
0.192564
0.0739437
-0.446115
-1.02988
-1.03621
-0.162017
1.02469
-0.00563804
-0.260292
0.0234673
-0.236914
0.0607755
-0.306347
-0.0801547
-0.00599498
0.102469
-0.0152378
-0.157061
-0.180829
-0.318801
-0.436064
-0.218389
-0.433789
-1.83748
0.0993823
0.052587
0.0866649
0.0597954
0.0950442
0.0539392
-0.225862
-1.33148
0.170658
0.0862194
0.14604
0.728093
1.43486
-0.169087
-1.3593
-0.04528
0.251492
0.339656
1.8921
0.252224
0.261722
-0.191679
-0.333831
0.437278
0.209632
0.0425436
1.48432
-0.584863
0.705135
-0.0874955
-0.215419
0.0691125
0.279106
-0.0881213
-1.7655
0.0670842
0.180572
-1.56358
-0.0150282
-0.15494
-0.101553
-1.5356
-0.171649
0.0664995
-0.215222
-0.153718
-0.32478
1.27403
-0.0673392
-0.301414
0.0242713
1.73266
1.84495
-0.106754
-0.0656829
0.0560271
0.245264
-0.168658
0.0384953
-0.190755
-0.167788
0.0571325
-0.316321
0.129866
1.83113
-0.977713
-0.0783264
0.424092
-0.43924
0.140167
0.902737
0.0294165
0.31396
0.486897
-0.224893
1.11821
-1.59394
-0.122506
-0.186033
0.24325
-0.546482
0.210201
-0.0277833
0.659731
-1.17752
-0.200296
0.304574
0.231739
-0.241511
0.0148927
0.109239
0.532508
-0.0585152
-0.562042
-1.88804
-0.24555
-0.18179
-0.239337
-0.886425
-0.134682
0.0945842
-0.123091
1.86851
0.109059
-0.157261
0.0663704
0.182394
0.207648
0.353044
-0.934325
-1.38649
0.261317
-0.108473
-0.294284
0.114345
0.0350876
-1.35146
0.0139532
-0.205165
-1.78707
0.187583
0.188041
1.81666
-0.176052
0.387066
0.442813
0.0392203
-1.01954
-0.0186884
0.147167
1.25257
-1.75945
-1.69131
0.197387
0.0289456
-0.0976184
-0.161959
0.194078
-0.0484428
0.087249
0.237854
0.0670614
0.0655343
0.00964364
0.307654
-0.0245383
-0.326496
-1.13772
0.124507
0.434676
-0.257471
-0.201396
0.156871
-0.0293875
1.09845
-0.0174912
1.78328
1.85498
-0.011635
-0.0245917
-0.203067
0.360409
-0.105869
1.34117
-0.0133074
0.477954
-0.103515
-0.397211
-0.25175
0.0847091
-0.33931
-1.64354
-0.070965
-0.704786
1.3121
0.695481
0.0465852
-0.0481966
0.409634
-0.241746
-0.455613
0.261816
-1.07303
0.207296
-0.202859
-1.66404
0.227114
0.256953
0.0977297
-0.0312298
-0.151302
-0.0490656
-0.456908
-1.8933
0.272616
0.271307
-0.887136
-0.146973
-0.0832406
0.191598
0.0732344
0.108724
-1.79379
-0.677156
0.310388
-0.207862
0.13646
0.311042
0.0840046
0.0212923
-0.309595
-0.349334
0.219685
0.00232557
-1.52878
0.0811191
-0.0810295
0.0490165
0.139215
-0.122857
0.00917841
0.272418
1.83682
-0.323822
-0.0593627
0.323072
0.0161118
0.0395149
-0.0143745
-0.24565
-0.0373821
0.00452155
-0.215379
-0.289985
0.716246
0.0189075
0.108558
-0.84217
0.0869556
0.219905
0.0992639
-0.0432163
-0.167096
0.19269
-0.041575
-0.203427
1.76853
0.0797497
0.126953
-0.862329
0.0776315
0.0150946
0.120717
0.352074
0.204201
-0.394769
-0.100537
-0.33597
1.2485
0.409122
0.166427
-1.59129
0.00386546
-0.0872677
0.403427
0.284696
-0.160733
0.245793
-0.14279
0.024369
-0.216302
-1.98648
-0.31615
-0.272393
0.31137
-0.368291
-1.69509
0.482116
-0.131989
1.20594
-0.592695
0.0107929
0.144356
1.45022
1.98729
0.178345
0.197735
0.0270403
-0.138232
0.517864
0.117304
0.133038
0.0314097
0.199343
0.347216
0.040169
0.694962
-0.230258
0.0760927
-0.281684
0.656701
-0.14017
0.17476
-1.35096
-1.30326
-1.5328
-0.0391552
-0.0436859
-0.02118
-1.88402
0.540195
-0.159873
0.610345
-0.00742546
0.0635604
-0.890507
0.42965
0.14713
-1.39461
0.0741208
0.19895
0.177946
-0.0315149
-0.0063743
0.846251
-0.950832
0.0593052
0.0895032
0.0843728
0.360475
0.278371
-0.1711
-0.310298
0.257375
0.21917
-0.446191
-0.20958
-0.368521
-0.311006
-0.141537
-0.190211
0.226407
-0.996124
-0.21712
-1.87155
-0.198036
0.311618
0.164348
-0.676296
-0.882667
0.233362
0.242568
1.03259
-0.110929
0.00795441
-0.205187
0.110896
1.83452
1.91331
0.17621
-0.969494
0.427331
-0.0386241
-0.00506636
1.36627
1.94115
0.263148
-1.80021
0.340538
-0.270585
0.81439
0.200776
0.284731
-0.403507
-1.21583
-0.086266
-0.164226
-0.26217
0.0753575
1.64058
-0.0921774
1.03659
0.0817219
0.873143
1.74236
0.142624
-0.0299892
-0.470806
0.0871224
-0.236145
-0.113959
0.155421
0.142686
0.276759
0.0861438
0.237473
0.0169995
-0.506228
-0.117166
-1.74787
-1.86142
-1.69215
0.071695
-0.00923569
-1.26058
0.0321165
0.279246
0.0770401
0.0362154
-0.0371456
0.0113122
-0.172075
-0.135093
1.88094
-0.337428
0.204419
0.113905
0.208541
-0.181314
0.355868
1.32188
0.77911
-0.294169
0.0896071
1.27481
0.194859
1.98319
-0.0859685
0.427841
0.152719
-0.514262
-1.24937
-1.74144
-0.0246158
1.71201
0.230291
-0.149817
-1.14171
0.742066
0.160339
-0.102023
-0.271721
1.60371
-0.15888
0.100732
-0.0612162
0.230245
1.57847
0.233902
0.135269
0.101768
-0.132351
0.16194
-0.795498
0.0994477
-0.107768
-1.85742
-0.0588892
0.104822
-0.100346
0.43868
0.210571
0.278691
-0.0386355
-0.019675
0.307841
-0.0105943
0.0819085
-1.30364
-1.68425
-0.273703
0.200478
0.234752
0.0488131
1.83225
-1.36154
0.329057
0.00442232
0.978373
0.0736232
0.131574
0.0528093
-1.02168
0.2718
-0.048169
0.187918
-0.108376
-0.42336
1.13816
1.88893
0.0702878
0.138538
0.43649
0.312401
0.121021
-0.166533
-0.078317
0.173645
0.0624566
0.467913
0.0619421
0.0649039
-0.0693954
-0.0418405
0.382486
-0.206154
0.827643
0.146728
-0.16532
-0.241166
0.127343
0.0471922
1.01075
0.00649071
0.0324476
-0.227926
-0.235939
-0.133784
-0.435928
0.173788
-0.0275455
-0.256977
0.0149309
-0.21199
0.722154
-0.174245
-1.23596
0.567248
0.181051
-0.227957
0.0104173
0.214653
-0.144702
0.0531041
-0.266247
0.211751
-1.58546
0.393572
-0.1779
0.149834
0.234543
0.358585
-0.337883
0.0949494
-0.158816
1.65474
-0.0974345
-1.375
-1.60668
-0.233087
-0.00154015
0.23384
-1.16994
-0.187027
1.06178
0.864222
0.349544
0.134609
-1.24296
-1.5986
0.307246
0.0564614
-0.0724448
0.246715
-0.0156683
-0.0531813
-0.110147
0.204613
1.51039
0.349575
-0.096479
-0.80479
-1.49139
1.2044
0.606384
-0.128939
-0.226486
0.00557589
0.157202
0.296189
0.285499
0.189711
0.0267273
0.886327
0.229273
-1.42936
-0.124764
0.291313
0.132629
0.133223
-1.1308
-0.14707
-0.0830513
1.51503
0.965006
-0.862685
-1.99051
-0.156177
-0.0406962
0.101701
0.14852
0.0981402
1.97503
0.184396
0.123274
0.158978
0.0636597
-0.0462029
0.162007
1.73032
0.0239381
1.38669
0.0538026
-0.437567
1.56381
0.152671
0.134334
0.329197
1.75756
-1.66271
0.597103
-0.313583
-0.0579674
-0.0533519
0.18392
0.0009436
1.28955
-0.125692
-0.0877665
-0.146963
-0.90242
0.260038
1.0851
-0.297751
0.0423371
-0.0613105
-0.138553
-1.72052
-0.0633274
0.102979
-0.352482
-0.778018
-0.0703376
0.196124
0.625795
0.0720163
-0.253866
0.267822
0.376656
0.0589082
-0.904096
0.0681279
-0.700998
-0.283508
0.188718
1.26131
-0.128414
-0.0457403
0.00355245
-1.7588
-0.00156475
-0.16245
-0.0505655
0.148316
-0.000201798
0.157917
0.603738
-0.11866
-1.02069
0.0086847
-0.0110305
-1.58312
0.342197
0.54057
-0.155316
-0.06835
0.203711
-0.0468998
0.51203
0.23697
-1.99664
1.38641
-0.246219
-0.255902
0.228978
0.00414221
-0.0479021
0.342996
0.0896695
0.0159519
-0.556378
-0.0957745
-0.0859318
0.0548947
0.359726
0.321167
0.26109
1.34819
0.0707568
1.59649
-0.126341
0.261813
-0.283875
0.29526
0.171711
0.391869
-0.275433
-0.358326
0.1105
0.00965595
0.296272
0.911279
0.0806028
0.339875
-0.251369
0.474395
-0.0154704
-1.14043
-1.71682
-0.295441
0.0341845
0.300003
0.216197
-0.15624
-0.0997205
1.17199
0.0555663
0.23813
-0.138201
-0.0139066
1.08741
0.164249
-0.165764
-0.0410268
-0.0308249
1.0308
-0.0296845
-1.49616
-0.200152
-0.046187
0.272245
0.138821
0.0742191
1.61902
0.0325351
-0.0461504
0.236762
-0.346429
1.15538
1.73616
0.132305
-0.623111
-0.911258
-0.408016
1.98837
0.0354229
0.222214
-0.168643
-0.196155
0.349994
-0.131621
0.0522606
-1.23057
-0.144215
0.24906
0.396951
-1.35541
-0.509028
-0.20656
0.229849
1.70979
0.254386
1.22474
0.178725
1.08886
0.321991
-0.0203934
-0.055375
0.0991114
0.0314093
0.0917338
0.148012
0.108659
1.75026
0.388287
-0.257441
0.213988
-0.197936
-0.341227
1.20113
-1.41751
0.0138934
1.3361
0.261886
0.0306256
-0.0262084
-0.282484
0.0315201
1.71317
-0.0703624
0.0585928
-0.0929298
-0.0325933
0.160826
-1.06052
-0.947838
-0.00734513
1.46443
0.00685144
0.016581
-0.216609
-1.64318
0.126402
0.222092
-0.434662
-0.198883
0.0536358
0.237058
-0.129535
0.278492
0.0442236
0.173466
-0.167727
0.186178
0.277355
0.106135
-0.245291
-0.0999054
0.0707046
-0.318518
-0.041246
0.405565
-0.135177
-0.369642
0.104706
-0.566303
0.0962391
-0.175214
0.0134208
-0.291696
0.0842918
0.0397747
0.130246
1.41827
-0.120217
-0.339227
-0.083722
-0.0206784
0.140183
-0.932338
-0.511312
0.250026
-0.00541098
0.629337
0.222714
-0.294714
1.04183
0.00905787
0.182546
-0.00725918
-0.643826
-0.0834995
-1.0192
0.151946
-0.165186
-0.0497464
-0.144771
-1.72947
-0.130185
1.79611
-0.205579
0.403221
0.0784982
0.0241979
0.265427
-0.0259569
-0.0916938
-0.116918
-0.216418
0.0291993
-1.26141
-0.221143
0.286125
0.153567
0.0640957
-0.0709341
0.219245
0.126903
0.0546103
0.727812
1.37222
-0.077868
-0.177271
0.233871
-0.255709
-0.136323
-0.455507
-0.0481154
-0.0263191
0.354531
-0.129588
-0.0499366
-0.0512881
-0.199466
0.992913
-0.174395
-0.0424818
0.0833596
0.610973
0.0388402
0.00848731
-0.485792
0.0617333
-0.102028
0.137523
0.470784
-0.113604
-0.130099
0.109
0.119609
1.02118
0.0986184
1.88467
0.221935
0.0274769
-0.480773
0.0650437
0.810977
-0.0346962
1.53624
0.0137844
-1.85959
0.656924
0.0973951
1.25478
-0.0227871
1.89966
-0.0576932
-0.0394756
-1.84363
0.256923
-0.00526784
0.136976
0.533557
0.980232
-1.18677
1.28413
0.498332
0.0367699
0.620915
-0.272079
-0.0361118
-0.0524031
0.0892522
-0.625558
-0.160077
-0.253093
0.0524483
0.0968665
-0.0817007
0.0297281
-0.455029
0.086976
0.113889
-0.213882
1.28941
-0.127402
-1.35152
-0.232211
-1.48628
-0.0161734
-0.267208
-0.293639
-0.020656
0.106974
0.729766
0.15085
-1.77737
-0.107128
-0.129859
0.364863
-0.298338
-0.0976862
-1.27077
-0.0301239
0.0525465
-0.137834
0.202917
0.536583
1.00634
0.128216
-1.10133
0.821552
0.269088
-0.190869
-0.125356
-0.0946703
-0.154381
0.364369
0.0622715
1.40259
0.610786
0.0895207
0.561099
0.0729135
-0.72722
0.250429
-0.00516721
-0.072091
0.0809137
0.356272
-0.468536
0.0129005
0.166974
0.621098
1.06804
1.65653
1.9773
-0.166548
0.241722
0.124374
-0.440223
0.0309303
-0.231969
-0.0410924
-0.171131
0.240659
-0.0214474
0.0395256
0.120025
-0.0835068
0.0286683
0.243636
0.324535
-0.160678
-0.16238
-0.359167
-1.31748
-0.292489
-0.0279363
-1.40732
-0.1823
0.340247
-0.0759184
0.0838387
-0.535327
0.173844
-0.438476
0.331696
-0.853121
0.378602
-0.0442192
-0.0230612
0.149026
-0.0391851
1.97332
0.0566946
0.133484
0.105418
-0.0120983
-0.755984
-0.00441734
1.49801
0.383618
0.10624
-0.0368536
-0.170141
-0.415947
-0.79431
0.0725097
1.37188
-0.188204
0.102293
-0.982045
-0.0484346
0.34798
-0.371545
0.252196
-0.145432
0.315944
-0.272874
0.0809038
0.199476
-0.0396098
1.59433
-0.0529649
0.483836
-0.17163
0.279977
-0.121238
-0.119419
0.0206737
-0.793545
-0.00789378
0.545009
0.075815
-0.135851
0.0674743
0.340894
-0.211067
-1.21639
0.31877
-0.13799
-0.0813742
-0.762037
0.400755
0.195996
1.47412
-0.164229
0.0266284
1.14025
-0.182632
0.0714434
0.500156
-0.303932
0.275595
0.032848
-0.357211
-1.05348
-0.11094
0.0809896
-0.141846
1.78432
-0.161626
-0.0094863
-0.324334
-0.0560249
0.13269
0.83484
0.105365
0.179458
-0.0583095
-0.0291336
-1.83758
-1.87406
0.0550501
0.116461
-0.120399
0.368608
0.548915
0.201237
0.321517
0.451219
-0.210855
0.139964
-0.231726
0.0198475
-0.160155
-0.029455
0.078419
0.078635
-0.015691
0.000541814
0.200927
-0.275438
-0.405731
0.186077
-0.707409
0.00813599
-0.299099
0.129857
0.144155
0.0768549
-0.297565
0.197687
-0.266286
-0.20253
0.747064
1.12643
0.256677
-0.0890129
-0.424236
0.153621
0.0608982
0.080354
0.372609
-0.162476
0.274167
1.59659
0.220637
-0.300254
-0.199885
0.177303
0.106101
0.252494
0.0317453
0.193957
0.106987
0.582864
-0.0497014
-0.215389
-0.0298718
0.0353051
1.28188
-0.203577
0.0396334
0.130213
-0.175308
0.142522
0.585513
0.220273
0.0961595
0.244516
0.0954311
0.0654135
0.766544
0.179379
-0.825916
-0.455259
0.114686
0.218137
0.176772
0.69674
-1.10281
0.00281593
-0.192415
0.143355
-0.234302
-0.212097
-0.110765
-0.418868
1.62466
0.0420001
0.00900549
0.0268829
-0.30353
0.101922
0.019101
-0.130889
-0.00671186
0.115478
-0.108218
-0.215667
-0.0579549
0.0355279
1.52379
-0.488006
-0.08166
-1.98954
-0.0201737
-0.380371
-0.248791
-0.0290479
1.39385
-0.314994
-0.42041
0.311915
1.46156
-0.804166
0.230156
0.0979526
0.190091
-1.49562
-0.00310629
-0.177135
0.249807
-0.0709026
1.09744
0.00612088
0.138321
0.0254152
-0.0529594
0.0219272
-0.0372272
0.187986
0.205442
0.921657
-0.201405
0.115672
-0.0867146
0.00745738
0.390072
1.69876
0.569183
-0.136213
-0.173556
-0.078665
-0.457212
-0.244234
-0.262536
-1.70555
-0.069478
0.280185
-0.631068
0.218193
0.731455
0.282937
0.0666635
0.0181507
-0.107652
0.300249
0.205156
0.142159
-0.152074
0.13385
0.262705
0.175789
1.98179
-0.19951
0.16907
-0.00545274
-0.200107
0.353502
-0.0782274
-0.391655
1.41981
1.86066
-0.014032
0.187467
0.0811806
-1.87418
0.127041
0.0998117
0.819976
-0.00647614
0.154237
-0.11494
0.0492714
0.10416
-0.0463076
0.237727
1.82742
0.262245
-0.294673
-0.500996
0.248529
1.10569
0.27467
0.165284
0.592281
0.0577622
0.152023
0.0360462
-0.0165326
-0.197611
0.102389
0.153637
0.196624
-0.300756
-0.0204071
-0.0884882
-0.0348568
-0.29392
0.259729
-0.452938
-0.0486205
-1.7741
-0.0360565
-1.26309
0.218167
-1.22058
-0.0195562
-1.06892
0.0334143
-0.0422288
-0.405031
-1.78095
-0.539124
-0.00285278
-0.112683
-0.241804
-0.184637
-0.0603103
-0.0571719
-0.191856
-0.294395
-0.10155
1.13553
0.0256378
0.692
-0.155336
-0.125599
-0.0510056
0.145953
-0.119707
-0.124303
-0.484292
-0.173074
0.191302
0.156984
0.33684
-0.164819
0.0760725
-0.0904167
0.0297404
-0.0159018
-0.0367689
-1.73732
-0.0209924
-0.388466
-0.157305
-1.47162
0.00264021
-0.220056
-0.143336
0.0772726
0.614911
0.349917
0.282088
0.0318465
-0.454268
1.53231
-1.92612
0.947412
0.189703
0.24579
0.244661
-0.484016
0.167198
0.0489318
1.01
0.328816
-0.9152
0.734764
0.212008
-0.0324682
-0.23721
0.088054
-0.120647
-0.434669
0.800893
-0.136772
0.252476
0.0733886
1.73371
0.988531
-1.14112
1.52181
0.0252895
-1.60696
0.0180894
-0.0231019
0.146862
0.931249
1.77325
-0.0682873
0.147541
0.054204
0.647811
1.53594
1.60256
0.427662
-0.486376
-0.380876
0.0279347
-0.207338
-0.194671
-0.0973226
-0.467204
-0.00233114
1.14351
0.490656
0.201654
-0.02355
-1.01443
0.0683063
-1.8746
-0.0919205
0.205618
0.22119
0.325326
0.246208
0.264899
1.73091
0.20912
-0.136555
0.134231
-1.58528
0.0424793
0.408315
0.288904
-0.0232706
1.43084
0.352489
0.398695
0.344886
-0.177736
0.0987977
-0.428233
0.0620973
1.26792
-0.0273722
0.481752
-1.7828
0.837377
-0.0121516
0.237381
-0.184238
0.289756
0.558575
-0.116123
-0.174968
0.240967
-1.00965
-0.181023
-0.33101
-0.0906304
-0.156875
-0.0025245
-0.0356216
-0.00405649
0.061511
0.10353
0.854498
0.0246302
0.0459286
-1.60554
-0.382153
-0.0260364
-0.0887953
0.0731557
-0.120377
-0.268009
0.0286599
-0.310298
0.199221
-0.18989
-0.244515
-0.0162745
1.76484
0.00564495
-0.270447
-0.0168355
0.0120023
0.234068
-0.132211
-0.118034
0.064812
-0.253349
-0.345273
0.196105
0.347918
-0.144633
-1.87508
-0.108898
-0.0238242
-0.509904
0.193275
-0.232879
0.0314067
0.08745
-0.182775
-0.095587
0.283696
-0.0899938
0.171977
0.206531
-0.634591
-0.00302668
-0.637474
-0.0962818
-0.393283
-0.130298
-0.777081
1.31077
-0.326911
0.258633
-1.17484
0.0365388
1.38812
0.234337
-0.0188988
0.486863
1.74289
-0.0222092
-0.310404
-0.00772149
0.908982
-0.0126967
0.267906
-0.105836
-0.224144
-0.0939775
0.194714
-0.460591
1.13827
0.0292631
-0.0205505
0.94439
-0.322149
0.100857
-0.209535
-0.0685027
-0.232283
0.180651
-0.121626
0.0547277
-0.159085
-0.0922552
0.218663
-0.102342
0.3014
0.0200023
0.104819
0.0957138
0.712587
1.22241
0.0264804
0.141365
-0.17503
1.70406
0.211085
0.130998
-0.163901
0.18093
0.0866854
-0.164415
0.420075
-1.70387
0.109044
-0.63311
-0.129877
-0.427236
-1.19302
-0.0690512
-0.157192
0.276668
0.45801
0.536145
-0.0819971
-0.0851583
-0.0597511
-0.618609
0.0458872
-1.00298
0.119289
1.00904
-0.0834627
0.249562
-0.304451
-0.27595
-0.152898
-0.435795
-1.85826
-0.680919
0.386917
1.03295
-0.232974
0.189218
0.341343
-0.465549
-0.144151
-0.968928
0.100456
0.00132559
0.0890083
0.113087
-0.139274
0.197896
0.0547921
-0.0250862
-0.746293
0.0128832
-0.171874
0.228259
0.016572
-1.06112
-0.519596
0.271154
1.01394
0.15787
-0.46275
0.101043
-0.100192
-0.0258968
0.656948
0.120478
-1.5615
0.170928
-0.0685589
0.2068
0.640294
-0.129877
-0.265267
-0.262574
-0.248028
-0.00658299
-0.101694
0.0232124
0.20012
0.279174
0.00274278
-0.0800004
-0.271646
0.327068
1.69258
-0.175012
-0.196992
-1.44099
-0.434313
0.294032
-0.0945279
-0.2138
-0.25048
-0.717925
-1.99568
0.170368
0.12127
0.37633
0.214939
0.106587
-0.251724
0.0258106
-0.241304
-0.0624081
-0.247532
0.0799239
0.0584134
0.665773
0.0314139
0.2155
-0.0872129
0.0111942
0.0705795
0.40055
-1.5287
0.030703
0.226846
-0.0574807
0.0107149
-1.54388
0.222438
0.419763
0.076649
1.54659
0.0222615
0.301826
0.506092
1.13854
0.38106
-0.130909
0.406972
0.0418379
-0.150364
-0.197924
-0.136866
0.0362058
-0.000833343
0.233603
0.0943566
0.101289
0.106661
-0.35328
-1.40251
-0.119832
0.14422
0.0844757
0.18181
0.0581302
-0.168607
0.19218
0.680616
-0.0371425
0.257427
-0.407109
-0.087985
-0.042292
-0.174208
-1.83599
0.302209
0.0815091
-0.0749999
-0.00637301
-0.0336015
0.102929
-0.087483
-0.053327
0.0640049
1.25683
-0.160263
1.15702
0.246983
0.270292
-1.86702
1.49792
0.0721576
0.179916
-0.685928
-1.05577
0.244019
-1.99025
0.0538242
-1.12206
0.0280898
-0.453242
-0.158517
1.27559
-0.135161
0.347164
-0.0501328
-0.122659
0.488556
-0.413682
0.340571
-0.322137
-0.738292
-0.486463
-1.12189
0.580396
0.266292
-0.197156
-0.35123
-0.15991
-0.0332047
0.0868129
0.350874
-0.0393024
-0.176943
0.0163192
-0.195273
0.0519792
0.045654
0.010832
0.289999
-0.127739
-0.139416
0.0872462
0.157729
1.93559
0.562223
0.394143
1.64232
-0.125518
0.264644
-0.10443
-0.237006
0.600595
-1.93262
-0.231978
0.50397
-1.37234
-0.451174
-0.493074
1.67912
-0.159609
-0.00242486
0.027481
0.0379386
-1.76643
-0.164972
-0.0607312
0.187851
0.649131
-0.435201
-1.7156
0.288076
0.127454
0.181336
0.0446339
-0.208179
0.218578
0.00799867
0.294548
1.60683
0.117222
-0.225822
1.28366
0.125182
0.063194
0.00597834
-0.192521
-0.128507
1.66288
-0.0819677
-0.589241
-0.108981
0.218142
1.94783
-0.0761762
0.18375
-0.319553
-0.219905
0.134837
-0.206276
-0.431427
0.0968164
0.57872
-0.116017
0.0915503
0.196609
0.587214
-0.16114
-0.213588
-0.206986
0.103137
-0.370174
-1.45084
-0.0543975
1.11967
1.97206
0.544414
0.256457
-1.4913
-0.00799251
0.0639684
1.65561
-0.155663
-0.199754
0.145926
0.00627769
0.31402
0.165016
-1.6246
-0.0688931
-0.146412
0.0763211
0.12604
0.106882
0.0403325
-0.317411
-0.127623
-0.221081
0.0412859
-0.00783066
-0.561883
1.2511
-0.0479872
-0.0956414
0.000438412
0.0289184
-0.254559
0.098263
-0.161368
-0.512836
-0.0044955
0.0871904
0.645835
0.646729
0.0311372
-0.289312
-0.0543477
0.141906
0.151886
0.064339
0.0188229
0.28317
-1.36137
-0.0851625
0.829864
0.188383
0.240637
1.3208
-0.388193
0.155058
0.205385
0.125682
-0.300208
0.166094
0.000177772
0.712383
1.57557
0.433007
1.67025
-0.197118
-0.082434
-0.233788
0.312669
0.129659
1.67648
0.00162461
0.0116305
-1.65706
-0.223333
-0.0305485
0.0844623
0.364726
-1.0543
0.0114249
0.868991
0.0594566
0.0960236
-1.80445
-0.210915
-0.190801
-1.67635
-1.5029
-0.15071
-0.00406878
0.296015
-1.19218
0.555344
0.0152849
-0.0547922
0.130465
0.112895
1.87213
-1.15658
0.0648031
0.185534
-1.68851
-0.179967
-0.0937655
0.0343486
0.127079
0.0803765
-0.74658
0.330119
-0.0880684
-1.31013
0.990123
-0.117464
0.287832
-0.305043
-0.0490506
-0.155617
0.317848
0.0206845
0.000589318
0.183726
-0.0652441
-0.0107953
0.200528
0.0822862
-0.00804918
0.173312
-0.9082
-0.360564
0.103531
0.288828
0.420432
1.80958
0.118048
1.44024
0.240721
0.0607019
-1.99974
-0.198075
-0.101077
-0.805399
0.178377
0.217228
0.00401155
0.294329
-0.284601
0.175555
-0.0150767
0.0600955
-0.0780466
1.88526
0.0520901
0.0356481
0.426777
0.093734
-0.143499
0.0634456
-0.191878
-0.0392484
-0.267668
-1.56554
0.305452
-0.236459
-0.142682
0.672749
0.164003
-0.130864
-0.279489
0.00596309
0.0877542
-0.135185
0.0295282
0.291075
-0.0158817
0.313869
-0.118128
0.0648191
0.0900759
-0.030267
-0.687201
-0.197754
0.107328
-0.277642
1.97556
-1.65015
-0.206105
-0.114861
-0.13316
-0.305693
0.00823179
1.27046
-0.0475569
0.0712678
0.2679
1.94149
0.0974588
-0.165543
-0.372518
0.328432
-0.191463
1.59059
-0.182508
0.572961
-0.0334133
0.0571128
0.3554
0.292445
-0.0688132
1.59334
-0.357448
0.212039
1.59067
-0.075016
-0.179024
-0.028869
0.269121
0.109021
0.377863
0.196323
-0.0672892
-0.0676058
-0.00226459
0.202093
0.667136
0.143795
-0.0331547
-0.654961
-0.393934
0.693669
-0.184513
0.311639
0.106637
0.0788978
-0.210875
1.18204
0.0749494
-0.0714627
1.46241
1.99145
0.0998095
-0.00050097
0.29795
0.276082
0.0962786
-1.15459
-0.0225929
0.44257
-0.462398
0.408469
0.693319
0.104972
-0.0607277
-0.12273
-0.15222
-0.220137
1.126
0.0775336
-0.23203
-0.550904
0.22316
-1.06468
-0.104476
1.87334
0.0239223
-1.80602
0.219033
0.173913
-0.0638957
0.0179556
0.0181328
0.344964
-0.215804
-0.0614197
-0.477019
0.0839179
0.185926
0.324713
0.133707
-1.98471
-0.337051
0.195374
0.0326416
-0.016068
-0.289697
0.352371
-0.340489
1.87235
0.181395
-0.000838557
-0.0459598
-0.0405525
0.194392
-0.130484
-0.0628807
-0.364667
0.131574
0.0553919
-0.10341
-0.0329762
0.36708
-0.162472
-0.214044
0.599429
-0.117881
-0.142836
-0.112864
-0.0346673
0.115375
0.032657
0.0121513
-0.160489
0.00661788
0.036779
-0.0705776
-0.047103
0.307668
-0.325609
-0.2091
-0.250054
0.121292
-0.509891
0.346068
-0.109384
0.160489
0.259232
-0.31367
0.0840823
-0.0283473
-0.0732055
-0.171221
-1.42463
0.0119091
-0.0506239
-0.349843
-0.242858
-0.955381
0.576216
0.0239458
-0.0735622
0.017269
0.245143
0.897334
0.109729
-0.108486
0.160881
-0.149421
0.602402
-1.89504
0.319228
-0.296056
0.131439
0.0435432
-0.251112
-1.81044
0.203461
-1.73463
0.0380781
-0.335526
-0.293681
-0.101618
1.2239
-0.104462
0.0757335
-1.99753
0.112287
0.0802185
0.20584
-0.0353276
0.147546
-0.350339
-0.0526103
0.0178939
0.223743
-0.309674
-0.194923
0.00238419
-0.256801
-0.154455
-1.10547
0.0772024
0.332365
-0.233557
-0.13361
1.45846
0.22428
-0.122471
-0.172276
-0.272345
-0.0888429
-0.123961
0.0697081
0.559972
-0.00881571
0.439905
0.176945
0.8875
-0.051479
1.40871
0.467913
0.171138
-0.158726
0.57655
-0.785491
0.140492
-0.0560337
0.204663
0.0342152
0.107275
0.0791538
0.184726
0.50113
0.0329774
0.111312
0.24832
0.252721
-0.276412
-0.0283084
0.045936
0.242719
-0.0500354
0.0949579
0.099524
1.33056
-0.239728
-1.86938
-0.21211
-0.194615
-1.70411
0.249495
-0.0850001
0.285947
-0.12222
-0.624974
0.130714
1.7886
-0.025269
-0.054981
0.00293481
-0.125277
-0.0132373
0.165011
-0.0310988
-0.129674
-0.099663
-0.0486586
-0.338917
-1.46853
0.758431
-0.680114
-0.041615
-0.158817
0.00360847
-1.32572
0.178377
-0.0381702
-0.0733855
0.170073
-0.427807
0.0747652
1.08015
-0.0604383
-0.0343755
0.0226615
-1.90196
0.181137
-0.0704117
-1.93533
-0.0597891
-0.0112452
1.87137
0.230643
0.0100589
-0.258093
-1.71173
0.130592
1.8248
0.296059
-0.0556179
0.0382657
-0.252908
-0.0600939
-0.135047
-0.0263162
0.421276
-0.186381
-0.0989856
0.0201649
0.0343341
-0.0135852
-0.0823569
0.136842
-1.71634
-0.00721754
0.050393
-0.154909
-0.0602134
1.74108
0.0462938
-1.44083
-0.126516
0.189733
0.186738
1.04368
-0.176594
0.977061
0.083676
0.0629986
-0.165198
-0.234116
0.263247
0.0454648
0.120735
-0.30104
1.69807
0.0701676
-0.258691
-0.30703
-0.343142
-0.156621
-1.04166
-0.0117208
-0.0382975
-0.0235387
0.0580381
-0.00763426
-1.15543
-0.158847
0.49355
-0.087196
0.132692
-0.00692698
0.216994
-0.238433
-0.45595
0.0171619
-0.446919
-0.279175
-0.16749
-0.165324
-0.61463
0.363582
0.0739775
0.0973881
0.101752
0.117432
0.0630936
-1.90683
0.186075
-0.055956
-0.133555
-0.142506
0.240232
-1.39091
-1.87268
0.413514
0.0722776
-1.86468
1.63068
0.28648
-0.718297
-0.68647
-0.0560656
-0.264033
0.0127971
-0.0995494
-0.0820613
-0.0591554
0.206145
0.154932
-0.239769
-0.0801372
-1.21433
-0.258333
0.229279
0.216542
0.529926
0.224816
0.108476
-0.345746
0.362909
0.0860479
0.0450003
0.0282913
0.040643
0.19407
-1.58092
1.27182
1.5384
