-0.259773
-0.187197
1.75786
1.54568
0.0252992
-0.192722
0.106105
0.053843
-0.268742
0.184191
-0.00728633
0.156656
0.0767649
-0.179356
1.10511
-0.882886
1.48308
-0.00832074
0.286347
-0.0609485
-0.344068
0.0901621
1.62576
-0.0153421
0.189124
1.71206
0.256747
0.114402
1.60138
1.87385
-0.183374
-0.239302
0.11804
-0.181917
-0.165958
-0.0587901
0.0738743
0.0409297
-0.340914
1.49091
-0.0420542
0.0946468
-0.258838
0.224514
-0.0343247
0.00622807
-0.178252
0.335424
-0.13079
-0.14831
1.71692
-0.0921166
0.139817
-0.0980029
0.0512309
0.165296
0.0252572
-0.0326047
0.364594
0.209147
1.28306
-0.0350806
-0.0444777
0.246548
-0.117928
-0.163905
-0.238071
0.201012
0.446348
-0.0916851
0.807328
-0.190723
-0.0997325
-0.162089
-0.153732
0.0572058
0.0837797
-0.337813
0.0974882
-0.035011
-0.345227
0.0639949
-0.0102801
-0.028165
-0.160743
-0.222987
0.443703
-0.120148
-0.180211
0.0988147
0.0454234
-0.181971
0.0868311
-0.141799
-0.117259
0.132619
-1.56656
-0.159513
0.260836
-0.146973
0.140536
-0.0691113
0.161834
-0.0354475
0.172752
0.0171219
0.0961235
-0.201771
-0.0300308
0.260853
0.160202
0.346657
-0.0176443
-0.171509
-0.0477282
0.16258
0.089928
-0.0328124
-0.318864
1.09567
0.255009
-0.0283516
-0.018153
0.27951
0.00457034
-0.332994
1.02221
0.0900694
0.417534
1.22229
1.07872
-0.279229
-0.137995
0.120037
0.296507
-0.115295
-0.22995
-0.0243577
0.231131
-0.143979
-0.171122
-0.0108646
0.126709
0.161672
0.132743
-0.111642
0.12856
-0.263311
-0.849961
0.0636819
1.85585
0.0285806
-0.0536104
-0.240254
0.214724
0.0771469
-0.0507522
0.0117377
0.0674969
0.28901
0.016514
-0.805066
-0.0321085
0.175908
0.0713136
0.156991
0.226854
0.000118931
-0.00389726
-0.0182126
-0.118882
-0.155154
0.0272683
0.0527144
-0.0591079
-0.134724
0.0385482
-0.00743958
0.0744402
-0.339332
1.56277
0.00282531
0.324376
0.0625068
-0.176539
0.0777663
0.213008
0.0649016
0.341503
0.0575261
-0.0250538
0.409734
0.428203
-0.0171523
0.0458964
1.46902
0.20978
-0.152504
0.14021
-0.051474
-0.534329
-0.146043
-0.135888
0.0550565
-0.00733299
-1.86133
0.191169
0.079771
-0.160728
0.146727
0.0467752
1.94389
-0.177333
-0.165894
-0.0432251
-0.117438
0.055585
-0.0419844
-0.228106
-0.0910123
-0.235815
0.0226801
0.103094
-0.194957
0.200028
0.0322141
-0.0730972
0.118293
0.00530744
1.32639
0.0651618
-0.0481027
0.0890185
-0.100073
-0.114386
-0.031532
-0.236268
0.132391
-0.0857391
0.025597
-0.211176
-0.0465303
-0.02647
-0.222575
-0.252018
-0.0616437
-0.335909
-0.129829
1.98575
-0.194312
-0.105663
0.169589
0.300158
1.98295
-0.0252174
0.0691828
0.0856494
0.44367
-0.173985
-0.128958
0.0133956
-1.6516
0.915717
0.0883695
0.378849
0.0434581
0.268039
0.215623
-0.097657
1.35401
-0.0358772
-0.0425691
1.48963
0.102768
0.0844924
0.0442945
-0.271175
0.213709
1.99503
1.81658
0.302947
-0.157558
0.158873
0.0063137
0.0484537
0.166943
-0.259229
0.190005
-0.0230467
0.019936
0.23837
0.153511
0.217239
0.0385878
0.36495
0.0532618
0.0684687
0.0517229
-0.0268118
0.00174129
-0.0655657
-0.100235
-0.16434
-0.676754
-0.197809
0.366392
-0.367439
-0.293523
-0.894771
0.0908409
-0.030972
0.0674182
-0.202801
-0.0098334
0.0835497
0.26184
-0.0525818
0.100274
-0.122346
0.0559541
-0.100526
-0.734618
0.0625915
-0.162835
0.116978
-0.304671
-0.0808237
0.08478
-0.0140073
0.0831235
-0.0756291
0.121232
0.0602284
0.373193
0.0756326
-0.0736785
0.0556073
-0.174249
0.148307
0.222297
0.0737212
0.0323233
-0.08279
-0.0907156
-0.0110348
0.232171
0.257694
0.114538
-1.36062
-0.105513
-0.119851
0.226017
0.217523
1.31675
0.168732
0.0405266
0.207259
-0.00518706
0.187296
0.0693376
0.151864
-0.177226
0.315623
0.0510328
0.215103
-0.0271505
0.0995663
0.0220102
-0.0507384
0.0838199
-0.108532
-0.00600372
0.217537
-0.188143
0.110748
0.120713
0.00672354
0.211065
0.267304
-0.187288
-0.0834857
0.13044
-0.00779892
0.117397
0.183915
1.10518
0.0568076
0.176183
-0.147796
0.121311
0.487103
0.249989
0.0359023
0.0579457
-0.213578
0.677227
0.190876
0.52891
1.6375
0.264207
0.792586
0.118494
-0.193432
-0.152074
-0.918248
1.51778
0.0014843
0.0559483
0.191415
-0.0139288
-0.0101188
-0.0369566
-0.00857645
-0.0613975
1.28579
0.049738
0.0493476
0.195558
-0.0375037
0.0869055
-0.160471
0.0822503
0.0409868
1.3696
-0.36027
-0.132493
0.515129
0.101741
0.0163081
0.159885
-0.0850307
0.316569
0.0657722
-0.022522
-0.159095
-1.05411
-0.120784
0.0174936
-0.0703337
0.204952
-1.29821
0.724016
-0.107423
-0.0360198
-0.324892
1.14279
-0.247743
-0.300984
0.0471641
-0.074285
0.0897243
-0.216686
0.407243
0.947742
0.0538707
-0.115888
0.334853
-0.00437969
0.155572
-0.155266
0.127344
0.207207
-1.07843
0.0520474
-0.13979
0.300221
0.61532
-0.0799291
-0.102401
-0.271018
0.330471
-0.187864
-0.0793855
-0.0246334
-0.170864
0.180728
-0.0970205
-0.198443
-0.363654
0.122133
0.0424582
-0.0577467
0.0609718
-0.138402
-0.0684572
0.24495
-0.414272
0.0175698
-0.266789
-0.16291
-0.187536
0.0765409
0.1804
-0.0372067
-0.0425527
0.533692
0.298067
0.0571207
0.14734
0.24804
-0.317896
-0.0850601
-0.023726
-0.0129311
1.77572
0.0916529
-0.127341
0.122296
-0.207165
-0.416277
-1.25191
0.0134188
-0.0575516
-0.104414
0.249288
0.0152867
0.066312
0.0252413
0.111976
-0.124023
-0.138202
-0.162334
-0.136331
0.168574
-0.0566126
1.38032
0.09199
0.204204
0.099048
-0.114014
-0.0203958
-0.0790866
-0.101902
0.0523489
-0.0802062
-0.198546
-0.0497921
-0.165486
-0.120894
0.289157
-0.29277
0.141442
-0.220129
-0.317255
-0.00388157
-1.27885
0.371014
0.238373
-0.0192347
0.0186094
0.369536
0.0869993
-0.00108086
0.135482
-0.113831
1.05837
0.104982
0.0989302
-0.240422
0.0697959
-0.141109
-0.269065
0.171054
-0.323141
0.145082
-0.0613434
0.269811
-0.186825
0.197514
-0.283918
-0.154336
0.0588562
0.453259
-0.0543793
-0.108005
-0.605709
0.640259
-0.0791022
0.405297
1.09073
0.717231
0.891538
-0.032849
-0.0402807
-0.116778
-0.0212004
-0.154982
0.0105564
-0.472055
-0.0619643
0.0559403
-0.088709
0.171307
-0.183646
0.313687
0.270396
0.0452569
0.222539
0.00655944
0.230456
0.096199
-0.177044
0.0884523
-0.23092
-0.411271
-0.0462299
-0.145755
-0.106158
-0.0365
-0.0593734
0.0109854
0.117379
0.0220985
-0.329358
-0.159161
0.212887
-0.0814336
0.25569
0.0336291
0.614328
0.240282
0.0609279
-0.252057
0.0695202
-0.0879595
0.0142377
0.123014
0.396173
0.162679
-0.218171
1.31656
-1.60347
-0.0313181
0.082451
-0.136317
-0.19206
-0.218311
-0.0979732
-0.0572529
0.37525
0.25216
0.0308868
0.75483
0.0193434
-0.141979
0.176035
0.202834
0.401233
-0.0269976
0.0488596
-0.174569
0.39998
-0.359314
0.977224
1.6384
0.0564273
-0.0831515
0.0636537
0.177618
0.150384
0.128154
-0.0711941
-0.0283135
0.142549
0.35988
-0.228982
1.25254
-0.00721115
-0.0255124
-0.124278
0.379832
0.129092
0.132792
-0.495921
-0.237268
0.038076
1.13842
0.0195812
-0.155046
0.104418
0.224818
1.22587
0.107485
0.0201482
0.11135
-0.108243
0.117558
0.304049
0.0218126
0.164527
1.94858
0.743216
0.160357
0.32048
0.174723
-0.0761244
-0.0415757
0.127206
-0.0166051
-0.0966626
-0.0786704
0.273194
-0.399599
-0.300644
0.238535
-0.698336
0.318167
-0.241579
0.352699
0.00530334
-0.121807
0.237827
0.0312846
0.285649
0.0917775
0.0760989
0.163749
0.157014
0.203947
-0.146236
0.0840155
0.076845
-0.100152
-0.148196
0.0766819
0.0617557
-0.00191927
-0.117291
0.0643604
-0.0594122
-0.188937
0.00749557
-0.0809341
-0.149484
0.556143
0.333671
-0.180388
-0.780253
1.38406
0.174151
-0.0721075
-0.0149844
-0.252681
-0.296418
0.0638042
0.65393
0.0960262
0.0301145
1.81992
0.144578
0.072138
1.95165
-0.211898
-0.171467
-0.0635922
-0.0216693
-0.0242688
0.38487
-0.11315
0.22932
0.212086
0.15763
1.94993
0.042282
0.130518
-0.373656
-0.0715449
-0.0129369
-0.0108709
0.316042
1.13897
0.0276609
0.057801
-0.244952
0.188732
0.114668
-0.128255
-0.1381
0.149286
-0.0112572
-0.180705
0.13603
-0.055681
0.0468629
1.0035
-0.202233
0.0649717
1.34597
-0.390358
-1.15275
-0.0378481
0.350315
-0.179073
-0.289563
0.113654
-0.354595
0.0796143
-0.22887
-0.290413
0.203002
0.14089
0.092143
-0.185385
-0.030937
0.30243
0.143814
-0.0494728
0.0892773
0.105045
0.083818
-0.259821
-0.356509
0.18299
-0.675164
-0.334704
0.0314918
0.206135
-0.188102
0.000197722
1.36476
0.0671056
0.113932
-0.174169
-0.29805
0.00655967
0.23318
0.85981
0.160221
0.0379488
1.78221
-0.0237413
1.20012
-0.326196
-0.254349
-0.0279764
0.103748
-0.37889
0.101399
0.174065
-0.321985
1.34387
-0.843653
-0.202078
-0.190198
-0.308088
0.0504913
0.0622536
-0.241938
0.025845
0.17747
-0.00103233
0.307906
0.295914
0.445979
-0.248198
0.0952644
-0.278335
-0.0236286
-0.0299228
0.368373
0.0430188
0.301451
-0.0616305
0.102597
-0.089839
-0.191293
0.852473
-0.0531008
0.058609
-0.103074
1.22126
0.272429
-0.25892
-0.133892
-0.103788
-0.0240763
0.0699291
-0.347243
0.0587093
0.0518166
-0.167755
0.0699531
0.0180661
0.0214249
-0.191842
-0.21651
0.170793
-0.0673864
-0.0213876
0.316647
-0.0694182
-0.00387883
0.284303
-0.137813
0.000365536
-0.135346
0.214145
-0.118711
0.114076
-0.194464
0.219385
0.118042
-0.310679
0.127359
0.0538451
0.0247092
-0.0554496
-0.0602975
-0.0256329
-0.0474134
1.59715
0.0692261
-0.0215545
-0.249248
0.257418
1.1956
0.150162
1.18892
-0.0759107
-0.0202822
0.220034
0.0217455
0.0758667
0.0247933
-0.297215
0.0614323
0.181163
-0.373489
-0.572175
-0.00667289
-0.227661
0.0167514
0.0418005
-0.0116611
0.0612241
0.164338
0.0600317
0.342658
-0.112853
0.171558
-0.152367
-0.407734
1.99141
1.11924
0.339355
0.344622
-0.326362
-0.413011
-0.122909
-0.0330771
-0.074383
-0.357717
-0.416789
-0.264074
-0.440194
0.666728
-0.278633
0.0142877
0.327067
0.114765
-0.145153
-0.324857
0.164435
0.081731
0.294459
1.55894
-0.691973
0.169258
1.22174
0.104845
0.18623
0.0179887
0.0972726
0.0181936
-0.0533793
0.0207695
0.0346136
-0.126165
0.116485
0.226384
0.377116
-0.109863
-0.0462798
-0.0277492
-0.0689333
-0.342916
0.0992566
-0.200958
-0.154527
1.33625
1.22108
-0.0465803
0.0155338
-0.243859
-0.207368
0.00423034
0.0324055
-0.0966184
-0.265665
1.56486
0.22392
-0.239824
0.355258
0.329308
-0.196567
0.105157
0.182806
0.146636
0.224787
0.238219
0.397949
0.189619
0.234376
0.222734
-0.0835787
0.0105754
0.0569686
0.295625
-0.0235979
-0.245052
0.088865
1.51775
-0.24392
0.341222
0.0963796
-0.439438
0.17329
0.157741
0.684234
0.0401829
0.442541
0.170918
-1.3417
-0.214781
0.0290626
-0.278828
-0.170031
0.365799
0.178295
-0.0746915
-0.0284148
-0.154702
0.0740376
-0.10951
-0.565051
-0.877131
1.25385
-0.0235424
1.19065
0.0612722
-0.132668
0.147918
-0.198757
0.264074
-0.01315
-0.0927502
-0.186815
0.00669478
0.256751
-0.0769042
0.0783894
-0.288115
0.218073
0.349739
0.123713
0.140291
0.0167621
0.191504
0.0889863
-0.0241603
0.093524
0.0486392
-0.267392
0.280343
0.602298
0.0406613
1.55256
-0.0267426
0.04784
0.157673
0.0306838
-0.250162
1.85811
-0.397646
-0.044272
0.205246
-0.145723
-0.0603406
-0.245904
-0.0384088
-0.150343
-0.205805
0.0587198
0.0296921
-0.0823204
-0.0253547
-0.290706
-0.124795
-0.136865
-0.0580607
-0.0634321
-0.0835376
0.191761
0.0456605
-0.261327
-0.31738
0.272622
0.121562
-0.328286
1.96796
0.0305754
-1.57545
0.0846709
0.0643273
-0.00991667
-0.310056
0.236084
-0.125811
-0.0466796
-0.0421383
-0.108196
-0.155597
-0.199512
0.0783613
0.078276
-0.0380291
1.33622
-0.0431133
1.13862
-0.109065
-0.197898
-0.117429
-0.111187
0.0530563
0.0171868
-0.0796872
-0.174174
0.0377843
0.0768876
0.0512489
-0.0164951
0.00686205
-0.0277193
0.225922
0.116859
0.181734
-0.0436571
0.188123
0.398359
-0.220893
0.0612744
-0.119106
-0.237527
0.0414708
-0.0936348
-0.140028
0.0322945
-0.249669
0.159743
-0.268514
-0.378965
0.0155074
0.865584
-0.208207
-0.106967
-0.00270076
-0.345671
0.256723
0.0880075
-0.0202313
-0.110868
0.216096
0.069092
-0.141507
-0.0244737
0.218509
1.56089
0.127595
0.151133
0.140232
-0.497524
0.0580251
0.232402
0.0214024
-0.0215934
0.256173
-1.98394
-0.0971417
0.110947
-0.174313
-0.146738
0.0898801
0.0312743
0.0115573
-0.274513
0.825547
0.0271929
-0.195764
0.0893025
-0.0244439
0.0955144
0.430272
0.0622666
0.206026
-0.1037
0.292825
-0.0505997
-0.236756
0.0162899
-0.362796
-0.094625
0.174155
-0.115221
0.0621266
-0.0439121
0.144122
-0.13743
0.249257
0.10175
-0.0958331
1.42465
0.000327685
0.295415
-0.0649481
0.0216008
0.0510418
-0.00667986
-1.28147
-0.0844356
0.237709
0.0381609
0.0723548
0.346343
0.132043
-0.107094
0.0389994
0.0571844
0.974618
-0.300707
-0.287725
-1.75152
0.208589
-0.141318
0.301946
0.0468053
-0.178384
0.26432
-0.0467418
0.334408
0.0182133
0.0647634
0.172952
0.279648
0.047798
0.0885079
0.100561
1.09494
-0.0444928
-0.165787
1.99286
0.0521373
-0.0243247
1.71281
-0.131264
-0.297954
0.02764
0.362974
-1.0864
-0.0539437
-0.0451293
0.406614
-0.19945
0.145819
0.610016
-0.0118116
-0.396523
-0.0602458
-0.0501201
-0.0675343
-0.0460551
0.494687
0.0856859
-0.237504
-0.0754147
-0.14892
-0.0341224
-0.0553411
-0.206476
0.0433773
-0.0804598
1.11909
0.151786
-0.0733246
0.042297
-0.148029
0.137835
0.150051
0.166509
-0.11526
0.083731
-0.176316
-0.0513741
-0.613586
-0.0427995
-0.114429
-0.127507
-0.0997003
-0.247055
-0.141319
0.366086
-0.176944
0.0142351
1.68373
-0.0140373
0.128335
0.132025
0.162481
0.0633092
0.0753063
0.0589383
-0.0902156
0.30049
0.128148
-0.257774
-0.154659
0.00530137
-0.0736336
0.0419443
0.101634
0.189896
-0.295065
1.85382
0.281936
0.0501693
0.00834687
0.0760814
0.30286
0.00704177
-0.0158736
-0.0350304
-0.177488
-0.059351
-0.94135
-0.125972
0.0288557
0.141382
0.20942
0.140142
0.262749
-0.0865634
-0.0023555
0.0584999
0.0928577
-0.0129561
0.17309
-0.0387327
-0.0980453
0.298199
-0.157273
-0.307365
-0.307213
0.221205
1.73893
-0.210687
-0.290361
0.0337459
0.131019
0.275115
-0.178217
-0.014168
-0.339344
0.0849362
0.118736
0.77534
-0.00789589
-0.203003
0.109189
0.271358
0.0909626
0.187106
0.0156617
0.462986
-0.571981
-0.256385
0.188459
-0.0150939
0.198585
-0.069199
0.301857
-0.0370708
-0.318913
0.378389
-0.001032
0.370489
0.0316594
-0.241487
1.53943
0.086386
1.2356
0.15259
-0.176423
0.280333
0.374858
-0.0914221
0.0118967
-0.268679
-0.11119
-0.0282544
0.0412697
-0.0716789
0.195298
0.24349
0.133897
0.0536773
-0.00130823
0.0442928
0.758403
-0.246803
-0.0190691
0.22487
0.220807
0.108836
0.221765
-0.114325
0.173945
-0.109097
-0.518239
0.214376
0.33086
-0.203744
-0.0680798
-0.0631564
1.50118
-0.0360457
0.11191
-0.217766
0.104241
0.252935
-0.212982
0.302728
-0.227174
0.196239
-0.284459
0.220238
0.00912871
-0.0614855
0.103015
-0.173438
0.0740683
-0.235569
0.831346
-0.217734
-0.12572
-0.0454258
-0.0792988
0.137229
0.0110304
-0.0676068
-0.218849
-0.136641
1.36052
1.66106
-0.0405544
0.0264231
-0.405701
-0.0481529
1.2695
0.289006
0.131308
0.0448808
0.0451969
-0.0655559
0.0380099
0.0618329
0.21509
0.170328
-0.109808
0.522458
-0.0725188
0.2312
-0.0692466
0.0434861
0.0807744
1.73974
0.0210939
0.0869461
0.0586558
-0.136844
-0.655716
0.0859147
0.0608518
1.59155
-0.166749
0.259672
0.130588
-0.142656
-0.805621
-0.177455
0.70785
0.15436
0.228567
-0.494409
-0.0846248
0.071948
-0.0298489
0.132998
-0.110377
-0.0107762
-0.0922374
0.136473
-0.217837
0.0655881
-0.169009
-0.138212
0.119803
-0.485408
1.80932
-0.219263
-0.724414
-0.234431
0.151359
-0.500773
0.618499
0.416646
-0.404213
-0.322457
0.331038
0.21398
-0.192754
-0.034128
-0.363997
0.21711
-0.144933
0.327568
-0.125962
-0.273882
1.05285
-0.0426883
0.0222107
-0.0527477
0.103985
0.113531
0.14387
0.0326648
-0.303135
-0.259569
-0.390229
0.165973
0.244003
0.137571
-0.0969879
0.131338
-0.936087
1.76573
0.169686
-0.479307
0.155668
0.0865487
1.26286
-0.170273
-0.356795
0.341657
-0.106249
-0.0436274
0.143019
-1.32458
1.36152
-0.326484
0.179017
0.155234
-0.0408684
0.378234
-0.271208
0.109125
0.160149
0.0450923
-0.268889
0.262784
-0.104701
-0.676201
-0.0866863
-0.0683981
0.153201
0.146498
0.129395
-0.0242369
1.49476
0.0249904
-0.0580961
-0.02489
1.47787
-0.232822
0.112565
0.0484999
0.0702126
0.0767038
0.0323063
-0.029801
-0.062631
1.73071
0.115036
-0.273266
0.0758817
-0.0437038
-0.153041
0.931719
0.531784
0.0577844
-0.0632076
-0.130934
-0.137431
-0.00737082
0.0695002
1.11863
-0.0389174
-0.0766059
0.0586852
0.0612816
-0.313159
-0.321795
-0.16537
0.0918624
1.37685
0.0266574
0.0502307
-0.24171
1.84444
-0.218711
-0.273798
-0.0878012
0.289113
0.179339
0.382855
0.0109583
0.00803392
0.129514
-0.367403
0.0700418
0.12919
1.96461
-0.0839886
-0.0652815
0.22497
-0.00279746
-0.0101904
-0.873912
0.320058
0.141098
-0.0593624
0.0332257
-0.164258
-0.576653
0.100612
0.557497
0.101122
1.78609
-0.124309
-1.71676
-0.115756
1.39052
0.203069
0.15763
-0.145955
1.37751
0.0988539
-0.0305085
-0.254768
-0.190336
0.210726
0.320137
1.343
0.187634
0.0931557
-0.129516
0.0606716
0.0605917
0.196672
0.0854716
0.883522
0.207777
0.0252263
0.158363
0.082635
0.267747
-0.0231175
1.21052
-0.177312
-0.180358
0.381933
0.00882455
0.168901
0.0933481
0.266713
0.93058
-0.113813
-0.144628
0.251696
0.218252
1.40604
-0.174133
0.103161
-0.0996401
0.0967715
0.030111
-0.039762
0.353296
0.836271
0.154796
0.22508
0.154384
-0.0728698
0.629716
0.393429
-0.00871915
-0.669089
-1.10894
0.299196
0.139662
1.73817
3.1426e-05
0.260733
-0.0836562
0.176795
0.0634906
0.421003
-0.630943
-0.0988309
-0.240314
0.114529
0.135295
-0.0304871
1.58532
0.00238952
-0.061605
-0.246175
0.0936208
1.96265
-0.851241
0.219292
0.0984698
0.0614186
-0.22257
-0.203695
0.186286
-0.117511
-0.333681
-0.0287035
0.167984
0.0263065
0.189817
0.145441
-0.182025
0.0339314
0.0301057
-0.16142
1.50009
-0.277058
0.0398815
-0.0764116
-0.0133872
-0.0398266
-0.732154
0.0257485
0.0270894
-0.0799368
-0.0868751
0.962673
-0.216844
-0.0391451
0.0638377
-0.151918
0.0186597
0.0543715
0.168976
0.0107605
-0.0598498
1.3575
0.244648
0.217143
-0.141623
0.276465
0.0438345
-0.209879
0.0702546
-0.1806
-0.0753343
-0.184426
0.159646
-0.0532229
0.0795432
0.126208
-0.196951
-0.0610283
-0.228222
-0.119996
0.264056
-0.269008
0.765342
0.173419
-0.53024
-0.227885
-0.188429
1.56899
0.140299
0.171554
0.172731
1.54453
0.292019
-0.258657
-0.0818043
0.409977
-0.231711
0.351975
0.768196
-0.227103
0.00259788
-0.0166935
-0.113341
0.115213
0.0370744
0.351968
0.259827
-0.30092
0.267916
0.492819
0.248103
-0.00906903
1.18789
0.164943
0.188335
0.311445
-0.263751
0.541506
-0.266051
0.039116
-0.221366
-0.229835
0.22197
-0.000221389
0.27687
0.703647
-0.218034
-0.0852923
0.06937
-0.260006
-0.277071
1.25168
0.169844
0.116434
0.0512122
-0.248901
0.339876
0.063758
0.0631984
0.0894971
0.0018346
0.214731
-0.00377091
-0.0364857
0.0155263
-0.511957
-0.259394
-0.029822
-0.0313937
0.0891624
0.0277567
-0.169198
-0.132465
0.186936
0.33455
-0.0372259
1.70914
-0.0771599
0.135645
-0.101743
-0.241707
-0.0274458
0.194729
-0.0944668
-0.0840148
-0.213684
0.708968
0.0611313
0.174734
-0.00443321
0.237051
-0.007076
0.439291
-0.214009
0.15996
0.184084
0.0302722
0.0596341
1.81335
-0.15401
0.119365
1.28431
1.784
-0.391286
-0.00796837
0.957502
0.146943
-0.0460426
0.172648
0.083598
0.157195
-0.0942972
0.0222404
0.0998505
-0.214211
0.25548
0.273744
0.0538866
-0.0510626
-0.172677
1.81009
-0.154903
0.141632
-1.23263
-0.12743
0.231549
-0.121136
1.37172
-0.0920973
-0.0553248
-0.0568698
0.348037
0.122412
-0.055848
-0.0107731
-0.0580069
-0.391852
-0.0570459
-0.12444
0.587899
0.0184687
-0.215643
0.767816
0.136085
-0.0389615
-0.0430859
0.258001
-0.0648909
-0.24878
-1.86072
0.154743
-0.253048
1.69839
-0.141808
0.0569143
0.0849496
0.122602
1.01539
-0.0326227
-0.253481
0.296456
-0.134055
-0.0511382
-0.173162
0.197253
0.17763
0.0243042
-0.216856
-0.0173855
0.373584
0.0712248
-0.0382164
0.351318
1.31418
0.131016
-0.218528
0.02676
0.07493
0.0185697
0.010957
0.36306
0.273191
0.135381
0.392227
1.2689
0.207317
-0.0522092
0.00639739
0.0703266
0.0314439
-0.0502162
0.204691
0.661218
0.131646
1.39715
-0.0552236
-0.471097
0.521116
1.29989
-0.199695
0.326436
0.161468
-0.112297
0.0399606
1.20896
1.06678
-0.239798
-0.301243
-0.132235
-0.0850014
-0.29698
-0.0159278
0.168751
-1.58073
0.0750735
-0.159083
1.89239
0.144013
-0.0178666
0.140125
1.84957
-0.147975
-0.339858
-0.245435
-0.0769851
-0.00810826
-0.222831
0.142576
0.178433
0.124613
0.248487
0.0764678
-0.062409
-0.0166361
-0.193074
0.204839
-0.0433943
-0.204065
0.110271
0.131855
-0.0571861
-0.137062
-0.0793706
0.45315
0.176499
0.0273628
0.0312092
0.121875
-0.128395
-0.0259619
0.241689
-0.139545
-0.0181597
0.239325
-0.0011228
-0.00805247
-0.148425
0.000111747
-0.260939
0.272449
-0.152237
-0.192201
-0.0576026
-0.132923
-0.0441653
0.0734621
-0.0923251
0.156871
-1.02262
-0.175151
-0.0152259
-0.134864
0.146599
0.0236193
0.0126261
0.00309077
0.0558716
-1.14327
-0.0215073
-0.151985
-0.0482438
0.0436433
0.0906918
0.243425
-0.0524055
0.175117
0.131248
-0.00745798
-0.150566
0.887915
0.150039
-0.118023
1.64356
0.142277
1.10805
-0.000951553
-0.117675
-0.152382
-0.207336
0.0919398
-0.486139
0.00756921
-0.186301
-0.483777
-0.0252241
0.0253041
0.0347941
-0.340205
0.221373
1.22338
1.31926
0.228667
-0.0393308
-0.00541092
-0.125463
0.129082
-0.103705
0.236171
0.05175
-0.261014
0.184493
-1.30636
0.385801
-0.0599138
0.198708
-1.3579
-0.401003
-0.0332313
0.188922
0.0100353
0.925149
0.10987
-0.0530033
-0.093353
0.0435393
0.60575
-0.133263
-0.0300114
0.258301
-0.0296161
-0.0575061
-0.0181464
-1.11494
0.00464588
0.28396
0.21511
-0.214235
1.94829
0.137514
0.352529
-0.0264108
-0.00388513
1.16199
0.00375483
0.151722
0.701617
0.129718
-0.0734798
0.0958481
-0.277446
0.141444
0.173005
-0.204016
-0.0103424
-0.10279
1.82783
-0.0896595
0.172543
-0.0577468
-0.0783757
-0.0666279
0.444736
0.17155
-0.22578
0.00176011
0.182762
0.0915964
0.058618
0.16069
-0.110733
-0.17596
-0.03987
0.317805
0.0338112
0.0116366
0.21281
-0.110636
-0.118849
1.58342
-0.0638053
0.0877379
0.126831
-0.0561496
0.00241556
1.9292
0.0683054
0.215817
-0.158634
0.0297268
-0.214956
-0.0350244
-0.0186372
0.0252625
0.108902
-0.0575351
-0.0936114
0.00244931
-0.0360873
-0.307024
-0.046956
0.190293
-0.0505829
0.00999526
-0.108152
0.137965
0.0652956
0.100017
0.141829
-0.115264
0.0688334
-0.0303037
-0.263981
0.0379836
-0.129885
-0.388866
0.154817
0.143393
0.0359937
-0.20345
-0.14598
0.344252
0.164373
-0.050484
-0.0956448
0.181465
0.0265018
0.775337
-0.278755
-0.0506583
0.0796573
0.154898
0.180891
-1.30001
0.062402
-0.189768
0.0810913
0.136937
0.0076298
-0.402597
0.405194
-0.201523
-0.123169
-0.0268786
0.18817
-0.0921056
-0.107872
-0.222911
0.489928
-0.264549
0.0260368
-0.077652
0.251432
0.36993
-0.154913
-0.395587
-0.630442
-1.16726
-0.0369819
0.0299067
0.050555
-0.116797
-0.0713241
-0.39144
-0.184345
0.0770513
0.0066341
-0.0514404
0.35381
1.06593
-0.0891121
-0.017163
0.0971917
0.0315448
0.079634
-0.0436588
-0.173746
-0.0635427
0.0475849
0.105551
0.0492508
-0.0194796
0.0773375
0.824806
-0.258947
0.011401
-0.289941
0.127718
1.35022
0.11758
-0.499364
0.0421285
-0.224939
0.0525425
1.34158
-0.0924739
0.0793448
-0.240357
-0.118216
0.108423
-0.252686
-0.0563509
-0.0265635
0.00517377
0.209098
0.133666
-0.152439
0.026263
-0.150806
-0.0541236
-0.0379603
-1.36468
-0.0796563
1.43889
-0.722691
0.0374184
-0.0525261
0.170176
0.0466183
-0.0412459
-0.0931201
0.509451
0.0548356
0.0384693
-0.130719
0.0122482
-0.0826794
0.207039
-0.392764
-0.0967307
0.739792
-0.160677
0.255516
0.212473
0.170711
0.823568
-0.0637691
1.00159
0.172827
0.290616
0.0800513
0.0146971
-0.0698877
-0.0649718
-0.0898441
0.18006
-0.0912075
-0.204634
0.0352024
0.117992
0.230738
-0.0223101
-0.268415
0.0553513
0.0968963
-0.0948414
0.0815945
-0.069733
0.437953
0.0269487
-0.20739
-0.0822507
-0.0478849
0.0782223
1.92754
-0.27741
0.0456652
-0.278181
0.0888773
1.12111
1.23269
1.992
-0.33884
0.0605282
0.0347745
-0.161371
-0.0180128
1.33563
-0.0617578
-0.285372
0.079674
-1.81462
-0.125146
-0.103884
0.714021
0.0789732
0.102418
0.156993
-0.173295
1.75981
0.420595
-0.147668
0.136357
-0.0864911
0.226692
-0.0453189
0.109665
0.226926
1.54416
-0.019181
0.199524
-0.4213
-0.163662
-0.0557098
0.0482712
-0.0571445
0.052716
0.0220852
0.113403
-0.256986
0.171496
-0.859186
0.550012
1.0401
0.0655545
-0.0383097
0.0539397
0.206952
-0.142605
0.378514
-1.23127
0.249858
0.165502
0.0396104
0.0422283
0.744994
0.104002
0.948638
-0.71858
-0.0873581
0.114992
-0.0306551
-0.0577947
-0.0444232
0.0909087
-0.0180868
1.88156
0.269814
-0.221801
-0.0434876
0.148757
-0.159868
-0.281124
0.410357
0.0378891
0.1074
-0.166788
0.106671
-0.0785119
-1.00816
0.0780357
0.524349
-0.0982698
-0.114859
-0.200879
-0.0820031
1.43142
-0.484712
-0.303067
-0.0332883
0.303701
-0.173862
-0.208119
-0.0389354
-0.19661
-0.0876768
-0.0992503
0.0383948
0.0154284
1.09271
0.66094
-0.114351
0.0767038
-0.140429
-0.0531905
-0.0594725
-0.219962
-0.357537
-0.166817
0.0296678
0.19974
-0.163814
0.000150331
-0.0850069
-0.384217
0.0699465
0.0958636
-0.3475
-0.113896
0.0256471
-0.0510481
0.00789074
-0.134758
0.152168
1.33638
0.194885
0.898269
-0.170875
-0.434297
-1.08436
-0.152759
-0.432945
1.02992
0.363838
-0.404295
-0.0646891
-0.025175
-0.189024
-0.522003
0.206831
-0.416979
0.0957903
0.0670191
0.0363273
0.123545
0.0903089
0.0756008
0.154584
0.281291
0.0826002
-0.424688
0.269122
0.000256633
-0.0704094
0.431149
-0.063967
0.1427
-0.157549
-0.0544049
0.099282
-1.24026
-0.281198
-0.0198369
-0.144328
0.0198881
1.46325
0.189582
0.101773
0.109797
-0.0442287
0.0718932
0.0748191
0.110273
0.121042
-0.101453
0.239178
0.529371
0.256859
-0.0533449
0.109641
-0.181381
0.27586
-0.00504895
-0.11607
0.123958
-0.363105
1.58189
0.109566
0.334291
-0.0469652
0.0303525
-0.0646697
-0.137615
0.0896192
0.1702
-0.00759539
0.237206
0.183762
1.88984
-0.00544569
-0.123073
-0.0787743
0.0414842
-0.124579
-0.0747372
0.35625
0.220784
0.107887
0.00415194
0.430451
0.10555
0.0234704
0.246798
0.157012
-0.316155
0.174111
0.112498
-0.00623012
0.0279152
0.0617883
0.0734189
-0.130956
-0.0162319
0.0126077
1.80321
-0.486411
0.0818765
0.314727
-0.123564
-0.128383
-0.00603571
0.00410331
0.0978782
0.134125
1.63168
-0.0775728
0.0708633
-0.0669865
0.10455
-0.0660284
-0.241191
-0.273368
1.4917
0.0432072
-0.808138
0.114389
-0.0835259
0.720799
0.216158
0.076322
0.136557
0.120981
-0.168261
-0.111439
-0.252263
-1.61395
-0.191246
0.699155
-0.206194
-0.07643
0.0392843
0.074229
0.0821932
0.253513
-0.34801
0.153902
-0.168135
0.330355
0.0956103
-0.173208
0.962007
-0.112425
-0.0771761
-0.0417227
1.1011
1.94794
-0.227388
0.0340928
-0.096677
-0.0360644
0.133052
0.0723689
0.0742382
1.8482
-0.100563
0.0629054
0.384939
0.206051
-0.102447
0.193117
-0.0740449
-0.301329
-0.11058
-0.0806873
-0.0633817
-1.41463
-0.245463
0.0749752
0.26857
0.0393428
1.30341
0.250223
-0.0741556
-0.0627244
1.95038
-0.0246443
0.188717
0.190437
-0.0948968
0.00621203
-0.542918
-0.140935
0.0929908
0.0401119
0.141481
-0.0634497
0.130193
-0.414918
0.208251
-0.286734
0.215462
0.248893
0.0713318
-0.164418
1.83736
0.154377
0.779027
-0.174291
-0.0888757
-0.0553152
-0.578372
-0.110659
0.148533
0.0517378
-0.225657
0.008149
0.0145511
-0.0473649
-0.0790245
-0.0785835
0.0984625
-0.367037
-0.126351
-0.123156
1.89503
1.23061
0.0926021
-0.114278
-0.206302
0.177143
0.186882
0.11647
0.00165124
0.00199835
0.924464
0.0559721
-0.100953
0.300554
0.075304
-0.206618
-0.00268471
0.372698
0.0946372
-0.058863
0.04821
0.162331
0.216379
-0.118056
-0.233607
0.0520949
0.0441095
-0.00279224
0.0823032
-0.19309
-0.0272722
0.218985
0.263779
1.94661
0.0886509
-0.125587
0.137769
1.64335
-0.0952231
0.114123
0.344314
-0.830955
-0.118089
-0.187097
0.0659162
-0.0194069
-0.061547
-0.204194
-0.185607
-0.223652
0.435307
0.172727
-0.0386826
0.235508
0.220879
0.376188
0.0246241
-0.0888588
0.0601949
0.1834
0.148558
-0.063502
-0.0190059
-0.81024
0.0508824
-0.0185635
0.0101743
0.0109917
0.916118
0.763569
0.247115
0.208551
-0.136132
0.0195364
-0.238512
-0.0581169
0.310431
0.0914269
0.282779
0.191936
0.00579358
0.0628077
0.601845
-0.00948554
0.144708
0.348407
-0.140279
0.120181
-0.240487
0.053098
0.116136
0.388748
0.300274
0.221405
0.232142
0.0655859
0.237454
-0.322659
0.108514
0.0908686
0.163817
-0.0276877
0.405581
-0.185315
-0.122105
0.985212
-0.0333914
-0.0236595
0.436742
0.11305
-0.0297056
0.225047
-0.230762
-0.305919
-0.116354
-0.0282919
-0.0675015
-0.201464
-0.352323
-0.0637098
-0.108316
0.132092
0.207252
-0.253208
-0.223986
-0.114591
-0.307088
-0.168452
0.156379
-0.311612
-0.12108
0.224555
0.466847
-0.193193
-0.02028
0.016901
-0.104696
-0.0618344
-0.251326
-0.112293
0.094222
-0.195517
0.308683
-1.21371
-0.0368549
-0.117748
0.135775
0.0781038
-0.00674278
0.160375
0.0381101
0.200067
0.13031
-0.0646691
-0.0458528
-0.134679
0.167569
0.354761
0.146762
0.40995
0.21589
0.0427051
0.629298
0.112944
1.59822
0.429495
1.69568
0.149633
-0.032762
-0.270592
-0.0733692
0.122912
-0.537101
0.214055
-0.0481142
-0.551503
0.0755732
-0.290651
-0.0231753
0.356938
-0.0331175
-0.169031
0.189677
0.181676
0.00123922
-0.221602
0.0301237
0.399003
-0.217567
0.266526
-0.13649
-0.165118
0.0808012
0.0599564
1.65708
0.153225
0.130141
0.223288
0.360725
0.21323
-0.124591
1.54616
-0.393478
0.768611
0.0170548
1.35724
1.75648
-0.117281
-0.13706
-0.47327
0.0626467
1.14475
0.209146
-0.0692076
0.225662
-0.220087
0.0992755
0.0459915
-0.166779
0.215284
0.104704
0.511901
0.205917
0.271331
-0.0454387
-0.157804
-0.118511
0.856233
0.00518661
1.72383
0.00451047
-0.0242775
1.31239
0.659182
-0.0322142
0.139549
-0.276805
0.95275
-0.160857
-0.131893
-0.0303568
-0.133856
-0.130391
0.000635034
0.0842617
-0.0440349
-0.0531233
-0.106669
0.0243478
0.191237
-0.102605
-0.25808
-0.0757769
-0.0167627
-0.00197423
-0.226446
-0.236826
0.889192
0.257321
-0.380629
1.80346
0.083244
0.106323
0.163526
-0.215609
0.17508
-0.0690764
0.0106679
-0.431292
0.064425
0.30512
-0.187938
-0.196906
0.119768
1.95876
0.0541128
1.59696
-0.231078
0.944648
-0.307191
1.36025
0.0447731
-0.0569258
0.118519
0.23893
0.229295
0.0515066
0.14004
0.0938513
0.160463
1.50177
0.133315
0.500419
-0.0434839
-0.0215126
-0.0644634
-0.0285458
0.0294533
0.0276423
-0.158366
0.0357736
0.121325
-0.234121
-0.336681
0.166353
0.233038
0.0220493
-0.183163
0.0154025
1.81366
9.15972e-05
-0.132079
-1.33952
0.182869
0.521013
0.12752
-0.136846
0.0300643
0.0539658
0.123136
0.14963
-0.000949933
0.301547
1.70444
0.13708
-0.110915
0.0244838
-0.0145005
-0.0970055
0.420204
1.77824
0.277232
-0.0645046
0.116902
0.0393755
-0.148903
-0.0690031
0.738961
0.0373882
0.185068
-0.106597
-0.0726682
-0.230099
0.0331098
0.0185203
0.134071
-0.0389244
-0.0595286
0.77257
-0.247533
-0.0634858
-0.33141
-0.169302
-0.175537
1.0883
-0.0466274
0.104979
0.0784596
0.170405
-0.118539
0.0337594
0.169428
-0.293561
-0.203457
0.0545353
0.214115
0.0602429
0.00362938
0.0599937
1.9152
0.0875077
0.118789
-1.35602
0.268498
1.3365
0.10212
-0.194855
-0.229718
-0.158181
0.0459141
-0.125056
0.26679
0.367369
0.198839
-0.14504
0.0292127
-0.065778
0.154713
-0.172683
-0.152623
-0.295941
0.247853
0.125171
-0.137579
0.290118
-0.258588
0.0416481
-0.361687
0.111555
0.17734
-0.0905613
-0.118151
-0.260185
0.108946
-0.125921
0.0379692
0.135853
0.0453959
0.140924
-0.101914
-0.0391634
-0.133076
-0.242837
0.185284
0.152633
-0.0858185
0.181446
0.111753
1.53999
-0.0754185
0.0341733
0.0365649
0.0292065
-0.149177
0.161071
-0.0725869
-0.123193
-0.151845
0.202981
-0.197191
-1.49977
0.277572
-0.139267
-0.422369
-0.018271
-0.15748
-0.219567
0.164948
-0.110018
1.21664
-0.0444363
-1.41857
-0.0349436
-0.121543
0.118922
-0.197931
0.0853035
0.259885
-0.276966
0.0191525
-0.334217
0.0949577
-0.0601797
-0.158964
-0.175928
0.0364052
-0.106081
0.204054
-0.3079
0.118555
-0.302649
0.347014
-0.183475
0.309211
0.155228
0.0215463
-0.00654547
0.958075
0.191451
0.100543
0.141711
-0.0196416
-0.0288034
0.150639
0.175481
0.0458572
-0.169337
0.112214
-0.0853432
0.410838
-0.465861
-0.241585
0.0951867
0.0322302
0.148213
-0.198398
0.064341
1.41887
-0.129473
-0.0111577
0.0649583
0.201999
0.086431
-0.0290266
0.113837
-0.0932525
-0.251539
1.34856
1.45684
0.153226
-0.0927306
0.25631
0.0972715
0.0793428
0.0378815
0.114574
-0.143673
-0.17238
0.50814
-0.0462104
0.133687
-0.28868
-0.134838
0.239201
0.00617913
0.0820623
0.0481669
-0.136445
-0.02715
0.00662836
0.0328253
0.646512
-1.35674
-0.168236
-0.28715
1.5678
-0.055459
0.162506
-0.0810372
0.118767
1.11763
-0.174174
0.234084
-0.0596859
0.194021
0.0680348
1.17218
0.166259
0.00431995
-0.316337
-0.176482
0.0428401
0.250714
-0.182719
0.0743688
-0.104815
0.963777
1.54145
0.0455713
-0.252328
-0.122172
-0.199583
1.75045
0.0603315
-0.22769
-1.61382
0.177781
0.258117
0.122089
0.0923824
-0.112287
-0.148612
0.302333
0.112659
-0.11893
0.950281
0.0169488
0.15088
-0.169449
-0.0100187
-0.0687074
-0.0685233
-0.013747
0.0197578
0.120795
-0.339071
-0.260203
0.0700192
-0.24277
-0.0804849
1.40009
0.126346
-0.14135
-0.168313
-0.471499
-0.229
0.130108
-0.106107
-0.0121587
-0.0131264
-0.0607407
0.0679541
0.167198
-0.0927789
-0.128924
0.165778
-0.039508
-0.138424
-0.0919451
0.37553
-0.306328
0.0735484
1.20761
0.0785629
0.0223736
0.66413
0.281166
0.100172
-0.410832
0.0317014
0.265998
-0.155056
0.237416
-0.214609
0.102464
1.66924
-0.125809
1.20734
0.278686
0.155123
-0.033179
-0.122031
0.21151
0.0754299
0.0321182
0.184311
-0.124653
-0.178998
0.132822
-0.126132
-0.0634721
0.685466
-0.331232
0.00320767
0.284701
0.300219
0.0152173
0.104287
-0.0181134
0.165065
-0.0184309
-0.0489639
0.0104117
-0.143181
-0.0774056
-0.127301
0.785135
0.515937
0.00869095
-0.0517666
-0.0462971
-0.236118
-0.175876
-0.101117
-0.0228428
1.10023
0.0684432
0.220114
1.69324
0.244103
0.11897
0.386887
-0.220829
-0.0723557
0.0609992
0.0872856
0.0390256
-0.14589
-0.128737
1.13438
0.00588576
-0.0636491
-0.106359
0.308641
0.192545
-0.0777423
-0.153293
0.315282
0.0577959
0.0777736
-0.0721543
-0.00424171
0.0795367
-0.157458
0.011747
0.0778797
0.0342719
-0.28978
-0.00905857
-0.122603
0.0226795
0.0116022
-0.00876986
-0.108107
0.364869
-0.131713
0.181872
-0.12387
-0.186919
0.0364004
-0.309356
-0.0413464
0.0874796
0.362333
0.0466782
0.362892
0.250513
-0.30373
0.271064
-0.0693228
-0.145366
-0.0589725
-0.0438853
1.84949
0.0777194
0.134957
-0.234272
0.0761777
0.143068
-0.0927586
-0.382097
0.0247318
0.0476381
-0.164452
0.0744755
-1.22143
0.878967
-0.15442
0.0688079
0.136461
0.34131
-0.217939
0.054185
0.472599
-0.0889411
-0.0198964
0.142489
0.0150716
-0.260373
0.16535
-0.00645163
-0.277086
0.18698
0.0936877
-0.466525
-0.233766
-0.147526
0.19173
0.345008
1.09183
0.307831
-0.133942
0.0422059
-0.103422
-0.0620347
0.838142
-0.201192
1.8936
-0.0986465
0.0175055
-0.795239
-0.150456
0.00979748
0.147322
-0.301727
0.0374261
-0.067274
0.0540999
-0.203906
-0.251927
0.0407954
-0.0511039
-0.223231
0.123675
-0.00331985
-0.356752
-0.0394922
-0.0141925
-0.29418
0.18431
0.0228893
0.146618
0.275909
-0.125683
-0.167208
-0.0992519
1.66365
0.175921
0.0871944
-0.0550156
0.456286
0.446744
-0.0672762
-0.0587141
-0.364941
0.130809
-0.0485384
0.113366
-0.0596498
0.494802
-0.282295
-0.0338978
0.0402506
-0.0246947
-0.114769
-0.213138
-0.1118
0.214611
0.124335
-0.0831936
0.150928
-0.152013
0.155545
0.0256701
0.0711483
-0.305182
-1.53007
0.187513
0.248081
0.123469
1.51995
-0.126756
-0.0913446
0.0262752
1.19016
-0.0257077
0.125407
0.182128
0.0236118
-0.0638821
0.00557245
0.195236
-0.0224003
0.243258
0.264631
-0.0321175
-0.122691
-0.00803678
-0.224896
-0.0316913
0.127231
-0.129492
0.144867
0.0593325
-0.0418619
0.0530914
0.000285966
0.364834
0.097889
-0.152813
0.25752
0.0763613
-0.0984771
0.832431
0.280101
0.108684
-0.0712163
-0.0370624
-0.00693213
0.0169671
-0.00694805
-0.170587
-0.152696
0.541759
-0.171813
-0.249606
0.102436
-0.183375
-0.0252617
0.201407
0.161374
-0.00781799
0.235039
-0.0524047
0.250048
0.211861
0.514797
0.234017
-0.369135
0.0372636
0.254155
0.0343713
1.48601
-0.084069
0.194076
-1.49456
-0.122045
-0.0157596
0.186513
-0.0758044
0.663917
0.0982562
-0.391294
-0.271494
-0.233098
-0.00696548
0.133221
0.48126
-0.0241321
0.271356
0.433056
-0.172523
-0.0258866
0.137914
0.140286
0.139744
0.0662016
0.133594
-0.0592806
-0.170048
0.0800081
0.0165181
-0.0120091
-0.144308
0.102986
0.26031
0.121563
0.0727561
-0.201963
0.348976
-0.22059
0.19556
-0.227184
0.217534
-0.148691
1.99491
0.220636
0.0322356
0.233113
-0.182958
1.96113
1.75264
1.4741
0.0548237
-0.178451
0.329996
0.113737
0.326723
-0.206558
9.05684e-06
-1.99228
0.114685
-0.0516725
0.64273
-0.195232
-0.915702
0.214438
0.0808423
0.684949
0.0183779
1.23798
-0.0805947
-0.87057
-0.122926
-0.145917
0.0958366
-0.0595283
-0.376428
0.0882374
0.885771
-0.137452
1.85869
0.0479962
-0.265024
0.372126
0.0659086
-0.148974
0.0480359
0.904985
-0.232524
-0.0471191
-0.10778
-0.0894171
-0.501084
0.220596
-0.141104
-0.0223246
0.0275282
-0.376464
-0.147752
0.18458
-0.0344097
1.96471
-0.0859742
-0.345746
0.210505
-0.0815341
0.0780634
-0.212183
0.0394654
-0.0119466
0.93531
-0.124731
0.0177442
0.182128
-0.0538746
-0.0731086
0.283925
-0.109356
0.180769
-0.145353
0.128533
0.094821
-0.253307
1.38486
-0.190453
0.0394162
0.0386137
0.105499
-0.0309159
-0.977544
1.54132
0.028527
0.0296158
0.0625146
-0.12827
-0.176779
0.196906
-0.18124
-0.016468
-0.0922735
0.414887
-0.11877
0.546773
0.259462
-0.0639689
0.199796
0.129589
-0.0209703
0.468839
-0.0826855
-0.0774861
-0.0772831
0.0988177
-0.342662
-0.129078
0.0471565
-0.105881
1.05226
0.227398
1.26874
0.515613
-0.00350358
-0.29894
-0.0961211
0.0564534
-0.327577
0.0896759
-0.0897452
1.80281
0.0654342
-0.255229
0.00673824
-0.0717528
-0.100747
-0.0395925
-0.229527
-0.186613
0.103749
0.0188629
-0.0901064
0.0872287
0.070697
-0.0202077
0.330827
0.107216
-0.0116871
0.138548
0.0993206
0.225012
1.94668
0.265907
0.0185853
0.0313248
-0.148923
0.0879712
0.0830429
0.609406
0.0154367
0.416625
-0.26513
-0.055433
-0.0260946
0.0422344
0.192539
0.176785
-0.104589
-0.0855106
-0.0365066
-0.106697
0.0816271
0.152464
0.219272
-0.201919
0.134141
0.0753978
-0.139198
0.278195
-0.463004
0.373194
-0.202503
-0.120127
-0.222409
0.166609
-0.172782
0.203143
-0.0357622
0.00515993
0.00948265
0.0281937
-0.613106
0.028074
0.315798
0.224392
0.175776
-1.22254
-0.192684
1.5616
-0.0702126
-0.0399973
0.274951
0.06488
1.81138
0.382421
1.28613
-0.619485
1.22504
-0.00431232
-0.0249096
0.0690672
1.18177
0.0989708
0.015535
0.200495
0.17018
1.53224
0.168909
-0.0607976
0.0377736
-0.0297324
0.0682461
-0.167945
0.163024
0.0496316
0.0136402
0.00244625
-0.0329461
0.768706
-0.0159789
-0.290125
-0.206749
0.189711
-0.0472952
0.19836
-0.103823
-0.244339
-0.309693
0.000133548
0.187816
0.133781
0.105794
0.928023
0.133842
0.0511243
-0.111339
-0.0326943
-0.275652
-0.0803612
1.68824
-0.496468
0.108877
1.65144
-0.103084
0.0369818
-0.0482451
0.00112597
0.257884
0.0345909
0.132971
1.56781
0.0991362
-0.027754
-0.0252437
-0.00244091
-0.220754
0.344055
0.0929723
-0.00407755
-0.00799666
-0.0461993
-0.0896303
-0.157079
0.180015
0.24804
-0.00594861
-1.12549
-0.0301413
0.0049494
0.185196
1.99544
-0.282154
0.260815
0.395944
-0.226958
0.0985619
0.324513
0.14746
0.0198609
0.291266
0.179723
-0.250978
-0.0682467
0.182934
0.203364
0.182734
0.111152
1.74192
0.0473947
-0.188455
0.0414277
0.153354
0.0167212
-0.0721655
-0.224791
-0.0116124
0.159261
0.0981175
-0.162502
0.148205
-0.145555
-0.144207
0.1642
0.0572945
-0.142655
0.0915214
0.00674663
1.74929
0.103736
0.109545
-0.0187188
0.0256389
0.0253008
-0.00209204
0.232554
-0.0220819
0.0524207
-0.0882552
0.151135
0.184692
1.03358
-0.000970232
0.0707224
-0.14298
-0.0932133
0.141416
-0.130245
0.284278
-0.0560866
-0.936713
-0.187914
0.137922
-0.21563
-0.224637
-0.114669
-0.101916
0.19051
0.0348499
-0.255634
0.172579
1.98347
-0.0631089
0.125566
0.297953
1.57373
-0.432955
-0.193378
0.00114395
-0.138895
-0.00376851
-0.288398
0.00371353
-0.0614058
1.02969
-0.140764
0.6241
-0.13553
0.161183
0.365437
-0.166831
0.0341617
-0.265073
-0.0508882
-0.0279646
-0.239762
0.239593
-0.151872
0.13426
-0.0333051
0.136256
-0.343093
-0.0253112
-0.168071
-0.0995266
0.0561022
-0.130361
-0.103292
0.0692887
-0.0855672
-0.221717
-0.155037
-0.0437556
0.478779
0.0511667
0.0258202
0.122677
-0.0704824
0.348404
0.1294
-0.0416474
0.103853
0.0909121
0.103337
-0.097753
0.265918
1.06654
-0.254625
-0.0519236
0.398225
0.175596
-0.102586
-0.164539
0.344492
-0.214889
-0.0806731
1.18578
-0.0117648
0.0298822
0.0676196
-1.25875
0.376423
0.106472
-0.25262
0.469632
0.0473559
0.239285
-0.11466
0.994247
0.177097
-0.0321375
-0.0595709
0.183514
0.210184
1.5067
-0.127307
-0.135591
-0.187736
-0.167926
0.0128962
0.138054
1.41007
1.60081
-0.35965
0.0228963
-0.0132887
0.206348
0.230974
0.0914785
-0.423125
0.233253
-0.128321
-0.0372811
-0.139647
0.257143
1.93556
0.215648
0.00799505
-0.207195
0.0433851
-0.0833391
1.6322
0.130512
-0.133151
-0.575349
1.90624
-0.0691532
-0.28092
0.0885145
-0.13813
0.0834975
-0.0254097
0.434236
0.131418
-0.194718
0.171108
-0.187864
0.138885
0.240013
0.228134
-0.107504
0.0444131
0.089674
-0.405428
-0.096925
0.438218
0.0730097
0.0170109
-0.0630902
0.210591
0.205628
1.38862
-0.0310131
0.968036
0.0527648
-0.132568
0.123627
0.0327851
0.486294
0.0187682
-0.211694
-0.214962
0.119973
-0.0742633
0.232064
-0.223258
-0.097104
-0.166705
1.33622
-0.880661
1.9336
1.41164
0.226306
0.880369
-0.276476
1.38669
0.896193
-0.0309334
-0.331259
0.132238
-0.0856353
1.28436
0.185602
-0.765428
-0.135976
1.08779
0.0446397
0.17148
-0.241431
0.00807176
0.125826
-0.379978
-0.00773627
0.111519
0.124781
0.261764
-0.198351
0.411145
0.218674
-0.400348
0.0621431
0.109546
-0.0446884
0.274152
-0.25823
1.28933
-0.144428
-0.0963441
1.92812
-0.289675
0.0837406
-0.350929
-0.0559777
-0.18589
-0.204558
0.159636
-0.0584684
-0.0369426
0.157987
-0.0442861
-0.316887
0.0910861
0.258326
0.102827
-1.07305
-0.0107378
-0.123418
0.223299
-0.4825
0.136781
0.907417
0.192288
0.111607
-0.249323
-0.0817096
0.103177
0.179103
-0.11355
0.073202
0.031118
1.45668
-0.188901
0.0886139
-0.847701
0.301935
0.139346
0.0568681
0.144775
0.0550234
-0.126665
-0.0150916
0.121099
1.06509
0.178009
0.0397398
-0.0637205
0.243451
-0.00347019
1.73531
1.59379
0.0446933
0.171417
0.0566318
-0.162769
0.380003
0.185566
-0.224313
1.41177
0.0509634
0.33219
0.141988
-1.00174
0.11022
0.21558
0.0275367
0.0888905
-0.103738
1.21553
0.137365
-0.0305917
-0.0714558
0.161941
-0.22018
-0.0507242
-0.0242228
0.390088
0.949323
0.164126
1.22303
0.180853
0.0330456
0.248728
0.124639
-0.162306
0.0959311
0.237434
0.00249321
0.147709
0.0227732
0.205222
-0.0316057
-0.594361
-0.235889
0.171995
0.116774
-0.0810007
0.204495
0.21811
-0.153269
-0.218613
0.142107
-0.057505
-0.0318281
1.12625
0.0487825
-0.375131
0.0833548
0.193582
0.0949876
0.0859777
-0.263807
-0.239492
0.22532
0.0112972
0.0499647
-0.447317
0.339819
-0.159331
0.122697
-0.0775324
0.139279
-0.421879
1.89841
1.52822
1.87995
0.11962
-0.0336029
0.0836525
-0.0305769
0.0544055
-0.373399
0.0691098
-0.165273
1.3552
0.27496
-0.0954502
-0.0428183
1.3427
0.155477
0.0090209
-0.0643891
1.09433
-1.71754
-0.231599
-0.101164
0.216644
-0.161201
-0.188177
-0.0933749
-1.05082
1.01816
0.0999122
0.211963
0.124938
0.172243
1.8804
0.128191
0.0374443
0.174538
1.27823
-0.127534
0.00427667
0.121977
0.14218
0.213614
-0.0937978
-0.0477338
-0.178741
1.31108
0.0608452
-0.00851557
-0.00471546
0.048499
0.407005
0.117219
0.284283
0.160076
0.224019
-0.069637
-0.00334002
-0.0311179
-0.0606212
1.13749
0.231045
-0.102168
0.222034
-0.0567074
0.188256
-0.19931
0.0358802
-0.0503994
-0.0675076
0.285077
0.125948
-0.0816172
-0.0778493
1.95046
-0.216815
-0.348097
-0.0894583
-0.26495
0.0770561
-0.176491
-0.0840016
-0.414118
0.0322401
0.137382
0.154086
-0.212133
-0.00137052
-0.130337
-0.047415
0.305494
-0.0174231
0.168359
0.0825561
-0.00844402
0.283791
0.0532324
0.14081
-0.0605717
0.0905246
0.0455155
-0.0282787
1.69896
0.0640709
0.0692907
-0.172025
-0.257733
0.22716
0.0771178
0.0783309
-0.00733327
-0.0226025
0.0367241
-0.352316
0.170513
0.03548
-0.0222634
0.0484892
-0.0648011
0.0398526
0.0453358
0.181544
-0.269843
0.094041
0.0787131
0.0379822
0.244509
-0.265458
1.55255
-0.173227
0.0099294
0.212021
-0.626347
-0.0894525
-0.00871293
-0.20919
0.0239016
0.0832348
-0.00797096
-0.141864
-0.0862774
0.639723
-0.219514
-0.0468454
-1.44137
0.0735852
0.901763
-0.013369
0.144503
0.0632293
-0.000197925
-0.549453
0.246826
0.215867
0.0842547
0.105139
0.150814
-0.234825
-0.294827
-0.0582125
-0.132998
-0.213743
-0.136727
0.173216
-0.216855
0.0572638
-0.0415749
0.124245
-0.0310652
-0.10119
-0.772767
-0.0552454
-0.144375
0.174769
-0.0245978
-0.0881595
-0.0436823
-0.185467
0.020353
-0.17478
0.0691601
0.118143
-0.860309
0.531225
-0.12538
1.94157
0.163098
-0.0319171
0.0548646
-0.140186
1.53683
0.015897
-0.049
-0.0435825
0.0746744
0.0803808
-0.0205374
-0.293069
-0.137259
0.106457
0.638766
-0.0887339
-0.271719
0.187716
0.146185
0.494254
0.598211
0.0201527
0.106618
-0.16014
-0.00919145
-0.203887
1.13585
0.061655
-0.0480624
0.000467619
1.29402
0.0306461
-0.138556
0.0570737
0.268455
0.0330426
0.12771
1.13255
0.0157664
0.141315
0.0938682
-0.186556
1.37637
0.0134895
-0.0123382
0.198968
0.0367543
-0.0284907
0.102512
-0.0832768
1.56295
-0.205146
0.0105849
-0.0557981
0.386245
0.115642
-0.123144
0.089209
1.60684
1.69564
0.103505
1.10453
0.11055
-0.0137833
-0.740261
0.269407
0.0132842
-0.0222457
-0.0782454
-0.0901025
0.755926
-0.161185
-0.926205
0.148609
0.216331
-0.00379944
0.98925
-0.335888
0.21002
0.0342683
0.0333364
1.1166
0.436558
-0.0362417
0.293545
0.0368244
-1.95614
0.0534258
0.0828802
0.145978
0.33538
-0.0166994
-0.26301
-1.63095e-05
0.0701271
-0.389448
-0.147881
-0.295244
0.133343
-0.0289694
0.01875
-0.105896
0.183219
-0.0252605
-0.670689
0.229598
-0.259455
0.0868019
0.18024
0.327531
-0.110161
-0.191735
0.0447718
0.00287017
0.0873235
0.0123367
-0.135487
0.22668
-0.0751447
-0.0784173
-0.138413
-0.122588
0.0313386
0.0368041
1.29162
0.15533
0.0174978
0.251086
-0.0473169
0.298419
0.0645996
0.31877
-0.0538146
1.07102
0.104291
-1.12567
1.87397
-0.285051
-0.340238
-0.0647119
-0.0777711
0.150419
-0.0063021
-0.0791371
0.0630696
0.303559
0.0713452
0.638471
-0.0531392
0.148185
1.20757
0.0819253
0.013231
0.209828
-0.0602089
0.366161
0.239023
0.0122043
-0.192649
-0.267332
-0.0920272
0.688738
-0.113593
-0.0511827
-0.130513
-0.427254
0.229715
1.11428
1.94062
-0.39992
0.158197
-0.0112899
0.144898
0.253173
-0.117646
-0.0220138
-0.240676
0.148227
-0.0420893
-0.112758
-0.0372006
0.164896
0.0826034
-0.0983503
0.0864296
-0.239418
0.245314
-0.188713
-0.218428
0.0191057
0.0346669
-0.181681
-0.224144
-0.0301743
-0.0574928
-0.0271257
0.113417
0.275969
-0.0823366
0.280438
1.03071
-0.0631143
0.162023
0.0853391
0.26627
0.20397
-0.108496
0.184995
0.27334
0.282702
0.229336
-0.234096
0.122001
-0.134446
-0.18722
-0.301615
0.109221
-0.262895
-0.170254
0.355224
0.167912
-0.0372803
0.107731
-0.0524454
-0.147514
1.33143
0.0826004
-0.0559321
0.472022
0.29158
-0.319675
0.141019
0.0768752
0.084441
0.2266
0.0567332
0.177636
-1.36052
-0.0666268
0.0218145
-0.251142
-0.0862735
-1.07338
0.256246
-0.0874245
-0.11055
0.123234
0.013776
-0.0204838
1.16114
-0.40041
0.121381
0.203874
-0.374812
0.0760047
0.18795
0.0129316
-0.16908
-0.107953
-0.0496534
0.0623926
0.02957
0.0733241
0.569727
1.61355
-0.672087
-0.000510079
-0.280454
0.0674053
0.0589602
0.151166
0.123899
1.27511
0.285839
0.192916
0.191104
0.294445
-0.332652
-0.191351
0.12989
-0.04666
0.199913
0.117972
-1.83457
0.130945
0.231985
1.32723
-0.541528
-0.117107
-0.293371
0.0685424
-0.00743381
-0.236354
-0.152812
0.28473
0.0054485
0.129611
0.458192
0.00715995
-0.0724456
-0.149489
-0.21683
-0.248057
0.202779
0.111364
-0.104413
-0.4535
0.11295
-0.135157
-0.0609141
0.0129889
0.0985901
-0.1123
-0.193121
-0.186896
0.277261
0.229171
0.10595
-0.246219
-0.168783
-0.156294
0.664461
0.162901
-0.266813
-0.136785
0.138743
0.164805
-0.350005
1.40112
-0.0632421
0.000687736
-1.16347
0.0673069
-0.171915
0.279463
0.144918
0.170487
0.199848
-0.0181076
-0.33305
0.040994
-0.0577587
-0.000401344
-0.245931
0.175046
1.40334
1.94261
1.89217
-0.13765
0.345488
-0.118727
-0.0511356
0.0292431
-0.252298
-0.196641
0.0289936
-0.0973499
0.0686973
-0.143338
-0.233761
-0.0623661
0.103314
-0.163533
1.90357
0.444769
0.172956
1.71322
-0.321961
-0.00893907
0.17481
-0.0667619
0.0508255
0.169685
0.159202
0.31272
-0.108978
0.0501953
0.228126
0.0624105
-0.00171328
0.167791
-0.103741
-0.182252
-0.159222
-0.144858
0.111212
-0.184653
0.206544
-0.122932
-0.0354859
-0.104176
-0.128121
-0.103945
-0.204426
-0.0686001
-0.110176
0.152619
0.153733
-0.0612517
0.969028
0.187781
0.452908
0.30381
0.18368
-0.129043
0.563765
-0.239868
0.115325
0.611232
0.132384
0.128786
-0.179811
-0.257508
0.831633
0.0122421
-0.108298
-0.0651098
0.0753216
-0.0207987
-0.0675649
0.0628828
0.170658
0.105439
1.91129
0.152315
0.21454
-0.297211
0.0214194
-0.18181
0.138408
-0.0201656
-0.0990522
0.10175
0.058886
-0.133772
-0.475851
-0.334782
-0.0330272
0.0325256
0.265183
0.41133
0.17322
-0.430552
0.190896
1.75749
-0.111949
-0.405325
-0.210958
0.157043
-0.031599
1.07057
0.159672
0.082021
0.135178
0.165921
0.243305
0.248963
0.0892069
-0.0912613
-0.0286287
0.0501126
0.227992
1.34305
0.280956
0.29352
0.158562
0.0319175
0.0921368
0.159921
-0.0622766
-0.183035
1.87257
0.267723
1.48673
-0.0962192
-0.167583
0.117828
1.15131
0.0493225
0.456306
-0.0770935
-0.0191739
-0.00321899
-0.0770067
1.73973
0.19571
0.188691
0.189115
-0.153662
-0.0416703
0.0402454
0.138281
-0.00251082
0.588245
-0.217395
0.197184
-0.05323
0.140505
-0.242736
-0.0624341
-0.0314388
-0.0464081
-0.202158
-0.245632
-0.422617
-0.317034
0.0997714
-0.0352803
-0.0751978
-0.133788
0.0395699
0.243195
-0.165353
0.0455918
-0.253818
-0.162726
-0.80632
-0.0182959
0.157577
-0.147611
0.0340433
0.200093
0.447952
-0.0534309
0.48486
0.120579
0.23931
0.160134
0.0533144
0.0308462
-0.122796
-0.287564
0.168336
0.590261
0.0650447
0.106017
0.15205
-0.000601797
-0.0277699
0.841567
0.112272
-0.159881
-0.0872559
0.00745508
-0.101478
1.24929
1.76664
0.0384939
-0.131674
-0.0763083
0.178433
0.131674
-0.134977
-0.365532
0.421671
0.0203228
-0.164509
-0.146751
-0.278128
0.00781443
-0.0738019
-0.165603
-0.0733298
-0.0762199
1.34074
-0.0817069
-0.143702
0.0958486
0.199149
0.186564
0.0173697
0.0470278
-0.0990591
0.0903273
0.01112
0.0434444
0.175015
-0.106651
0.291024
-0.0322331
1.48927
0.770922
0.0167267
-0.0467208
0.0564405
0.122106
-0.0759412
0.483929
1.04039
0.0380763
0.0980318
0.0894538
0.391581
-0.128157
-0.0985036
0.0333403
0.185609
-0.0612153
0.0737688
0.0979559
0.308332
-0.0760136
1.62542
-0.16715
1.13527
0.0147057
-0.033537
0.0178687
-0.117873
0.0990992
0.044937
-0.162257
0.120171
-0.0159871
0.217702
-0.287111
1.98403
-0.119092
-0.0970207
-0.228413
1.7148
0.250804
0.221124
-0.0576016
0.166066
0.126703
0.111843
0.0709672
0.132857
-0.0826929
0.173003
0.160918
-0.339701
-0.0726315
-0.278975
-0.0899382
-0.171012
0.197339
0.115985
0.278309
-0.191517
1.33581
-0.248504
0.0977463
-0.330197
-0.142826
0.0978225
-0.0096999
0.0897375
-0.0802102
0.0996673
-0.137434
-0.203471
-0.152718
-0.0955544
-0.0491139
-0.375826
0.443233
0.0904761
-0.136885
-0.0264204
-0.00707224
0.122635
-0.0774698
0.210516
-0.105017
0.0900296
0.153013
0.22115
0.399817
1.93131
0.403816
0.108791
-0.0493497
0.3877
0.157789
0.15504
-0.00388707
-0.243254
-0.0842919
-0.282775
0.341157
0.00849146
-0.0262874
-0.0754669
0.0595029
0.259856
1.65554
-0.601307
-0.168462
0.24951
0.0535365
-0.329247
-0.190511
-0.0812442
0.585093
-0.0518821
0.0402083
0.0954655
-0.12993
0.67747
0.262015
-0.136782
0.140172
-0.0928036
-0.0822955
0.886403
0.116179
1.58426
-0.152539
-0.106519
-0.0206429
-0.112671
-0.137412
1.74392
-0.0956279
-0.0515261
0.783968
-0.175063
-0.263204
0.0446293
-0.236102
0.0311961
-0.326056
-0.196835
-0.053614
0.337501
0.330018
-0.0561317
0.0465704
1.76474
0.113191
0.674575
-0.17693
-0.0684469
-0.00829112
0.257725
1.75621
0.392546
0.172256
-0.00126004
0.12818
0.831276
-1.9946
0.180978
-0.0594077
0.200253
0.0126997
-0.112434
0.156434
-0.237969
0.0634021
-0.0117619
0.0833226
0.0714296
-0.217638
-0.156137
-1.09708
0.205024
0.364069
0.291063
0.147401
0.0380656
0.132566
-0.202003
0.0901704
0.212174
0.075486
-0.0635579
-0.129208
-0.0425915
0.265687
-0.161972
-0.120478
-0.221309
1.78739
-0.0911604
0.0255731
0.151651
0.0744003
0.00863914
-0.0331213
-0.782653
0.246654
0.15451
0.230266
-1.85815
-0.118669
0.529232
-0.0418165
-0.1644
-0.160887
-0.118025
0.214422
-0.0301465
0.243764
1.51576
0.183525
0.0177292
0.201933
-0.0859268
0.373173
-0.114863
0.0715843
-0.291006
-0.261624
0.270566
1.82139
-0.104025
-0.123068
0.0185381
0.013255
-0.0953948
-0.037402
-0.389667
-0.230485
-0.260568
0.162944
0.0717731
-0.138751
0.0163399
0.0734136
-0.202068
0.0896491
0.00800788
0.330435
0.045588
0.317254
0.605962
1.02998
-0.667418
0.350781
0.06402
0.0594372
-0.192341
0.00944394
-0.0801599
0.132748
-0.0267281
1.39202
0.140621
0.0286832
-0.104626
-0.0965411
0.182087
0.154403
-0.00814592
0.00395881
0.0859646
-0.109151
0.154955
0.272254
0.16472
-0.0469128
0.305177
0.352248
-0.192328
0.905349
1.79739
-0.0272638
0.134328
-0.00586392
0.356378
-0.640018
-0.218688
-0.189745
-0.20554
-0.143254
0.212951
-0.194989
-0.0748745
-0.295948
0.0636701
-0.119031
0.136577
0.0778078
0.119549
0.492466
-0.0357868
-0.200647
0.424775
0.132083
0.16545
0.365313
-0.00129045
-0.0984572
0.0184923
-0.0646563
-0.123149
-0.152401
-1.01499
-0.215069
-0.0249645
-0.113131
-0.118959
0.144265
-0.0752778
0.20288
0.460958
-0.017422
-0.000140627
0.202079
-0.0181579
0.181093
0.1398
-0.00803807
0.0113219
-0.265544
-0.083232
-0.286061
0.0728437
0.136995
-0.00403011
-0.330778
-0.0335672
0.119688
-0.231027
0.316218
-0.122303
-0.202195
-0.340507
0.00250592
0.121286
0.181114
-0.176183
-0.346907
0.0370143
-0.0716891
1.51045
-0.043424
0.187521
0.0093363
0.228115
0.666973
-0.314405
-0.130304
0.0089643
-0.133253
-0.0363695
-0.0155544
-0.496354
-0.0738254
0.139536
0.199158
-0.299542
-0.0819031
0.127998
-0.445293
-0.109499
0.103167
-0.0227187
-0.149247
0.0826493
-0.219762
0.100042
-0.144771
-0.225215
-0.0334318
0.104378
0.0432141
0.141094
0.0841261
0.0808358
-0.212605
-0.219635
0.0966844
-0.0660091
0.125103
0.333032
1.7411
-0.0588215
-0.309863
-0.138066
0.0894945
0.141024
1.11322
0.0830324
1.72872
0.0713876
-0.83194
-0.173905
0.00117317
-0.160794
-0.12217
1.72539
0.197486
0.165052
0.146101
-0.100039
0.200424
-0.0579802
-0.0874083
-0.243753
0.141681
-0.105706
0.0607121
0.0178387
0.0721326
1.34646
-0.141591
0.0216404
0.121398
-0.18158
-0.0604968
0.0820451
0.00653917
0.289218
-0.00831094
-0.116652
-0.0108053
-0.2751
0.18613
-0.371315
-0.144157
-0.0518704
-0.0526025
0.120262
0.0838167
0.342316
-0.254483
0.0205849
-0.312744
1.85774
0.452561
0.149635
-0.149869
0.108981
-0.0255132
0.251784
0.186687
0.284977
0.0479294
0.460945
0.248765
0.0607447
0.179222
-0.0480393
0.106091
-0.172118
0.0453166
-0.21928
1.70244
0.0661713
0.0315374
0.493714
0.172452
-0.0600743
0.0536277
0.176119
-0.0505344
-0.0239728
0.332804
0.0105736
0.0291282
0.165163
-0.116937
-0.137933
-0.0019928
-0.298908
0.0549738
-0.168667
0.162143
-0.0699114
0.469755
-0.065176
0.080538
-0.202664
0.387094
0.0138078
-0.146731
0.059987
1.1873
-0.164279
-0.146905
0.608066
-0.114524
0.385028
0.589468
0.0886549
0.0991888
0.0726176
0.267712
-0.201079
-0.0634364
-0.16552
-0.482216
0.637514
0.0660303
0.030242
0.0974696
-0.024346
0.0908373
-0.292516
0.813573
-0.301534
0.0395447
0.153061
-0.240752
0.23366
0.0274556
-0.236944
-0.25449
-0.217842
0.0795047
0.146618
-0.039265
-0.13126
-0.302137
0.15268
0.0124232
-0.107432
-0.0536639
-0.157017
0.250201
0.0734946
0.160745
-0.0860862
1.93303
0.115944
1.74768
-0.0714389
-0.178748
1.67799
0.0607415
-0.177272
0.0430966
1.90131
0.183225
1.44593
0.0819026
-0.183509
-0.0739092
0.17333
0.00963092
0.00541255
-0.034214
-0.0167473
-0.412539
-0.131622
0.0202206
-0.0442908
-0.318565
0.285336
0.0200796
0.0421001
0.489032
-0.139991
0.0229591
-0.124038
-0.364916
-0.206522
-0.164925
-1.55221
-0.00498623
0.244912
-0.180922
-0.172412
0.012763
0.157779
0.0731587
-0.272802
-0.167774
-0.0824428
0.383599
1.30875
0.0147179
-0.0980148
-0.167235
0.0245496
-0.0742439
-0.0894903
0.0986847
0.150141
-0.0466856
-0.0972755
0.150496
0.223336
0.325212
-0.133611
-0.308228
0.0608838
-0.098683
0.0124103
0.159959
0.0301609
-0.47462
-0.0497622
0.260838
0.0229152
-0.901767
-0.145944
0.0772503
-0.0725981
-0.309166
-1.32926
-1.00422
-0.412765
0.104154
-0.182361
0.0583413
-0.391589
0.157118
0.14012
-0.105416
0.0350136
-0.0263536
0.0889148
1.78713
0.442416
-0.0387173
-0.17629
-0.236087
0.247103
0.0368991
0.0984523
0.0300202
0.165859
0.295487
1.96313
1.51668
-0.102125
1.62969
-0.21502
0.0480513
-0.0374912
-0.315178
-0.157632
-0.054903
-0.224762
-0.0796399
0.371677
-0.277901
0.115106
-0.346576
0.177789
0.217295
0.251682
-0.00160761
0.108795
0.109267
-0.00285997
-0.196157
0.0499361
0.103765
-0.0577597
0.336583
0.0850744
-0.0507673
1.84708
-0.210604
-1.36915
0.0291066
0.444869
-0.0140973
0.692045
-0.0213133
-0.0120836
0.140432
0.625866
0.109969
0.150954
0.0100822
0.0336076
0.184895
-0.14402
0.105999
1.83538
-0.169635
-0.0330884
-0.148431
-0.20996
-0.156169
-0.226873
0.0541844
0.126453
0.702351
0.243302
0.206747
-0.274978
0.685895
0.0011805
0.229264
-0.134379
0.469838
0.827961
-0.303117
0.0723425
1.91759
0.0988716
0.184017
-0.494551
-0.0238225
-0.128659
-0.313218
0.0202291
0.00992338
0.117672
0.00531552
0.0377273
0.0524692
-0.289249
1.62336
0.161707
-0.0612036
0.0219003
-0.152275
0.159285
-0.0223084
0.0976914
0.696913
-0.0567179
0.0733731
0.0722224
0.260052
1.6282
-0.0521352
-0.0662076
0.135692
-0.00942858
-0.225569
-0.0726567
-0.0799684
-0.246275
0.0361829
0.176186
0.055062
0.0986607
0.150226
-0.0643582
-0.101518
0.0832441
-0.146737
1.03377
-0.0121375
0.0192109
0.00433146
0.0843444
-1.02376
-0.0495699
-0.193533
-0.212786
0.145259
0.169063
1.81975
1.62652
0.255426
-0.000404606
0.460866
0.0125077
0.294522
0.132902
-0.116823
-0.157262
-0.124628
0.530757
0.130148
-0.0120386
0.230216
0.0546328
0.0315533
-0.198063
-0.146005
1.96235
0.01518
-0.216048
1.68021
0.36772
0.0231247
0.0604326
0.70122
-0.892122
0.174338
0.227969
-0.254668
0.014908
-0.124529
0.352537
0.290381
0.111054
0.120471
0.155465
-0.169855
-0.0916243
0.00918222
-0.511074
-0.425143
0.229664
0.0946305
0.026161
1.39717
-0.238181
-0.246422
-0.228117
0.262493
-0.161699
-0.21423
0.120885
0.146441
0.0226126
-0.278028
0.238476
0.142565
1.35001
-0.0246059
0.318958
-0.205132
-0.234462
-0.30021
-0.125086
0.402311
-0.0372057
-0.222481
0.0618994
-0.494918
-0.184529
-0.513558
0.113389
1.74272
-0.131395
0.195727
-0.201623
1.10356
-0.0249084
-0.13898
0.192152
0.227918
0.188923
-0.0399318
-0.236745
-0.209783
-0.0883199
-0.787364
-0.0823215
-0.258121
0.393841
-0.24211
0.205526
0.00279289
-0.182735
-0.215405
0.224626
0.121953
0.0951729
0.200907
0.229989
0.235603
0.305736
0.31378
-0.246036
0.0802881
0.14351
0.136128
-0.258505
-0.0920829
0.0645539
-0.146953
0.155214
1.90843
0.0424311
-0.136371
0.0827422
0.308228
-0.0368224
-0.0663718
0.324832
-0.469292
0.141896
-0.00755901
0.072293
-0.185585
0.215462
0.125869
-0.288396
-0.00498367
-0.00817027
-0.0549158
0.162057
-1.00693
-0.0304726
0.251352
-0.216026
0.200272
-0.121707
0.0548606
0.0019696
-0.414983
-0.342527
-0.256433
0.160251
0.510914
-0.130528
0.169235
-0.0561759
-0.243977
-0.322981
-0.0595033
0.0741248
-0.0459428
0.179681
0.0221142
0.026545
0.104315
-0.087428
-0.0423196
-0.191165
0.0677199
-0.100624
0.0628854
0.670286
-0.0496468
0.0888496
0.0310095
-0.15802
0.201037
0.289186
0.178907
0.037425
1.20869
1.90872
0.306629
-0.327123
-0.124779
0.0654491
0.129161
-0.337287
0.248883
-0.180514
-0.0727293
1.60105
-0.0138646
-0.0591203
-0.0725201
-0.202759
-0.142821
0.0884172
1.73619
0.165454
-0.494223
-0.590919
-0.163464
0.207395
0.657061
-0.224815
-0.0492674
-0.0240237
-0.140481
0.238758
-0.210757
-0.0629715
0.044302
-0.0969209
0.314313
1.79971
1.8585
0.281103
-0.0353197
0.135855
-0.0685156
-0.0689878
-0.249296
-0.011899
-0.000123975
0.0351908
-0.220043
-0.0906261
0.214716
-0.0106068
0.217795
-0.197402
0.225449
0.152784
-0.123507
0.136097
0.130734
0.219338
1.56844
0.0140715
0.223576
0.0876111
0.36143
0.340627
0.211189
0.287445
-0.185991
-0.0841064
-0.0376349
0.028355
0.384449
0.0269864
1.97282
-0.129402
-0.129049
1.38703
-0.157258
-0.301062
0.0481165
0.193692
-0.00390301
-0.0705105
0.0633386
-0.345188
0.093351
-0.254714
0.0233839
0.097874
-0.0682655
-0.0452572
-0.770036
0.0247737
0.157512
-0.0706418
0.206586
-0.108993
-0.0162073
0.180316
0.135856
-0.283902
-0.190254
1.01873
-0.114497
0.0451718
0.22227
0.198684
1.96921
0.272675
-0.180022
-0.125397
0.273728
0.143514
0.619207
0.079153
0.102348
-0.064449
-0.0669035
0.0461336
-0.515153
-0.31448
-0.160534
-0.287539
-0.381524
0.00748713
-0.00229862
0.359663
-0.0439187
-0.1627
-0.0919944
1.68423
0.106671
-0.020451
0.0675445
0.185133
0.0408994
0.0115622
-0.476259
0.145354
0.0886735
-0.0833542
-0.116236
0.0312966
1.11726
0.163973
0.496707
0.137546
-0.221434
0.0700458
0.0219706
0.1928
-0.263652
0.213407
0.088435
-0.137372
0.0665241
0.0175761
-0.306789
-0.094621
0.107352
-0.186184
-0.171595
1.85419
-0.238557
-0.0392435
-0.00335954
0.785524
0.223198
-0.140112
-1.08733
-0.258969
0.132654
-0.285394
-0.081761
0.335563
-0.0884858
0.0524625
-0.236671
0.0710985
-0.108414
-0.0643014
-0.128235
-0.210437
-0.185709
0.0255488
0.0501972
-0.540826
-0.257784
0.474419
-0.0863125
-0.0572072
0.0883404
-0.21446
0.169945
-0.0832069
0.343351
0.100777
0.113577
-0.0665686
-0.000754409
-0.00929739
0.279882
0.15125
0.122429
0.0506952
-0.0125798
-0.104946
-0.0100132
0.118329
0.111044
0.130365
0.0172991
0.246682
0.119651
0.0280838
-0.187419
-0.0891898
0.0270094
-0.168939
0.0640937
0.00783385
-0.0404119
0.258677
-0.00536855
0.105211
-0.0494067
-0.0390661
0.0731339
-0.0480435
-0.134796
1.89652
0.0787232
-0.272418
-0.300741
0.215224
0.0581734
-0.100338
0.135272
0.00695706
0.422047
1.93794
0.0629634
0.0160261
-0.00206126
-0.060693
-0.187843
0.0315998
-1.19674
-0.200547
-0.0715401
-0.2605
0.246752
0.498823
1.58259
-0.209479
0.254067
-0.0711561
-0.112053
0.722824
-0.0796198
1.24109
0.211862
0.158524
1.14714
0.258651
-0.167097
0.260627
-0.538516
1.623
-0.255531
-0.000139789
-0.0295209
0.259799
-0.140959
0.409812
0.148401
-0.0769477
0.0492633
0.810485
0.104329
0.201897
-0.091264
-0.27253
-0.640609
-0.408916
-0.00926733
0.065108
0.0808066
-0.145712
-1.2354
-0.271511
0.114253
1.67536
-0.119055
0.125924
0.0196557
-0.297083
-0.254948
0.31906
0.113733
-0.210951
1.37627
0.0163209
-0.0369494
0.0717467
-0.0653355
-0.0328687
0.120051
-0.07512
-0.0422997
0.052191
0.0866023
0.053376
0.0921074
0.0191547
-0.220639
0.09775
0.092723
-1.29895
1.8185
-0.0468113
-0.131817
-0.220181
0.183526
0.271823
-0.157201
-0.0387794
0.135685
0.0783614
-0.0799406
0.056026
-0.0282569
-0.434244
-0.0857277
-0.0241476
-0.0504904
0.134034
0.117897
0.297089
-0.114134
0.709832
-0.185815
-0.19955
0.163136
0.185142
1.10976
-0.129139
-0.028648
0.178996
-0.0477392
-0.192785
-0.335774
0.055051
-0.0696734
0.0273033
0.150981
-0.168458
1.84681
-0.141981
0.143243
0.0248075
0.00984532
-0.179461
0.041935
0.14667
0.110924
-0.341035
-0.082149
-0.0714636
-0.263314
-0.183305
0.0311038
0.100739
0.0644454
-0.0169405
-0.310155
0.041646
0.245553
0.0980282
-1.16162
-0.337317
-0.0266333
0.0448304
0.0676072
-0.184721
-0.137012
-0.439234
1.07179
0.261206
0.230412
0.750391
0.149093
-0.0520109
0.0331392
0.0494631
-0.104291
0.132222
0.144033
-0.114051
-1.55851
-0.00206934
0.108142
1.84669
-0.28017
-0.0782583
0.173837
-0.0509127
0.0570116
-0.368032
-0.288378
1.51486
0.0314231
0.0178729
0.060057
-0.0269873
0.114806
-0.0532918
0.205573
-0.0701044
-0.0540741
0.26215
-0.0897125
-0.100994
0.148161
-0.130508
0.0719394
-0.268928
0.0742658
1.10245
-0.137787
-0.167126
-0.338078
1.13949
0.152715
0.138156
-0.134524
-0.330664
-0.0211879
0.396312
0.183667
0.143582
-0.554594
-0.362257
0.27111
-0.0299622
0.173522
-0.278627
0.0466187
-0.980291
-0.157211
0.136753
0.0668202
0.818152
0.300658
0.0234425
-0.0435684
0.0808994
-0.320011
0.087322
-0.248725
-0.154686
-0.231305
-0.271431
-0.214533
0.07463
0.439191
-0.219029
0.135625
-0.135884
0.544588
1.75583
0.134968
0.00369259
0.119937
0.278976
-0.953795
0.00849891
0.0930198
-0.054833
0.105522
0.0468824
-0.100177
-0.254725
-0.0995067
0.0772174
-0.174944
-0.0481958
0.14204
0.281863
-0.115285
0.192991
-0.82809
-0.134423
-0.120034
0.180708
0.0901099
-0.499099
-0.089232
-0.266592
0.17298
-0.0240398
-0.288168
-0.593228
-0.112969
1.11843
0.086331
0.0296372
-0.0609089
-0.0852684
-0.0735341
-0.0559315
-0.0958761
0.584797
0.0226663
0.0582974
0.118991
-0.493858
-0.15833
0.0261566
0.486705
-0.25665
-0.115171
-0.0690722
0.304752
-0.0497649
-0.0359483
-0.334284
1.35724
1.72526
0.238509
0.041543
0.0826512
1.6398
-0.107864
-0.0281895
-0.216898
-0.0416379
0.108454
0.620877
0.00150155
0.0692241
0.163522
-0.0127548
-0.0976034
0.248512
-0.031644
0.0484151
0.0516634
0.130232
-0.232633
-0.0829092
-0.0812618
0.121689
-0.138739
0.140302
0.180531
1.87533
0.0500195
-0.087884
-0.238894
-0.15927
-0.0571991
-0.0765299
-0.0753635
0.0592972
-0.0959878
-0.170035
-0.338785
-0.0188358
0.079402
-0.00880117
-0.0256326
-0.252063
0.233141
0.151852
-0.221564
1.5671
-0.409696
-1.98295
0.00411982
0.0506166
-0.435944
0.0525083
0.394701
-0.188066
-0.0253251
-0.0688874
0.138719
-0.134946
0.303066
-0.217584
-0.0535065
0.12942
0.323491
0.126627
0.17144
0.273502
-0.107292
0.0123833
1.0353
0.297446
-0.0468653
-0.345625
-0.121609
0.253797
-0.160189
0.050747
0.0270331
0.276611
0.0439395
0.317757
-0.103636
1.51554
0.246353
0.0298982
-0.459697
0.188027
0.0743577
0.0647393
-0.143676
0.152214
-1.24443
0.019185
-0.830394
-0.117598
-0.111148
0.0367552
0.0473301
-0.0282934
-0.224667
-0.022387
0.0930026
-0.070831
0.397631
0.0204933
0.0218211
0.0125348
-0.0960101
0.0269358
-0.134889
0.354313
0.0529186
0.238038
0.0674346
0.198813
-0.0634376
0.173186
-0.153426
-0.0677345
-0.195977
-0.0282536
-0.183113
0.0117021
-1.41046
-0.201862
-0.223841
0.0460748
0.00976646
-0.0584266
0.037015
0.194953
0.0613266
-0.133498
0.522995
0.119772
0.260697
0.210189
-0.52672
-0.254008
1.67941
0.235331
0.0314271
-0.224497
0.07844
0.00561873
-0.0702556
-0.414993
-0.311217
1.21059
-1.23104
-0.0554362
-0.0237187
0.377131
-0.295671
-0.374676
-0.129164
-0.0964888
-0.179526
-0.0359593
-0.0952702
0.327497
-0.0349979
-0.22968
-0.210949
0.0763068
0.0626198
-0.0379671
-0.134817
0.0674946
-0.0470329
0.13334
0.0169151
0.00657104
0.132332
-0.320537
0.264721
-0.0447541
-0.0428384
0.140774
0.657014
-0.340279
0.14049
-0.131677
-0.141878
-0.127808
-0.0784119
0.0927791
-0.290788
-0.0578887
0.047977
0.0656793
0.011417
0.202444
-0.334183
0.0479845
0.441608
0.242482
-0.136217
-0.337266
-1.19314
-0.0497738
0.00799877
-0.0216085
0.00656183
0.289069
-0.307026
1.16033
0.0609137
0.0136085
0.140674
0.126129
-0.0354276
-0.244409
-0.195735
0.0164326
0.0459148
0.14893
1.57361
0.0898454
0.340523
-0.181258
-0.147259
-0.219636
-0.0556582
0.0670398
0.0539086
-0.056085
-0.0273474
-0.191978
-0.0242183
0.239381
0.020703
-0.0654315
0.36746
-0.152328
0.031205
0.368406
-0.124983
0.017735
0.00212036
-0.10502
-0.239459
-0.193821
1.81247
-0.104566
0.525416
0.0647173
0.0767674
-0.231584
0.0825844
0.0967739
0.344433
-0.21796
0.302411
0.0564462
0.0795949
-0.0747098
-0.0558331
-0.292631
0.00250836
-0.279343
0.285056
-0.084454
0.166186
-0.0465338
0.0415412
-0.125862
-0.0268931
-0.12632
0.343723
0.206261
-0.662651
-0.142625
-0.0945741
-0.012654
0.115965
0.127999
-0.147733
-0.00388167
-0.530533
-0.0118706
0.0624972
0.293278
0.0114159
0.0154766
-0.433306
-0.293531
0.00302551
-0.0281731
-0.234228
-0.283215
-0.703353
-0.305862
0.23475
0.0422022
-0.0101307
-0.111373
0.998509
0.101928
0.00835862
0.170374
0.170989
0.0537476
-0.0342212
-0.0414822
0.0584659
0.109443
-0.101262
-0.119307
0.0976339
-0.188177
1.37568
0.0636722
-0.119107
-0.0800303
0.153641
-0.254992
0.0320224
-0.0514126
0.242363
0.072937
0.851642
-0.0314999
0.185442
-0.0853564
0.057583
-0.0585394
0.02579
0.216326
-1.8606
-0.13043
0.375541
0.0680119
-0.727004
-0.0705081
0.0352765
0.332456
0.068103
0.00159722
-0.14814
-0.0113273
-0.302231
-0.184361
-0.0220597
0.0460225
0.312151
0.248453
0.0701541
0.0589747
0.105939
-0.0745083
0.0597973
-0.0496897
0.393724
1.76987
0.071105
-0.0870563
0.337778
1.64711
0.195102
1.41576
0.0697941
0.00374045
-0.00187357
1.35207
-0.105043
-0.299073
0.0594436
-0.0757238
-0.0860808
-0.087309
0.20575
0.169564
-0.220198
-0.373813
0.30229
0.209282
0.170171
-0.19506
0.0284018
0.102802
-0.0561186
0.354213
1.67002
-0.0616236
0.00602987
0.0832623
0.263005
-0.423249
-1.90935
-0.000452472
0.0971237
-0.272297
0.00526107
0.0241887
-1.35668
-0.0644716
0.0600964
-0.150594
0.31403
-0.318209
0.941057
0.0268098
0.175697
0.845774
0.0569918
-0.0909036
0.0301316
-0.102529
-0.103644
-0.0683004
-0.0151004
-0.0748968
0.0503251
-0.0735174
-0.854907
-0.127254
0.715547
0.11863
-0.124976
1.25553
-0.197405
-0.00614829
0.070638
-0.01248
-0.00736782
0.202345
-0.0596777
0.0886021
0.123013
0.0100457
-0.433874
-0.0342183
0.075264
0.151111
-0.0464643
0.330782
-0.0919475
-0.116843
0.333371
1.7555
-0.125384
-0.0499049
-0.0251669
0.125
0.165039
1.39262
-0.461939
-0.0337634
0.390961
-0.904805
-0.0616071
-0.0824332
0.214215
0.205965
0.915796
1.75778
-0.153955
-0.210651
0.135992
-0.0132575
-0.146318
-0.0835833
-0.0188751
0.0488045
0.109668
0.118858
-0.217747
0.323837
0.147529
0.00456313
-0.00742306
-0.681275
0.126509
0.122488
-0.0217972
0.115144
-0.153329
0.027119
-0.054965
-0.0416997
1.23217
-0.23498
-0.0401097
-0.0862227
-0.0891297
-0.10153
-0.0743463
-0.0089671
-0.0503463
0.0181262
1.07759
0.129276
0.135573
-0.00334329
0.113503
0.0611227
-0.194161
-0.083252
0.295684
-0.0547201
-1.15395
-0.49324
-0.146151
1.93919
0.131019
0.00555514
0.135835
-0.202363
-0.43265
-0.0635065
-0.0212132
0.329323
0.045335
-0.205481
0.0593294
1.74
-0.047689
-0.017402
0.365898
0.14391
0.0768603
0.241569
-0.00543301
1.48126
0.228847
0.233809
0.00635448
-0.223399
0.0146642
1.24361
0.309645
-0.107742
-1.34374
1.49872
0.572284
0.192026
0.306676
0.244591
-0.00919576
-0.676954
-0.269771
0.0100165
0.163117
0.629858
0.0769466
-0.375566
0.0718756
-0.160914
-0.160981
0.217212
-0.0177249
0.196261
-0.288469
-0.0945765
-0.0101635
-0.0512124
-0.336045
0.0577412
0.113008
-0.0888523
0.0201804
0.170595
0.26286
0.00503028
0.170349
0.0198647
-0.353545
0.049253
0.010334
0.169616
-0.0879181
-0.0987995
0.115028
0.265053
0.0574328
-0.563888
0.264197
1.63099
0.0280954
0.121435
0.402518
-1.11122
-0.0105041
-0.20473
0.0379898
0.0742074
-0.136392
0.115851
0.0594659
-0.0518281
-0.137622
0.0512579
0.0732715
-0.0444296
-0.105151
-0.178839
-0.0348071
0.379482
0.327836
0.665017
-0.116615
-0.197612
0.00839935
1.80703
-0.0267054
0.741173
-0.359701
0.0366419
-0.0854422
-0.0178852
0.183971
-0.173004
0.100138
0.0761156
-0.188162
-0.162492
-0.0570759
0.156595
-0.163145
-0.0136691
1.39221
1.30033
0.183828
0.29034
0.149153
0.368437
-0.274179
-0.0732951
-0.158392
0.880902
-0.0495266
-0.0769753
0.0528009
-0.0162066
0.0499762
0.0235352
1.01955
-0.177742
-0.0930099
-0.152595
-0.114517
-0.100461
1.77989
-0.0277722
0.18798
0.390167
0.264578
0.130578
0.0464263
0.0353406
-1.27321
-0.1183
-0.0976375
-1.2316
0.151616
-0.184128
0.024375
-0.0861727
0.112291
0.0761565
-0.00767387
0.119095
-0.38541
0.792829
0.20973
-0.00335453
0.1525
-0.33254
0.622026
0.284781
0.238794
0.104638
0.0906367
1.56022
-0.208885
0.438349
0.109805
-0.0179796
0.126827
0.234142
-0.0254678
-0.137302
-0.22015
0.0164752
0.166843
-0.133631
-0.165928
-0.349093
1.36861
1.22374
0.0120608
0.0979371
-0.176065
0.0237069
0.107495
0.151168
0.198602
-0.209406
0.148148
1.66302
0.0288436
-0.131769
0.0776595
-0.1841
-0.0501849
-0.166876
0.28781
-0.29088
-0.0971385
0.0803175
-0.106542
1.49119
-0.222583
-0.042928
0.263931
0.072515
-0.0279892
-0.327835
0.301109
-0.307177
-0.0673179
0.134531
0.110771
-0.0193285
0.0170378
-0.193681
0.344699
-0.067968
0.172955
0.0269571
-0.0144702
0.108232
-0.234136
0.00372819
0.0831366
0.0510771
0.116874
-0.293009
-0.184764
-0.0134485
-0.177451
-0.230108
0.099474
-0.0528262
0.149738
-0.276168
-0.0764104
0.173114
0.536914
-0.163982
0.201204
0.272641
-0.0147171
-0.0996169
0.0467317
1.70637
0.00133293
-0.146887
0.185386
0.257841
-0.114498
-0.223378
-0.0782824
0.142518
0.0272817
0.187519
-0.302902
-0.0107424
1.25114
1.55361
-0.608169
-0.170597
0.0519881
0.115571
-0.00698943
-0.190169
0.22197
-0.210292
-0.163821
-0.178998
0.0728261
-0.0180777
-0.00175795
0.0667264
0.306531
0.0329142
0.0155634
-0.0997
0.995923
-0.0935736
0.0150427
-0.0946251
0.0431442
-0.117567
-0.0670366
-0.126453
-0.0989696
0.218885
-0.479487
-0.14935
0.230433
0.0848254
-0.048308
1.87015
-0.0699936
0.0928722
0.0234924
0.0784625
0.142979
-0.103573
0.00421474
0.0231481
0.0626582
-0.24396
0.0572343
-0.121028
0.0981026
-0.322254
1.93647
1.2127
0.274345
-0.134892
0.298269
-0.889649
0.162487
-0.203363
-0.121815
-0.0308977
0.293521
1.13987
-0.0564917
0.0406785
0.0199093
0.0350251
0.0787738
-0.338238
-0.980987
-0.236489
-0.148082
1.34391
0.163226
1.75463
0.0457699
0.212305
-0.00307944
0.0936085
0.14167
0.976011
-0.24693
0.322474
-0.345611
-0.102978
0.0768919
0.0980442
0.0412929
-0.252974
0.129588
0.0418915
-0.0876644
0.197182
0.0763913
-0.224033
-0.0401794
-0.0485446
-0.364589
-0.078511
0.222676
0.176995
0.0924126
0.0558435
-0.182896
-0.130565
-0.0254645
0.160987
0.0537169
0.00344493
0.242027
-0.162188
0.00331465
0.152435
0.128857
0.0679924
0.176711
0.159625
0.0206909
-0.0870766
-0.00562323
0.111205
0.263934
0.0794043
-0.0972916
-0.0654796
-0.228567
-0.112294
0.0183045
-0.0383835
-0.0370987
0.176548
0.125733
0.114082
0.938767
0.151206
0.213464
-0.312078
-0.253481
0.0326845
0.258072
-0.204306
-1.37424
0.150057
0.0998763
-0.19985
-0.0875321
-0.0628981
0.00164227
-0.139909
-0.000161641
-0.220305
-0.0436192
0.0283193
0.258033
-0.0963319
-0.219936
0.0896318
0.0595171
0.284699
0.284558
-0.34029
-0.6407
-0.190869
-0.0152374
0.230222
0.0168656
0.317543
0.0120262
-0.17688
-1.81496
-0.203121
-0.524498
0.0433834
0.0227813
-0.122162
0.0597986
0.0660202
0.210399
-0.356497
-0.125538
0.0289773
0.0246676
0.076441
-0.212837
-0.0312557
0.231803
0.258358
1.49341
-0.743243
-0.150765
-0.026311
-0.225403
-0.0472432
-0.018239
0.164181
0.721838
-0.223867
-0.137363
-0.197303
1.95593
0.0805214
0.173509
0.161296
1.74318
-0.0243305
-0.397224
1.00793
-0.131991
0.242304
-0.345654
-0.0842528
0.0145019
0.164543
0.103291
-0.280629
-0.17984
1.38657
-0.135183
-0.0220953
-0.0322364
-0.296231
0.244896
0.189375
0.0227114
-0.122821
0.307505
0.13063
0.591597
-0.0424543
-0.110932
0.230142
-0.315855
0.0456031
0.0221123
-0.243919
-0.0381031
1.53084
0.145581
0.055631
0.284496
1.20052
0.262127
0.285979
0.0479797
0.182239
-0.0473877
-0.218952
0.0670613
-0.0450966
0.197625
-0.295164
0.0972705
-0.14045
-0.109406
0.34246
0.0556252
0.0365121
-0.134956
-0.0518899
0.16758
-0.325569
0.178308
-0.141167
-0.177019
0.161055
0.00153098
-0.196055
0.155136
0.0686067
0.134384
0.222518
-0.0659817
-0.21653
-0.0229373
-0.052782
-0.0664359
-0.236963
1.0287
1.59472
-0.471222
0.0582315
0.21557
0.121585
0.166486
0.109173
0.109288
0.139812
0.205139
-0.118409
-0.0221244
0.0687708
0.858282
-1.55664
1.18134
-0.419059
0.097181
-0.182085
0.120082
0.102015
-0.395581
1.96202
-0.321809
-0.0290314
-0.0597606
0.20537
0.0642348
-0.116841
-0.0246149
0.0647177
-0.00322689
0.229193
-0.0651364
0.0840982
-1.7063
0.0950922
0.0963671
-0.362836
0.169606
0.16221
-0.103412
-0.012831
-0.255029
-0.234707
-0.0505488
0.220768
0.136739
-0.0593984
0.0103997
-0.0916423
-0.20806
0.00630953
0.0301426
0.307332
0.134165
0.26689
0.115008
-0.0156866
0.0663454
-1.1045
0.069678
0.272299
-0.423749
-1.91604
-0.128173
1.53429
-0.0483992
0.00502275
0.131592
0.0434432
-0.0497861
0.0129101
-0.262262
-0.132746
-0.0216949
-0.091503
0.258607
-0.0994852
0.118453
1.35934
-0.809245
-0.065049
-0.0316587
-0.164526
-0.180728
0.275958
-0.0246237
0.0510628
-0.251035
0.0293236
1.75468
-0.113178
-0.755388
0.614724
-0.270662
-0.106006
-0.614275
1.78055
-0.381559
-0.110711
-0.0373878
-0.196642
0.222804
-1.68122
0.215764
0.0384379
-0.257152
-0.154944
0.0417642
0.0682052
0.0227686
0.0900575
-0.261874
0.0839719
0.163878
-0.169113
0.852271
-0.0779774
0.0426671
0.746684
-0.405321
0.238963
-0.874673
-0.121827
0.00898323
-0.401869
-0.00766322
0.288273
-0.0799446
-1.93994
0.235891
-0.179897
-0.0142072
0.205336
-0.0915884
-0.308004
0.277592
0.116762
1.52789
-0.134491
0.228798
-0.0291358
1.07303
-0.0335277
1.52358
0.0108471
-0.10272
0.279981
-0.194684
0.144325
0.330913
-0.102281
0.273002
0.32832
-0.0232492
0.0636404
0.783093
0.0540181
0.076644
0.0227142
-0.193298
0.208584
0.0796376
0.137898
-0.300307
0.410723
0.119894
-0.262627
-0.266431
0.362988
-0.869967
-0.177279
0.643919
-0.240975
0.115814
0.082412
-0.123029
-0.112578
1.58135
0.190457
0.126451
0.209812
0.0239595
-0.0116834
-0.665354
-0.0993072
-0.178264
0.118825
1.15184
0.145121
-0.0196737
-0.0798955
-0.00314612
-0.317024
0.303021
-0.105621
0.0176207
-0.0620334
0.101923
-0.181192
-0.090297
-4.89574e-05
-0.252268
0.276456
-0.246636
-0.170559
0.117704
-0.314277
-0.310155
0.0929058
0.0704389
1.95336
0.536201
-0.0023289
1.16858
0.184795
-0.248101
-0.0700251
0.0416469
1.52909
0.00211383
0.147149
0.398187
0.139681
1.55929
-0.211179
0.258365
-0.0430099
-0.1937
0.371396
-0.00347808
1.91847
-0.214793
-0.15586
0.0542507
0.0211402
-0.174144
0.27162
0.0387501
1.76376
-0.0291017
0.145817
-0.123019
-0.120511
-0.171839
1.13863
0.168595
0.0139389
0.0835495
0.760675
0.0724984
-0.107804
0.175315
-0.131981
0.166731
0.365
-0.114607
0.0645046
-0.277888
0.353933
0.0537082
0.0554506
-0.0919513
-0.23011
-0.0535647
0.0215899
1.68943
-0.0220173
0.0298836
-0.132122
-0.0673363
-0.224545
0.00992916
-0.14127
0.141404
-0.285571
0.156163
0.0289756
-0.109401
0.113242
0.136094
0.118533
-0.21954
0.0856055
-0.160461
-0.149579
-0.0453343
-0.0221109
0.0610372
-0.266752
-0.0851762
-0.0731975
0.208611
0.0288189
0.0209086
-0.283627
1.12334
0.137999
0.883369
0.292441
0.240209
-0.0712793
-0.31882
-0.0630947
0.170158
-0.111442
0.25313
0.447474
-0.252073
-0.195153
0.21685
-0.072962
0.156362
0.374265
-0.0743985
-0.0732327
-0.193313
1.3118
0.137765
-0.073087
-0.323296
-0.00693821
0.0479888
1.81578
-0.0228871
0.121729
0.630967
0.337746
-0.3701
0.156383
0.106266
-0.370761
-0.726853
0.0346094
0.245914
-0.0181079
-0.0036016
0.243438
-0.136339
-0.146007
0.02098
0.315144
0.155166
-0.0835513
-0.0834536
0.135747
-0.0209941
-0.0532305
-0.201361
1.8897
0.0937251
-0.0500185
0.203375
-0.00783309
-0.285091
1.82043
0.100223
0.124584
1.50294
-0.0547537
0.538092
0.0840149
0.198091
-0.285914
0.0822304
-0.0303548
-0.682935
0.016322
-0.137895
-0.191248
-0.157087
-0.142544
0.190806
1.62535
-0.162117
-0.942303
-0.192439
0.094629
-0.46653
-0.138906
0.232151
0.0133537
-0.0753137
0.141204
0.228682
0.368974
0.279473
-0.179295
-0.48381
0.0913675
0.163124
0.0690191
-0.0435687
-0.0829221
-0.197325
-0.0516938
0.248112
-0.111924
0.0188177
-0.0857
0.0866498
0.316585
-0.00943227
0.0619401
0.0901676
0.136916
0.122088
0.281506
0.0969271
0.0995927
0.172712
-0.151706
0.0808615
0.0478573
-0.299358
0.456227
1.57341
1.77057
-0.0180151
-0.100558
-0.26053
0.962756
0.029294
-0.00410595
0.281014
0.208444
0.132395
0.0471793
-0.123751
-0.0120067
0.246408
-0.334769
-0.117798
0.316663
0.986673
0.0398914
0.100227
-0.130299
0.0451675
-0.0289671
-0.0666439
0.0376194
0.0589163
0.0214799
-0.0598431
-0.0681389
-0.285606
-0.052577
-0.0389876
0.373346
-0.0969648
1.38267
-0.0585788
-0.0414655
0.053079
1.31401
0.258361
-0.486625
0.425063
-0.320879
1.65498
0.0915277
-0.0928715
-0.369768
-0.106373
-0.400302
0.197347
-0.185239
0.105223
-0.0837289
-0.0113723
-0.00200202
0.57583
0.180573
0.126555
-0.261673
-1.96553
-0.040934
-0.0191672
-0.140048
1.49109
-0.209292
-0.406301
-0.0742951
0.147211
-0.0964769
1.38331
-0.122236
0.0394566
-0.207842
0.403488
-0.0589992
-0.0735497
1.83932
0.0352097
-0.330053
-0.0932396
-0.236212
0.333669
0.107874
-0.0784457
-0.0208937
-0.0485885
0.418236
-0.0624187
-0.0812016
0.419913
0.00857998
0.278326
0.0629699
-0.129311
-0.130946
-0.280878
-0.00720204
0.157231
-1.20951
-0.196359
0.132642
0.292593
-0.0149758
0.220667
0.0142102
0.0124373
-0.00359249
0.115614
-0.214402
0.120136
-0.0633744
-0.114425
0.207803
0.0943384
-0.010046
0.160456
0.0935261
0.202321
0.0967112
0.115953
-0.228521
-0.00727547
-0.0741509
0.188729
-0.0279853
0.222058
0.131623
-0.413134
-0.0670867
-0.387458
0.141513
0.0615428
-0.152869
-0.00390247
0.261246
0.0211368
0.0638606
-0.180296
0.264026
-1.26604
0.199372
0.100526
0.0760985
0.185167
0.105848
-0.0863462
0.509876
1.0052
0.125047
-0.00864147
0.181701
1.14645
0.140356
0.331742
0.595742
1.82497
0.068942
-0.02565
-0.264115
0.246864
-0.0461856
-0.19186
0.337499
0.000454052
0.019252
0.411554
0.176948
-0.0972578
-0.151523
-0.0512719
0.00489108
-0.234473
-0.0156207
1.86752
0.238355
-0.12704
1.51763
0.320295
-0.28618
-0.288141
-0.0834521
-0.0811231
0.269923
-0.341624
0.319143
-0.250748
-0.187128
0.087007
0.101889
1.40649
0.66237
0.173612
-0.0729637
-0.0163995
-0.421325
0.151676
-0.186325
0.254756
0.0260442
-0.0164688
-0.0747073
0.126084
0.186994
0.1894
1.93029
0.055196
0.0649547
-0.0851062
-0.127005
-0.209417
-0.254156
0.374121
0.289706
1.36928
0.150019
0.0509432
-0.0462882
-0.162722
0.18851
-0.151351
0.0274073
0.138876
0.178088
-0.231922
-0.0387936
0.167417
0.598896
-0.00448868
0.0795417
-0.142322
0.173253
-0.343272
-0.0450657
0.0958213
-0.445334
-0.0174591
-0.20138
-0.994258
-0.0812486
0.221031
-0.123818
-0.0979175
-0.559756
0.214799
0.089046
0.372282
0.340852
-0.721674
0.105685
0.156765
-0.222332
0.0242048
-0.144131
0.357427
-0.0072806
-0.122682
0.139558
0.0937201
0.0514988
0.216044
0.181209
0.153992
0.378704
0.397896
-0.143307
0.00264282
-0.118339
0.0924488
-0.295206
-0.0512827
1.44977
0.030323
0.363263
-0.243398
1.01174
-0.0997967
0.0706893
-0.386984
-0.545887
-0.0785105
-1.22961
0.231716
0.0323702
-0.0993664
-0.409497
-0.767628
-0.292268
-0.0523064
-0.0569258
0.117998
0.0686271
0.308796
0.398781
-0.0655102
0.26995
0.0960507
0.105461
-0.14466
0.110255
-0.303058
0.122391
-0.403188
0.112535
-0.138295
-1.13871
-0.364786
0.0897934
-0.00115199
-0.0573339
0.0547007
0.440851
0.199777
1.04382
0.292688
-0.0253964
-0.158112
-0.0956591
-0.126823
0.224752
0.0493689
-0.0517712
-0.431847
-0.842733
-0.00148085
0.100083
0.0354724
-0.214987
-0.0484678
-0.188893
0.249821
0.0350599
-0.227944
-1.74662
0.0410855
0.720404
-0.0441133
-0.0948297
1.81445
0.194855
1.97758
1.03019
0.260321
0.0718728
0.0612499
0.336325
0.0466989
-0.37094
-0.191655
0.188223
-0.0660782
-0.167333
-0.206032
-0.238966
0.0111884
0.0633279
-0.135115
0.0529605
0.156248
0.158622
0.0982711
-0.501017
-0.338011
-0.0762087
0.274487
-0.0704326
-0.0895286
0.0383404
-1.18164
0.105634
0.0152732
0.157268
-0.157215
1.32017
-0.118044
1.123
0.0674058
-0.175307
-0.00176926
0.0539064
0.0364031
0.136069
1.18808
-0.299811
0.0454218
0.0314368
-0.186153
0.0491397
1.99109
0.0880705
-0.11269
-0.291872
-0.00619154
-0.00590595
-0.133849
0.0641857
-0.11826
0.282921
-0.0398893
-0.108392
0.272848
0.00973145
0.000751432
0.162363
0.0645679
0.158918
-0.159948
0.175549
0.811612
-0.0334395
-0.124215
-0.0985156
-0.10366
1.57652
-0.491761
0.153964
-0.146381
-0.0742059
0.0345837
-0.0113153
1.38329
-0.234883
0.234276
-0.127234
-0.0717045
0.21114
-0.650132
-0.16264
0.694981
-1.15179
-0.169016
0.0913869
0.246784
-0.0991193
-0.319167
0.135921
0.159058
-0.154659
-0.153106
0.0681908
-0.00235494
-0.726114
0.0661199
-0.031643
0.29369
-0.142176
0.148149
0.116989
0.107499
0.146111
1.94352
-0.405661
-0.144901
0.383548
-0.0681893
-0.324791
0.169224
0.423097
0.133399
-0.186845
0.118933
-0.153224
0.0169143
-0.308601
1.70925
-0.0519834
0.107333
-0.0912684
0.0417311
-0.231583
-0.0442978
0.0818294
0.137176
-0.258912
0.138638
-0.00951709
0.154335
-0.0579726
-0.331148
-0.101412
-0.0860029
0.291135
0.127018
-0.125563
0.122341
0.481258
0.0165475
-0.0366831
0.0855748
-0.184049
0.171567
-0.471887
-0.127071
-0.262368
0.032839
-0.129114
0.130545
1.89441
-0.067772
-0.055965
-0.207785
0.0915402
-0.0203953
-0.0646343
-0.0635996
-0.205156
0.0140206
-0.206644
-0.00583305
0.255343
-0.0561715
-0.34005
-0.0172866
-0.111192
-0.00655208
0.358553
-0.175585
0.892968
-0.159506
-0.0361836
0.272989
0.12232
-0.0182259
0.30454
0.2071
0.0824554
-0.0830726
0.0235784
0.099256
-0.08058
0.276801
-0.0411473
0.155626
0.627849
0.0938466
0.0821689
-0.194109
1.76322
-0.264972
-0.00148202
-0.126695
-0.12618
0.117383
0.104707
-0.061428
0.0184021
-0.223296
1.54676
-0.0364194
-0.158097
0.0111622
0.146445
0.177398
-0.0126057
0.0295165
-0.0451986
-0.1863
-0.0519066
0.151521
0.110034
-0.103542
-0.352652
0.278841
-0.340491
-0.210501
0.117957
-0.235418
0.153229
-0.186403
0.083034
0.233752
0.0322579
-0.210149
-0.243815
-0.0185326
0.14633
-0.195687
-0.0284109
-0.0292515
-0.173184
-0.113232
0.0095128
0.0315282
0.148823
0.284838
-0.10516
0.0807901
-0.154536
-0.207478
0.149843
0.265076
-0.327864
-0.0910849
-0.500101
-0.0273151
0.0799348
0.097795
-0.0400309
0.126775
-0.118462
0.214805
0.109711
-0.123657
1.71482
0.0110215
-0.0968504
-0.175437
-0.232331
0.348519
0.00401601
-0.0745148
0.246671
-0.22595
-0.199766
-0.144056
0.307751
-0.083906
-0.125924
1.70978
0.227258
0.0460664
-0.0979
1.81671
0.404169
0.240444
0.0246671
-0.066574
0.0626908
0.147248
-0.0577799
0.0378185
0.295229
-1.05249
0.145931
0.0841518
0.0888129
-0.0534445
0.0198
0.0488784
1.59436
0.0507845
0.046829
-0.0985034
-0.160723
0.0721207
-1.31168
0.237906
-0.185994
-0.0928644
0.222618
-0.20108
0.271689
0.17643
-0.140982
0.27945
0.0525979
0.126262
-0.0798875
0.120043
0.0277912
-0.220388
-0.073006
-0.0364857
-0.137711
-0.354316
0.277704
0.105229
-0.0742948
1.98524
-0.112215
0.0222117
-0.186028
0.0294703
-0.0979587
0.0123291
0.139437
-0.359679
0.0402923
-0.0918503
-0.0561512
1.551
0.133082
-0.124841
0.284211
0.231367
-0.22659
0.0778455
-0.182311
0.0601732
-0.136947
-0.478599
0.119373
0.302069
0.0105761
-0.0672499
-0.335666
0.132492
-0.0524394
-0.00188897
0.35533
0.217763
0.149362
0.0686335
-0.0342349
0.222461
1.90458
0.174571
0.0785285
0.203372
0.130189
0.0157302
-0.00919376
0.290384
-0.0303102
0.129666
-0.0141497
0.0623606
0.184003
-0.111496
-0.165432
0.15233
-0.254009
0.604057
0.823566
0.179406
0.221303
0.0724361
0.120795
0.100176
-0.033961
-0.196999
0.147949
0.00526952
0.328404
0.242703
0.108896
0.00495342
0.0316061
0.183713
-0.304827
0.119387
0.304096
0.17072
-0.098969
-0.0119471
0.248981
0.150887
-0.355229
-0.0392956
-1.67776
0.226149
0.33003
0.0387976
-0.00238582
0.0578734
-0.167491
-0.246617
-0.263112
-0.0625073
0.137971
0.26517
-0.147624
-0.92643
0.162818
0.0959426
0.180552
-0.212779
-0.47689
1.74356
-0.211371
-0.00293954
-2.35625e-06
0.0554374
-0.215279
0.119189
-0.0663989
-0.102032
-0.0569183
-0.0203966
0.0521283
-0.169499
0.00601742
-0.0877559
-0.0562917
0.0870143
-0.202436
0.0303009
0.156907
0.178147
0.179217
-0.197109
0.132672
0.020965
0.253744
0.148483
1.97402
-0.112426
0.024933
0.255364
-0.0306401
0.0556184
0.0395663
0.143687
0.209791
0.0770937
0.238204
0.0178604
0.148401
-0.309719
-0.346054
1.54044
0.21832
-0.0038922
-0.111776
-0.115748
0.0487675
-0.184574
-0.0502004
0.171093
-0.189786
-0.277131
-0.124953
0.130238
1.70929
-0.275171
0.0507953
0.0847447
-0.416266
0.092835
0.02986
0.0338045
0.0516044
-0.0881135
-0.274303
-0.00629795
1.19343
-0.056154
-0.128474
1.82478
0.132898
0.0590016
1.89986
-0.057996
-0.087005
-0.0194552
-0.24168
0.00966449
-0.0340094
0.122853
0.976935
0.11917
0.349473
1.00801
-0.0687192
-0.0546378
0.143972
1.35495
0.0383809
0.248098
-0.333004
0.356892
0.199738
0.193936
0.0571909
-0.128416
0.360098
-0.393565
0.398285
-0.114759
0.21666
0.0665257
0.0546541
0.288675
0.445933
0.225748
0.105654
0.270767
0.0782251
-0.0126938
0.316939
-0.066532
0.0403036
0.0633456
-0.0548926
0.217876
-1.22614
0.503225
1.80352
1.62603
-0.0484419
0.209025
-0.942162
-0.099548
0.1649
-0.171589
0.149116
-0.0768261
0.0983204
-0.0138919
0.026815
0.135182
-0.342713
0.114207
0.196376
-0.0740064
-0.156371
0.422947
-0.221658
-0.0630328
1.83897
0.0545972
0.949426
0.0269069
-0.0301133
-0.00100675
0.340506
0.115741
1.64054
-0.227432
-0.033265
-0.192261
0.0576368
-0.60928
-0.0881997
1.88101
-0.0213427
-0.287478
-0.0745604
0.188157
0.183135
0.135276
0.0841749
-0.0310957
1.95041
0.107162
-0.0657387
-0.0930219
-0.458473
-0.172589
0.260727
0.334104
0.0178262
-0.0888896
-0.221835
-0.0013202
-0.03308
0.173989
1.99597
-0.035228
0.155376
0.125203
0.202576
-0.305624
-7.96366e-05
-0.0632493
0.0379172
-0.108075
-0.00855716
0.664655
0.390657
0.0161531
-0.0730094
1.93943
-0.054858
-0.375041
-0.0713563
1.6309
-0.277905
-1.08705
0.350051
0.0912362
0.254995
0.288459
-0.190244
0.256416
0.154712
0.0343121
0.0128832
-0.127999
-0.259006
-0.347853
0.0297186
0.239629
-0.133487
-0.0624606
0.0061894
0.0469845
0.129546
-0.093238
0.0494369
-0.0368562
-0.00784581
-0.0672579
-0.154578
0.363481
-0.061723
-0.181034
-0.00757434
1.60015
-0.0281987
-0.151584
0.168803
0.213463
-0.0149744
0.0761453
-0.00220522
-0.0759525
1.3685
0.276668
-0.054361
1.47904
0.199302
-0.111807
-0.044724
0.0266399
-0.0420985
-0.748846
0.17127
-1.67368
0.23439
0.588828
-0.144432
0.121284
0.136779
-0.0652974
0.0711322
-0.198488
-0.143625
1.74535
0.10964
-0.0992829
1.61626
0.042612
-0.00857477
-0.146614
0.016749
0.234941
-0.166335
-0.215541
-0.0262115
-0.230732
0.116709
-0.0438811
0.0835351
0.161748
-0.152327
-0.0561376
0.03171
-0.00540453
0.0854732
-0.00920246
0.0786857
0.0787532
0.140282
-0.18642
0.191518
1.64759
0.116603
-0.41827
0.746911
0.167179
-0.124519
-0.062348
0.323694
-0.0535214
0.164125
-0.301135
0.249968
1.22575
-0.0606561
0.1327
-0.189551
-0.188585
-0.255217
0.269251
-0.119904
-0.119868
0.141365
-0.139446
0.115357
0.012354
0.181217
-0.195993
-0.234112
0.0608719
-0.0975184
0.221165
0.108357
0.176784
-0.360878
-0.175343
0.0076631
-0.00263442
-0.0198739
-0.107513
1.91879
-0.135118
0.887353
-0.0392181
0.271936
0.80594
0.325277
0.0851616
-0.330467
0.0109169
0.267949
-0.0725283
1.50436
-0.0887082
-0.0491359
-0.0620341
-0.00961277
0.038023
0.183208
-0.113057
-0.116498
-0.0347047
-0.0261347
-0.289194
0.0177324
0.0519894
0.334269
0.192201
-0.731819
-1.58866
-0.0655083
-0.0162747
-0.177977
0.0598028
0.0650929
-0.10937
0.116947
0.156927
0.313593
-0.350712
-0.0436617
-0.298636
0.0157271
-0.23997
0.14855
0.221907
1.88356
-0.237428
1.56014
0.0204949
0.00584387
0.060454
-0.00720623
-0.0925464
0.260086
0.206688
0.112733
-0.0332541
0.0303842
-0.150268
-0.109872
0.0909572
-0.225718
-0.222066
0.12708
-0.255431
-0.268422
0.239961
0.00173504
0.0726704
-0.209681
-0.235347
1.8462
-0.463601
0.0388884
-0.122247
-0.177996
0.0115182
0.768413
0.174835
-0.0534314
-0.0486902
0.13939
0.0943773
0.0131713
0.0162616
0.0511405
-0.0481584
-0.108294
-0.0782446
-0.0678151
0.368251
0.284339
0.235987
-0.0502093
0.0619415
0.151794
0.200561
-0.241802
-0.082023
-0.237044
0.204894
0.243125
0.255368
-0.0764918
-0.0161736
0.241061
0.321959
1.54928
0.822447
0.0311507
-0.270309
-0.025014
0.505907
-0.176504
-0.00543856
0.201964
0.0129561
-0.405329
0.114629
0.880009
-0.102421
-0.0290631
0.197739
1.18832
-0.0195825
-0.34844
0.198534
-0.177435
-0.0592306
0.0290277
-0.00626081
-0.151497
-0.232458
0.102048
0.0544068
-0.558666
0.183196
-0.0146283
0.0233057
0.373535
-0.208132
-1.78443
0.63723
-0.0244358
-0.262726
0.0597238
0.015563
-0.03711
0.0749572
-0.0111921
0.537027
0.0451406
-0.229692
0.112161
-0.038657
0.0566655
0.075522
1.12006
-0.157837
-0.136312
0.0346955
-0.214787
0.14312
-0.272297
-0.573807
0.255522
0.118045
0.181949
-0.182809
0.173652
0.39804
0.0324747
0.0981309
-0.0722194
0.131637
-0.169315
0.0819942
-0.244286
0.249397
0.0345507
-0.0344297
0.178831
-0.177542
0.0179423
-0.156067
0.0610445
0.00625732
-0.0748897
0.0785662
0.96654
0.347212
0.547666
-0.0239848
-0.160471
-0.184973
-0.56288
0.306436
-0.327193
0.195145
-0.0564942
0.24162
-0.121864
-0.238389
-0.112218
0.14476
-0.402315
0.0750083
0.268994
0.0185546
0.0847923
-0.163282
-0.00343269
-0.310965
-0.0383336
-0.110451
-0.076681
-0.202602
-0.138778
0.0463719
0.0366552
1.096
-0.162169
-0.278981
0.173695
0.088421
0.0960969
1.44563
-0.0855714
-0.044486
-0.210902
0.296566
0.101815
-0.0173762
0.0262566
0.0519809
-0.319351
-0.0581582
-0.115804
-0.0264797
-0.00248454
0.603877
0.00309587
-0.952601
0.216332
-0.288871
0.116134
0.0192858
0.205597
0.0615678
0.198645
-0.21892
0.129633
0.0650012
-0.21963
-0.045288
-0.212801
-0.175088
0.385128
-0.18373
0.274413
-0.109553
-0.0512954
0.152509
0.282781
-0.284337
-0.220474
-0.0139425
-0.161634
0.145385
0.0941192
-0.0261021
-0.0728767
-0.241517
0.069834
1.71141
0.0402403
-0.298264
0.118612
-0.0678558
0.145377
0.0107188
0.138368
0.235798
0.210318
0.0522936
-0.19427
1.07124
0.0596141
-0.114237
1.83908
0.259999
0.321507
0.0333069
-0.0577261
0.152836
1.78425
-0.320596
-0.0490325
-0.0957312
0.0182381
0.0144946
0.582067
0.0367441
0.0349032
0.0635339
0.0147022
0.113827
-0.925075
0.0964141
-0.0132492
1.80608
0.20526
-0.369549
-0.0850541
-0.0419651
0.253993
-0.0315216
-0.245663
-0.00370086
-0.127171
0.0451035
0.207991
-0.320905
-0.0205286
-0.0294469
-0.141088
0.0800393
-0.20254
0.185658
0.14384
0.346701
-0.0789311
-0.306076
0.405453
-0.0824392
-0.559325
-0.148761
0.208835
0.360499
-0.0589999
-0.0278431
-0.0392831
-0.220632
0.0798208
1.54784
0.326396
0.0760435
0.0790999
-0.130888
0.0838113
0.236878
0.00794689
0.505742
-0.215237
-0.0533462
-0.228379
0.0226298
-0.184726
0.109776
0.0510116
0.215954
-0.240054
0.170428
-0.00988076
-0.0485058
-0.0745855
0.429256
0.168904
0.11967
0.0828165
-0.486995
-0.0504119
0.032909
1.63293
0.217498
-1.0964
0.219438
0.162602
0.208992
-0.0507487
-0.136194
-0.4101
0.0757233
0.0227012
0.034702
-0.0872855
0.054051
-0.122225
-0.101123
0.296007
0.0615392
-0.16382
0.434395
-0.0913548
0.206425
0.428678
-0.0168525
-0.389937
-0.28259
0.0770218
0.0663247
-0.0610688
0.0633102
0.139601
0.308247
1.56073
-0.0297681
-0.0181229
-0.416584
0.172684
1.5352
0.213814
0.0372994
-0.157573
0.416733
-0.0760245
0.0496064
0.0212417
0.0627838
-0.240685
0.513591
0.0236113
-0.0378797
-0.232455
0.176852
0.115106
-0.0481404
0.162173
0.27835
0.137289
-0.292406
-0.00226927
1.32443
0.541559
-0.167947
0.270832
0.203757
0.219635
-0.256378
-0.0310697
0.114027
1.9034
-0.1668
0.360238
0.196124
1.57856
0.218979
1.43137
-0.11096
0.225546
-0.104058
1.44371
-0.261386
1.5885
-0.118301
0.366314
0.134327
-0.255285
-0.086685
-0.206398
0.136805
-0.436888
0.0306701
-0.164644
0.177353
-0.263663
0.0461342
0.313753
0.213948
0.0861353
0.164456
0.148134
-0.399843
0.0198407
-0.30238
-0.101235
0.0263017
0.106534
-0.349676
-0.229303
-0.0310988
-1.29445
0.0554966
0.10363
0.07171
0.324505
0.28987
-0.0597531
0.0935328
-0.0558357
-0.238076
-0.0287903
0.044318
0.177387
-0.342948
-1.53602
-0.350838
0.0563013
0.149215
0.224942
1.78133
-0.117578
1.57708
0.226536
-0.0566106
-0.0580537
0.154833
0.224248
0.17623
0.121797
-0.223422
1.04716
-0.168178
-0.215154
1.84734e-05
-0.0653586
0.247782
0.0987274
-0.139164
-0.133428
-0.0823949
-0.0240343
-0.0857172
0.0326591
0.0975889
0.288677
-0.101909
-0.0645268
0.148102
-0.182998
0.00974706
0.0505982
-0.316937
-0.0759842
-0.159321
0.182022
-0.108727
0.284824
-0.0360593
0.0888721
-0.0790064
-0.413761
0.181986
-0.0314712
0.321224
-0.175055
-0.271268
0.106659
0.276605
1.21171
0.414952
1.1843
0.336574
0.0949591
-0.91951
0.101052
1.73332
0.191822
0.0268638
-0.274541
-0.0374043
0.0225442
-0.140084
-0.187521
0.28328
0.110422
0.104256
-0.188434
0.038124
0.211663
-0.176019
-0.145831
0.711641
0.165505
-0.137106
-0.0817753
0.0620324
0.17123
0.176684
0.128017
-0.091816
0.437328
-0.408319
-0.114927
-0.030665
-1.81575
-0.0791902
-0.148757
-0.00155254
0.0684507
0.145027
-0.72033
0.12958
1.68151
0.030515
-0.0204078
0.166106
0.210222
0.0448826
-0.24035
-0.108298
-0.0664898
0.350331
-0.119757
-0.0416868
0.0235133
-0.440861
-0.145049
-0.0098752
-0.114955
-0.226955
0.325563
0.299159
0.0498094
-0.149406
0.684257
-0.041715
0.153446
-0.150074
-0.210517
0.303531
0.00999837
0.147045
0.129671
-0.0899003
0.19236
-0.253771
0.376625
-0.127893
-0.0987513
-0.0286367
0.181265
0.0718837
1.3323
0.217417
0.00489204
-0.118389
-0.105671
0.192323
-0.00523188
0.0027524
-0.0127529
0.209599
0.136857
0.0961524
-0.196159
0.0451192
-0.0817265
-0.112358
0.139437
-0.101759
0.108404
1.205
0.0283943
-0.0941098
0.024327
0.172391
0.00125806
-0.19331
-0.0333871
0.147045
0.0353128
0.934925
-0.33825
0.19515
0.874109
-0.141282
1.49681
0.0525803
-0.101482
0.0927559
0.0438933
0.123235
1.4668
0.570382
0.180437
0.306655
-0.977678
-0.159855
0.194412
-0.0676369
0.0831945
-0.00560111
-0.295926
-0.0603181
0.402202
-0.00822311
0.0117507
-0.16393
-0.207635
0.15315
0.112381
0.296995
0.134024
0.0711351
0.0235449
0.173629
0.144933
-0.123814
0.298503
0.0191352
-0.154551
0.00292505
1.44208
0.162686
-0.0510665
0.0689522
1.86847
-0.0938336
-0.153207
0.0409572
-0.12388
0.967638
0.232661
-0.0865573
-0.128609
-0.0799235
0.0654653
0.10948
0.176127
-0.270526
-0.225993
-0.548525
0.132634
0.119662
-0.0791085
0.222607
-0.076094
1.11933
-0.029148
-0.125175
0.0650326
-0.288286
0.68301
-0.261519
-0.0358358
0.0886002
-0.230157
-0.357718
0.0947579
0.0825889
0.0653023
1.45076
0.0154091
0.136963
0.059521
0.44186
0.0178777
0.312187
0.106587
0.120212
-1.77326
-0.133446
-0.0278272
0.0904675
-0.0629446
0.201964
0.140176
-0.888777
0.920986
0.227468
-0.145313
-0.140051
-0.213572
-0.145548
-0.0105931
-0.00289605
-0.457785
-0.184548
0.192933
0.0811423
0.27418
-0.299524
0.261274
0.0995105
-0.16807
0.326184
-0.114849
-0.00176378
0.204758
-0.0285122
0.313709
0.00333738
1.75006
0.113541
-0.089071
0.163057
0.158529
-0.344918
0.0421447
0.018946
-0.0407768
0.0986477
0.0160384
0.0535417
-0.373193
0.779867
0.110094
0.301551
1.22818
-1.09079
0.296201
0.129766
0.0906529
-0.150629
-0.353758
-0.0080205
0.917862
0.174071
0.351757
0.11788
0.141145
0.0332908
1.2768
-0.0115742
0.16434
0.0505612
0.181965
-0.0982115
0.104314
0.187496
0.0263194
-0.0787266
0.0693259
-0.220261
-0.0533355
0.262575
-0.0155728
-0.329393
-0.130214
0.0896356
-0.113839
0.142493
-0.017497
-0.0597669
0.0902262
-0.0588136
-0.0340051
0.315019
-0.0745791
-0.0455178
0.0188151
0.105415
-0.0719359
1.49448
0.358388
-0.105877
-0.151278
0.233718
0.0954969
0.095515
-0.0348267
0.0175093
0.119372
-0.000295885
-0.124321
-0.0038562
1.2932
-0.0701332
0.114816
0.0567345
-0.150757
0.0157215
0.175543
-0.0258287
0.715785
0.0174082
-0.205998
0.078165
1.06635
-0.324564
-0.156042
-0.0762101
0.104463
-0.0810506
0.121566
-0.189311
0.242458
-0.144783
-0.189382
-0.276096
0.121994
-0.116177
-0.31616
-0.0499438
0.240318
-0.127634
0.0788097
0.00832767
-0.093945
-0.316501
-0.0279057
0.0973179
-0.0549729
-0.0644626
1.81579
0.183016
0.074013
-0.0873938
0.0286337
-0.291529
