-0.0590885
-0.149427
0.05893
0.121759
0.066157
-0.0376295
0.150485
0.293915
-0.0734331
1.20625
-0.928645
-0.0503791
-1.50315
-0.114302
0.0609919
0.150735
-0.0351965
0.195683
0.0169686
-0.960271
-0.0370785
-0.448033
1.269
1.83344
0.647732
-0.18239
1.84814
-0.399897
0.176348
-0.00653152
-0.322928
-0.053042
1.67899
0.186758
-0.156096
0.275135
0.797351
0.00585702
1.17033
0.722173
0.132977
0.164505
-0.0741457
0.529783
-0.438279
0.0912936
0.0944731
0.184927
-0.166366
0.00608156
-0.0123825
1.89936
-0.163473
-0.444166
-1.91177
-0.125076
0.0532802
-0.177032
0.743506
-1.38616
0.237811
-0.110544
-0.969407
1.4837
0.248929
0.613412
-0.195587
-0.220189
1.47348
-0.0544121
0.221919
-0.00602631
-0.1218
-1.404
1.54701
-0.499357
-0.54845
-0.59484
0.855444
-0.308519
0.969353
-0.643125
0.4019
-1.03536
0.153711
-0.0738562
1.01411
-0.198354
1.50928
0.0637152
-0.0535228
0.117427
0.235071
-1.93754
0.250365
1.17093
0.0864868
-0.015447
0.438855
-0.0303129
0.387374
-0.0530659
-0.221944
-0.0963028
0.140919
-0.327578
-0.668632
0.0468253
0.673831
-0.150343
0.824024
0.00762539
0.0793556
0.281769
-0.299894
-1.75734
0.111623
1.02894
-1.46059
0.0448632
0.0406759
-0.0440555
-0.0629074
-0.0457408
0.118647
-0.254522
0.750142
0.000177112
0.652561
-0.389712
-0.039067
1.10207
-1.20953
1.28998
-0.0979073
-0.0499376
0.161395
-0.0954732
0.084468
-0.829537
0.0791944
-0.0169859
-0.17036
-0.469441
-0.0938622
0.32573
0.12922
0.0674143
-0.00259082
-1.01071
-0.314859
0.0317455
1.60882
-0.21357
0.259944
0.344992
-0.554507
0.308892
0.100611
-0.107494
1.90699
-0.215998
-1.19667
-0.774865
-1.9935
1.34949
-0.366259
-0.0125404
0.00578447
1.00944
-0.00444809
0.247121
-1.51338
0.11923
-1.49818
-0.376283
-0.200409
-0.190516
-0.399631
0.897322
-1.82749
-0.221525
1.21083
-0.267685
-0.178583
0.159398
-0.104849
-0.0419774
0.324659
-0.94449
-0.0847263
0.190256
-1.83347
1.19704
-1.72388
0.42108
0.100113
1.84348
0.288681
0.218438
0.0783294
0.206939
-0.346554
0.194439
0.106749
1.61541
0.0852431
0.202587
0.0877931
-1.21579
1.27137
0.00458157
1.73158
-0.355435
0.415373
0.977323
0.321445
0.924481
0.97799
0.0625341
-0.284445
0.962763
0.304351
-0.164679
0.186672
0.375428
0.0131893
-0.610099
0.140918
-0.275583
1.18417
1.46791
0.0691805
1.55059
-0.432427
-0.138378
1.89215
-0.0677404
0.233502
0.0366612
0.127182
0.292092
-1.0574
0.335751
-0.103208
-1.98532
-0.316364
-1.37061
0.0669899
-0.156833
-0.164166
-0.936723
0.0306033
-0.269263
-0.774924
0.336227
-0.194287
-0.0721088
1.15389
0.171534
1.54524
-0.792357
0.936359
-1.26788
-1.72696
-1.48274
0.204233
0.290196
-0.241034
0.0177939
-1.30658
-1.88967
0.265333
-0.0590135
1.72284
0.20359
0.253694
1.85636
1.26393
0.288331
-0.181796
0.0565031
0.637277
1.10953
0.262244
-0.43998
0.215581
-0.018209
-0.301492
1.63817
0.117041
0.192073
-0.196614
0.340136
-0.639576
-1.2035
-1.0129
0.25585
0.0264297
-0.906567
1.70785
-0.0498317
-0.0748042
1.26062
-0.470977
0.1439
-0.370375
-1.53391
-0.475283
0.938839
0.122092
-0.145832
0.14661
0.967132
0.0180055
-0.593806
0.321918
0.497513
0.103706
0.183719
1.82579
0.0190636
-0.210925
-0.256633
-0.632813
1.52571
0.103098
-0.119864
0.603062
0.650737
0.265497
0.299626
-1.12295
-1.136
0.472021
-0.0639762
-1.74468
1.35678
0.0573824
-1.38813
-0.623401
-1.43353
-0.32827
-0.341677
-0.107488
0.128916
0.221817
-0.0656278
0.0154237
-0.115549
-0.440292
0.518959
-0.0966326
-0.0191492
-0.14824
-0.108701
0.92213
0.547308
-0.303495
-1.26752
-0.105933
0.240766
-0.914707
-0.758979
-1.78584
0.221527
-1.17825
-0.0135251
1.44997
-0.168788
0.121628
-1.11402
0.0836269
-0.0187823
-0.0456581
-1.8624
0.790595
1.24636
0.262864
-0.0424898
0.0869552
1.36686
-1.98687
0.311557
1.6653
0.904329
0.909766
-0.133035
-0.349193
-0.216772
-0.964113
-1.59511
-0.0784436
-0.497877
-0.0410936
-0.625796
1.41002
0.0342506
1.80096
0.507778
-0.0524903
0.049954
1.87494
1.06667
-0.114584
-0.458615
0.439894
-0.322739
0.0438523
-0.394636
-0.408887
0.207112
-0.266006
-0.189292
0.882452
1.85618
-1.44195
-0.105398
0.212443
0.253664
-0.0470216
-0.0500428
0.915556
-1.80234
-0.363357
-0.103863
0.271157
0.47105
-0.167666
1.31493
1.81234
0.453082
1.51481
1.63876
-0.395689
1.5425
1.71153
-0.0265508
-0.85876
-0.279576
0.335998
0.106513
-0.180909
-0.0469678
0.0967651
0.129422
0.123835
-0.143012
0.540697
-1.20326
0.00209982
0.335943
0.730227
0.401177
-1.12539
1.82223
1.70568
-1.52963
-0.0685868
-0.0912404
-0.0583024
0.278485
-1.902
-1.59107
0.199516
-0.293839
1.94073
-0.12406
-0.941242
0.420665
1.82596
-0.355392
1.8417
-0.650938
-0.120865
0.205347
0.0725039
-1.73259
-0.298651
0.0191551
-1.79044
-0.120584
-0.124626
-1.53433
-0.179842
0.62062
0.212174
0.00341366
0.140135
-0.0743081
-1.02093
-1.65206
-0.60648
1.36465
-0.143441
-0.0493287
1.24724
-0.263292
-0.045611
-1.28126
0.0351206
-1.53507
-0.13918
0.055847
-0.221931
0.346469
1.31358
1.5734
-0.0557246
0.0391335
0.163618
0.160528
0.302809
0.120076
0.225378
0.159541
-1.52925
0.971339
-0.0423386
0.0980247
-0.186978
0.253053
0.135176
1.21244
-0.128765
0.0484774
-1.25587
-0.582002
0.206176
0.163885
-0.7932
-0.299859
-0.112237
1.91436
-0.060111
-0.0296235
-0.548482
-0.116905
0.0409371
0.12489
-1.30788
-0.0198844
-1.29041
1.03909
-0.27927
-1.16113
-0.0966987
1.68599
-0.529245
0.329302
-1.21268
-0.780694
1.98998
-0.998618
0.498278
0.0446343
-0.00468762
1.19888
-0.451242
-0.17573
0.101847
0.109756
-0.00284007
0.0291968
0.152149
-0.190344
0.959412
-0.670345
-0.149467
0.108559
0.316047
-0.189772
0.150034
0.175275
-1.87462
0.178658
-0.128955
0.288337
-1.46441
-1.38001
-1.03786
-0.28013
0.842193
0.360093
-0.064043
0.00369135
0.798781
-0.460031
0.384688
-1.52381
0.863556
-0.0521538
-0.0414953
0.280427
-1.37464
0.379633
-0.0276563
-0.0291237
0.347567
0.929427
-0.0794812
-1.90346
0.0876855
-0.20727
-0.969788
-0.145572
1.68548
-0.226989
0.289579
0.324339
0.334267
-1.16464
-0.448262
0.0475226
0.489229
-0.193795
-1.43914
0.243548
-0.324869
0.635431
0.178889
1.48797
-0.998663
0.880145
1.7009
0.0422102
0.0188751
1.56281
-0.0717987
1.65449
-0.435447
0.215965
-0.897135
-0.124443
0.411256
0.0738549
1.27665
-0.0132655
0.305849
-1.55914
0.148178
1.39517
0.220297
-0.324973
1.05618
0.175845
-0.0999104
-0.208009
0.0288627
0.0312687
-0.218306
1.39918
-1.60724
0.165576
0.259798
0.124279
0.108048
1.82003
0.0676817
-0.428749
-1.62775
0.315505
1.06416
1.32755
0.134215
-0.00881078
1.85065
-0.8203
0.175943
1.93194
1.07701
0.370593
-0.561228
1.68077
1.43952
-0.415401
0.407268
1.92776
-0.181217
-0.436026
0.186639
-1.77448
0.159207
0.0775153
-1.1389
0.307179
1.10569
0.0639252
-0.1294
-0.0401291
-0.727635
0.0829515
0.351344
0.179625
0.36215
1.91573
0.0639855
1.85976
0.787463
0.106953
-0.059743
0.0228042
-0.165507
-0.061034
-0.0955705
0.0288369
0.0449921
0.278937
-0.262107
-0.179312
-0.270843
-0.0487285
-0.966816
-1.53619
-0.0322968
-0.748096
1.07071
-1.97954
1.89864
-0.665878
-0.329976
0.083224
-0.12869
-0.465479
0.0540242
-0.601638
-1.3558
0.219226
0.1152
0.0483927
-0.198075
0.242831
-0.330311
0.0747579
-0.275571
-0.0417703
-0.115439
0.135833
0.0406838
-0.434288
1.17041
-0.00440197
-0.374516
1.69865
-1.80034
0.37023
0.913491
0.0678874
0.435468
-1.25111
1.53268
0.451268
-0.376129
-0.247466
0.71898
0.338708
0.223641
-1.47873
0.0849132
1.19079
1.33688
-0.114572
0.238652
0.00732851
-1.0532
1.99729
-1.83495
0.277631
-0.281433
0.0998622
0.238379
-0.46393
-0.914918
-0.156475
0.282044
0.187364
-1.14915
-0.386164
-0.175051
-0.0157664
-0.20165
1.30453
0.0926414
-1.80166
-0.145714
0.231391
0.479893
-0.00746612
-0.151372
0.235854
-0.0635117
0.239993
-0.130208
0.151559
-0.0424584
-0.132896
1.88802
0.0614987
1.65029
0.296186
-1.50205
-1.33775
-0.162236
-0.14352
0.141662
-0.471858
-0.730583
-0.194153
0.186195
1.87238
0.195507
0.44111
0.0990415
0.684737
0.0509572
1.30714
0.0220815
-0.121964
-0.898916
-0.0634574
0.159641
-0.0713743
-0.71231
-0.0618704
0.0768263
-1.68434
0.95108
0.0444935
-0.0576747
0.0946782
0.196748
-0.0290656
-0.122739
-0.220211
0.0784573
-0.242066
-0.0365791
-0.0680909
-0.18844
1.8353
-0.957623
-0.0250015
1.90911
0.0124284
-1.81845
1.7958
-0.173951
-0.0448309
0.0532398
0.110534
0.218496
-0.0735068
0.017247
-1.03105
1.71181
-0.928752
-0.315112
-0.152477
-0.159141
0.516755
0.136742
0.277665
-0.201994
-1.38754
0.110852
-0.209857
-1.08623
0.833849
-0.313816
0.927674
-0.048282
0.168875
-0.493988
-0.436136
-0.0571072
1.40948
0.550363
-0.227523
0.340229
-1.12547
0.140649
-0.946075
0.10889
-0.172623
0.961478
1.51479
-0.378864
-1.0464
0.19553
-0.037915
-0.0933864
-0.0422222
-0.0633848
0.273489
-0.120564
0.0635242
-0.0793374
-0.0906256
0.0921238
-0.0290747
0.0793995
-0.113918
-0.848871
-1.05931
-0.38533
-0.0286109
0.00809431
1.17871
0.195835
1.31825
-0.333592
0.231382
0.275197
-1.00645
-0.0951901
-1.90586
-1.93098
-0.100361
-1.1578
-0.200117
-0.288281
-1.45288
-0.209035
-0.112211
1.63621
-0.290524
0.231265
0.158072
0.48371
-0.904291
-0.0846456
0.55485
0.106016
-0.185683
0.101491
1.55841
-0.184039
0.109724
-0.0035051
0.0143132
0.373788
-0.0729916
-1.95989
1.904
0.253927
-0.120526
0.00865398
-0.0421806
-1.86077
0.28547
0.0279261
0.223237
0.0891135
0.504166
-0.0840389
0.0302438
-1.65427
-0.0413955
-1.8232
-1.08003
0.0109396
0.00530495
-0.33268
0.951932
-0.316554
0.329182
-0.194291
0.341122
0.0910766
-0.0132995
0.278637
1.6947
1.04335
0.0767806
0.060058
-0.573446
0.215009
-1.49573
-0.203826
-1.29622
1.58875
0.0171709
-0.198184
-0.577291
1.90717
-1.35948
-1.12146
-0.201308
-0.173984
-0.0260421
0.237586
0.214279
-1.05049
0.450897
1.131
-0.368573
0.311614
1.3798
-0.222224
-0.355744
0.0116085
0.240505
0.200997
-0.0360976
1.05845
-0.547527
-1.24421
-0.00158615
-0.0568727
-0.116507
-0.0542081
0.201992
-1.33243
-1.98622
0.14232
-0.191152
-0.0898742
-0.101537
0.120566
0.125481
1.63285
0.0614434
-0.674893
1.34387
0.227057
0.0893206
0.771087
-0.0611308
0.00482795
0.0612968
0.503445
0.154291
-0.122845
-0.534171
0.0163518
0.24563
-1.28926
-0.239376
-0.375799
-0.0300047
0.184581
0.471753
0.887757
0.0518012
-0.82838
0.238524
-0.313768
0.430206
-1.04651
1.87284
1.70131
-0.2113
0.0841155
-0.866265
-0.368085
-0.7009
0.213638
0.0885389
0.391144
0.265431
0.145215
0.865728
-0.189981
0.00269059
0.0164741
0.392908
0.0273439
0.507718
0.0232233
-0.155476
6.88846e-05
0.0997985
-0.194682
-0.193334
0.0754511
-1.35697
1.23673
0.866668
-0.093419
0.255619
-0.00207177
-0.0130747
-1.497
0.885632
0.248999
0.301782
0.223483
-0.141721
-1.56003
-1.32339
0.111183
-0.302275
-1.70966
-0.258703
0.187357
0.236794
-0.0885119
0.0456424
-0.257653
1.63353
0.908211
-0.0557779
-0.254137
0.0530396
1.84036
1.89181
-1.49762
0.00395947
1.70643
0.368043
-0.604221
-0.450579
-0.320422
-0.0301005
-1.98637
-0.0156856
-0.0752425
0.10515
0.671432
-0.0841844
0.259842
-0.112613
-1.2171
0.9298
1.40356
0.000915949
0.199751
0.0318144
-0.0597629
1.0425
1.04397
0.142995
-0.12972
-1.94124
-0.214452
0.122696
-0.0448711
-0.736893
-1.54658
-0.409839
-0.0483907
0.0384931
0.173485
-0.196431
-0.0168474
-0.114464
-1.5697
-0.0885161
-0.0745517
-0.168181
-0.129975
-0.591132
0.297761
-0.0751165
-0.272657
0.127138
-0.0805411
-0.0676216
1.7488
0.0405864
-0.695065
0.0837107
0.0231018
0.637693
0.0659403
0.107886
1.71257
-1.81445
-1.57631
0.136704
-0.0981183
-0.216389
-0.129315
-0.316529
0.280217
0.00210537
0.212882
-0.122369
0.254153
1.16785
-0.0407602
0.568493
0.271415
0.307414
-0.348735
0.747811
0.228254
0.463748
1.81525
1.47025
0.458546
1.17684
-0.971099
-0.0250919
-0.0282766
-1.94771
-0.112354
0.149793
0.203221
-0.0954825
0.826865
0.00519926
0.0976616
-1.40624
0.0874543
-0.200621
-0.0889717
0.222496
1.32665
0.142811
-0.220235
0.177176
-1.098
0.115947
-0.185743
0.104086
-1.67207
0.0396756
0.225828
-0.0127576
0.239247
-0.374369
-1.18674
-0.185447
1.88719
0.934869
-0.770979
-0.130197
0.76452
-0.960485
0.493619
1.95398
0.103842
-0.144581
-0.6612
0.225468
-0.296336
1.26154
-0.337487
-0.000431785
-0.24587
1.71291
0.866109
-1.49432
1.48339
-1.2463
1.32992
0.177149
0.436991
0.629969
1.09571
-0.119941
-0.00779133
-0.603917
1.06584
-1.38682
-0.0549342
1.36175
1.70438
0.979588
0.0437173
-0.464354
-1.8076
0.0757211
-0.264875
1.04166
-0.598979
-1.97476
0.0985299
-0.0710877
0.205893
0.00116425
1.48994
0.0473229
0.00961816
-1.32243
-0.125188
-0.0481499
1.27201
-0.399597
0.243446
-0.322747
-0.132169
0.137435
-0.48667
-0.0348092
-0.0373537
0.795489
1.85468
0.218182
-0.650056
1.48489
-0.147087
0.116141
1.30234
-0.0690137
1.53341
1.91738
1.06485
0.441318
0.220261
0.031787
-0.113389
-0.107644
-0.25651
-0.0431529
0.95638
-0.211893
-0.141113
-0.196116
-0.0190716
0.5463
0.0636678
-0.286143
-0.254906
-0.130971
1.90379
0.671527
-1.65603
-0.170398
-0.0153623
0.617707
-0.716962
-1.82678
0.578631
-0.553658
0.201249
0.891459
-0.962025
1.32001
-0.817599
-0.0940881
-1.23753
-0.44239
1.76547
1.41307
-1.24214
0.0298165
-0.252041
0.223123
0.108775
-0.218643
1.78517
-0.062467
-1.93125
0.0292687
-1.43181
-0.0176541
-0.00517235
-1.43045
-1.20302
-0.607164
-0.785983
-1.28802
1.15364
-0.0525819
0.185629
-0.261969
-0.52472
1.1579
-0.34016
-0.148227
0.0254804
1.54669
-1.06627
-0.520759
0.498829
0.188831
-0.250364
-0.164561
-0.183906
0.0721828
-0.159026
-1.35836
0.759293
0.084439
-0.219034
0.114088
0.887396
-0.0917023
0.83404
-0.118654
-0.0866218
0.0409358
0.148797
1.28188
-0.115313
-0.175289
0.172743
-1.61091
1.87842
1.91115
-0.334008
1.28826
0.0428906
-0.0883995
-0.000371682
1.98029
-0.385303
-0.869914
-0.0188095
-0.0773427
1.87632
-1.20518
-0.143017
0.0559881
-0.077049
-1.64284
-0.275277
0.148876
0.193654
-0.150607
1.67819
-0.261069
0.542273
-0.355069
-0.0594187
0.156743
-0.459397
0.229397
-0.147775
-0.107469
0.186532
-0.900626
0.20337
-0.109439
-1.26872
0.563292
-0.16364
-0.132388
-1.95551
0.52406
-0.179121
-0.652273
-0.733346
-0.235522
0.0711443
1.46241
-0.286158
-1.3095
-0.167157
-1.05025
0.0820643
-1.48249
0.301222
-0.113275
1.39745
0.0724929
-0.0803431
1.88042
-1.76664
0.571319
-1.37596
1.2252
1.48773
-0.277572
0.16263
0.74978
-0.0313315
-0.206187
0.735397
0.0314829
1.20576
0.037703
-0.935553
-0.339967
1.0077
-0.000117964
0.281804
-0.147456
0.214801
-0.0756807
0.86184
0.0162673
-0.00800888
-0.325446
-1.37007
0.064799
-1.75287
0.140258
0.144762
-1.21892
0.596059
1.78196
-0.115998
-1.18459
0.272184
1.83512
1.08013
-0.0968942
-1.19313
-0.0826578
-0.0643391
-0.411519
-0.0159958
-0.736255
0.135441
-0.379129
0.107275
-1.85809
-0.127324
1.83722
-0.00192956
0.34976
1.31484
-1.60189
-0.034524
-0.982188
0.122929
0.100998
-0.510929
-0.0328972
0.374833
-0.0634694
1.96573
-0.249352
0.28797
-0.536498
-0.997704
0.930475
0.11744
0.167459
0.0286578
-0.0949157
-0.298646
-0.525048
-1.7536
1.16137
1.63229
0.102121
0.968488
0.0467696
-0.0828251
1.55545
0.362305
0.124053
0.263478
-0.266397
-1.63717
0.00815949
0.0627469
1.89847
-0.319876
1.74901
0.753216
-0.213316
0.226817
1.86134
-0.164325
0.305655
0.0325589
0.136085
-0.037865
1.27452
-0.0934038
-0.219202
-1.27452
-0.310004
0.334585
-0.232697
-0.689848
1.00281
1.10436
-0.0764407
0.0320226
-0.0987538
-0.0161106
0.125643
0.086653
-0.0158951
0.144195
-0.0755426
0.0219762
0.17824
0.126936
0.037945
0.372334
0.463048
0.579765
-1.48925
0.120868
1.63405
0.254596
-0.260318
0.0177385
-0.0929714
-0.029405
0.0511601
0.441481
0.883513
0.992961
-0.178408
-0.0186548
0.471865
0.174649
-0.0172742
-0.0138537
-0.148623
0.119606
0.0959218
0.197884
-0.0321378
-0.111296
0.438596
-1.03997
-1.03159
1.0862
-0.17564
0.8255
-1.81969
1.32236
-0.223616
0.934264
1.83444
0.170979
-0.0782712
-0.0861012
-0.794934
0.0927518
-0.211272
-0.155084
0.190008
-0.241948
-0.112454
-0.221158
-0.340475
0.0472386
1.55262
0.77064
-1.9736
0.0489919
-0.193117
0.612302
-0.0161242
-1.315
-0.207776
-0.0898658
0.308978
-0.0901851
-1.75762
0.358652
0.111597
-0.317313
0.262318
1.00968
-0.923402
-0.0503627
1.97119
0.286733
-0.0707971
-0.0342283
-0.0248958
-1.19234
-1.39616
0.422535
1.19081
-0.0552939
-0.0334172
-0.00413502
0.0188622
-0.140356
1.63007
1.94023
0.0777737
-1.49743
-0.00928048
-0.259254
-1.65886
1.42101
0.893759
-0.104832
-0.310913
-1.37297
0.211234
-0.127649
-0.166579
-0.0340659
0.325997
0.0525721
0.540695
1.87041
-0.941949
0.171428
0.171398
1.8575
1.62043
-0.0714639
-1.46868
-0.0772111
1.92041
-1.47609
-0.184492
0.599158
-0.293218
0.0442735
-1.1069
-1.94287
0.100287
-0.139484
0.0531379
0.0579545
0.797887
0.0449862
-0.0585866
0.265803
-0.514295
-0.318789
1.13521
-0.175987
0.0878874
0.47038
0.166704
1.86318
0.0831401
-0.330393
0.192718
-0.0566846
0.169777
1.62178
-0.127828
-0.464411
-1.75027
0.0487038
-0.111946
0.115598
-0.0885015
-0.155322
1.13945
-0.0804719
1.67431
1.77679
0.260316
-0.239403
1.93885
0.109868
-1.38115
-0.234452
0.156124
0.137947
-0.664845
1.02722
-0.698478
-0.0607585
-1.83339
-1.65184
-0.476018
0.397458
0.0910221
1.4275
0.235531
-1.16877
0.0142746
0.517585
-0.293328
0.248937
-0.969902
0.771778
-0.00659779
0.367318
0.0446047
0.150233
-0.088323
-0.339194
0.0790453
1.61038
0.0810273
1.8318
0.0186665
-0.0206904
1.36922
0.218209
0.275392
0.151867
0.838282
1.32642
-0.978525
1.76789
-0.022347
-0.515716
0.110866
-0.196296
0.269416
0.36238
1.75742
-0.32302
0.0652446
-0.0206792
0.0948826
-0.081443
1.69932
0.0762642
1.22916
0.095229
-1.00766
0.573685
0.182857
-0.0892419
-0.45978
-1.8689
-0.747062
-0.116864
0.111831
0.0955704
-1.73636
-0.0135946
-1.35324
-0.420838
1.50749
0.401747
0.0274638
-0.177821
-1.51757
-0.580056
-0.0603529
1.50393
0.301578
-0.0916189
-1.3802
-0.821345
0.0399115
-0.0792659
-0.279366
0.00566488
-0.376873
-0.00927611
-1.55052
-0.111832
0.0205949
0.0499457
0.251329
-1.61716
-1.78565
-0.33666
1.77016
0.273692
1.72114
-0.839349
-0.37954
-0.381874
-0.555272
0.722012
-0.184876
-0.798041
-0.0625679
-0.113363
0.123114
0.500172
0.12891
-0.0790092
-0.121348
-0.932625
-0.729955
-0.0502345
-0.0488042
0.625899
0.0233496
1.12841
-0.0437144
-0.0762076
1.54669
0.0182175
0.950604
-0.856793
-0.0585445
1.83722
0.000698345
-0.111056
-0.0345227
-0.408146
0.106534
-1.77489
0.787905
-0.190727
1.60593
-1.71873
-0.115933
-1.50372
0.00108659
-1.18549
-0.239789
-0.142523
-0.00402631
0.740999
0.0351815
0.167567
-1.6222
-0.0598785
1.12314
1.59458
0.597679
0.105415
-0.0649266
0.346565
0.892583
-0.890639
-0.691569
-0.107917
-0.109551
-0.513094
-0.00676683
-0.352418
-0.835758
-0.409605
-1.50652
-0.436678
0.797231
-1.30606
0.595679
-0.324188
1.65991
-0.0391103
-0.112276
-0.397542
-1.76991
0.242432
-0.165943
-0.29525
-0.0917254
-0.280933
-0.353387
0.0747579
-0.00484625
0.0816122
0.00934883
-0.0345145
-0.127693
-1.97511
-0.186012
-0.120434
-0.0884152
-0.0919566
-0.055838
0.310431
-0.00344575
1.7976
-0.193632
0.298272
-0.0247032
-0.10585
0.135074
0.053015
-0.0935107
-0.25512
-0.623841
-1.22603
-0.727396
0.141253
0.269891
1.97416
0.0467005
-0.316135
0.962341
1.65544
-0.223354
0.291482
1.65078
-1.25267
-0.228331
-0.157137
-0.0998567
-0.0228673
0.123115
1.77522
-1.48758
0.336948
0.04166
-0.0618538
0.394377
0.103838
0.515643
-0.0679892
0.178375
-1.36708
-0.21654
-0.411892
-0.113374
1.34298
-0.190106
-0.0510299
-1.19498
-0.275209
-0.0780305
0.879244
1.2142
-0.0408688
0.144254
0.0922774
-0.0663377
1.61511
0.0135503
-1.62526
0.815608
-0.911713
-0.0283742
0.990452
0.130949
1.39453
-1.48176
0.0347437
0.00498134
1.2279
0.664022
-0.122706
-0.0431459
-0.0682769
0.00817594
-1.73877
0.118869
-0.43111
-1.73403
0.242343
1.56407
-0.036181
-1.3907
-0.0585668
-0.12806
1.73173
-1.94131
0.030064
-0.0110583
0.960372
0.0247648
0.0356412
-0.224679
0.277867
-0.124494
0.181749
-0.210314
0.179333
0.0962504
1.55871
0.0775186
-0.183238
-0.0272839
0.887839
-1.79683
-1.88107
-1.88762
0.503788
0.101974
-0.385957
1.54992
0.290871
0.974821
0.00478255
-0.190517
-0.0243077
-0.0380694
-1.70918
0.0266326
-0.103519
-0.310936
-0.648906
1.40128
-1.92002
-0.033424
0.213718
0.29049
-0.562537
-1.07844
1.65879
-1.63975
-0.61085
-0.646268
0.203946
0.114693
0.308529
-1.56315
-1.119
0.101562
1.88924
-0.273543
-1.22309
0.170726
-0.283281
0.182241
0.994292
-0.271801
0.156008
-0.1244
-0.239756
1.56806
-0.337952
1.03609
0.0357176
1.04709
-1.08722
1.32763
-0.995295
0.408079
0.325438
0.142349
-1.3036
0.0193332
-0.557697
0.239168
-1.95156
0.224067
-0.470761
1.67071
-0.321466
-0.488629
-0.712749
0.130128
-0.198285
0.85122
0.328643
-1.91222
-1.35836
-1.41614
-1.3799
0.00885381
-0.43601
-1.60702
1.99563
1.00051
0.596553
-1.51526
0.994673
-0.0141333
-0.33078
0.137963
0.622121
0.162002
0.595118
0.0598243
0.184955
-0.360946
0.619214
-0.014027
-0.0095753
-0.107194
-0.239868
-0.0675347
-0.201631
-0.120049
1.36049
-0.271408
-0.253646
-0.168124
0.157103
0.113842
0.807487
0.16536
-0.11271
-1.44162
-0.093265
-1.58227
-0.0116526
0.00899898
-1.07548
0.104247
0.0757061
1.82378
0.0349068
-1.37925
0.855795
0.375557
0.744187
-0.18143
0.00167798
-0.88689
0.109551
0.0150677
-1.29314
-0.49556
-0.154687
-0.0494928
-0.273313
0.424874
-1.29192
0.386781
0.0581663
-1.6486
-0.191039
-0.0590837
-0.831202
0.073244
-1.07465
-1.77135
-1.28425
-0.167022
-0.0907565
0.0203978
-0.281235
-0.641371
-0.299284
-0.1293
-1.70929
-1.95065
-0.228229
-0.21088
0.0278431
-0.360985
0.163662
-0.143953
0.23963
0.960275
-0.340933
-0.308394
0.621252
1.9809
-0.0371442
-0.2562
1.68093
-0.0892987
-0.496759
-1.78366
-0.646569
0.198742
-0.0126609
0.923938
-0.162088
0.0177974
0.18977
-0.066509
-0.038499
-0.132447
0.344083
-0.109528
-0.263003
1.81668
-0.105637
-0.0158645
-0.201905
1.13434
0.892584
0.822006
0.110232
-0.108387
1.91402
0.0620747
-0.0795443
1.57093
0.142075
0.241203
-0.173067
0.244734
-0.0985223
-0.0160621
-0.0268408
0.084037
-0.183536
-0.619016
-1.55888
1.24913
0.0393984
-1.28433
-1.95974
-0.063393
-0.148716
0.00276881
1.51071
0.141425
0.528627
-1.62907
-0.155497
-0.0722117
1.73872
1.01761
0.746176
1.2531
1.42494
-0.110942
-0.0590268
-0.378939
0.403833
-0.527708
-0.171336
0.990429
-0.037839
0.386024
-1.20018
-0.0235025
-0.100732
-0.05246
-0.429161
1.7221
0.0369717
0.495546
0.236593
0.204526
-0.0195876
-0.308701
1.94821
-0.424118
1.74469
0.0527889
1.95167
0.307339
-0.0297542
0.282773
-0.0716691
1.9003
-0.138863
0.0634824
0.14901
-1.59828
0.517264
-0.130992
1.68561
-0.0672649
0.86811
0.740962
-0.392008
-0.245304
0.220574
-1.08756
0.234979
-0.152417
0.403284
-0.225206
-0.13617
0.153575
1.88656
1.31267
-0.689953
0.0869173
-0.827846
0.0659301
0.178526
-1.92064
-0.0162545
-0.416186
0.0448946
-0.0271448
1.52903
-0.53716
1.10568
1.24837
0.00675584
0.427937
0.28926
-0.38947
-0.397818
0.152583
1.40765
-0.289872
-0.787787
-0.233683
0.0287804
1.42431
-0.068502
-0.0146331
-0.54186
-0.017871
1.58274
0.10853
0.0217623
-0.171483
-0.161176
-1.20307
0.241971
1.0538
0.850305
-0.171479
-0.130315
-0.0394204
-0.163196
0.226484
-0.762903
-1.62443
0.116587
0.272138
1.41497
-0.143711
-0.062472
1.14886
1.97189
0.544528
0.180873
0.0858139
-0.0280009
-0.228401
-1.05245
0.475954
0.167013
0.999851
0.0658862
0.444993
-1.92734
0.02736
-0.0921945
-0.316538
-0.086578
1.92742
0.0524333
-0.0736787
-0.273006
-1.66034
0.100629
-0.0265808
0.242568
-0.788214
0.112852
-1.90182
-0.000937936
-0.834186
-0.517437
1.14138
-0.00700355
-0.289586
1.17082
0.0125303
-1.21764
-0.212037
-0.229739
-0.147176
0.607208
-0.0600088
-0.229822
-0.270499
1.30819
0.0827455
0.28066
1.00484
-0.0650968
0.275354
1.01719
-0.132535
1.5567
0.767392
0.112845
0.647105
-0.137876
-0.363002
0.0466049
0.0183081
-0.0489927
1.15661
0.0824585
-0.162072
-1.77514
1.20293
0.0763777
-0.00936696
-0.803791
0.381147
-0.602454
0.546184
0.04527
-0.658413
0.285144
1.92986
-0.172277
-0.781439
-0.266168
0.611483
-0.156738
0.462668
-0.00514914
-1.71641
-0.0417947
0.0442444
1.44398
0.0798267
0.427024
-0.317825
-0.0376411
-0.501354
0.0889618
0.161628
0.167784
-0.00734544
-0.104175
1.50077
1.75725
-0.133577
0.981402
-1.07268
0.0947973
1.31624
-0.246168
-0.169576
0.024125
0.0771205
0.24475
-1.05249
-0.0543505
-0.852155
-0.167716
1.3354
-0.253312
-1.48045
1.51069
1.29824
-0.163152
0.362496
-0.367138
1.95004
-1.94529
-0.328471
1.86956
-0.498845
0.242285
-0.25113
-0.783788
-0.0284682
0.318638
0.257331
0.519594
-0.000908014
-1.14589
1.58538
1.51572
-0.248889
-0.258494
-0.0840881
-1.80781
0.040412
-0.0761457
-0.00410383
1.58984
0.0831981
-0.183918
-0.0372716
-0.485573
-1.04838
1.70208
0.148262
0.296645
-0.0801075
-0.27475
-0.840384
0.242723
-0.192553
0.48102
0.111224
-0.132528
0.321042
-0.856468
0.134936
-1.17287
-0.900306
0.208535
0.122144
-0.967861
-0.507223
0.235679
0.0850326
-0.0037829
-1.68646
-1.40615
0.824206
0.294884
-1.68174
1.77756
-1.43923
0.256768
-1.20902
0.267181
0.29308
-1.99443
-1.60184
-1.68829
0.141343
0.0932851
0.531078
1.40163
0.150461
0.150977
0.261064
0.231234
-0.765275
-0.841813
-0.11164
1.66164
-0.480285
1.5967
-0.0425312
1.29524
0.150801
0.190056
-0.104182
-1.63048
-0.279871
-0.107797
-0.220533
0.924453
-0.0747484
-1.30956
-1.72798
-0.185066
1.84438
0.581123
1.34908
0.105606
0.087876
0.132655
-1.79997
-0.81251
-0.1587
1.66335
-0.207818
0.350378
0.242498
-0.360957
-0.149535
0.373133
-1.91877
-0.253626
0.723667
-0.155074
1.41454
0.369475
-0.929357
0.0954919
-0.174324
0.238429
0.159051
0.304319
1.33426
-0.279717
0.18541
0.0383122
-0.0541213
-0.24903
-1.16717
0.204911
0.574104
-0.261572
0.116934
0.117386
-0.00395036
-1.82079
-1.33828
-0.119054
0.713712
-0.298576
-0.0782323
0.81791
-0.0213943
-0.0522565
0.335823
0.340243
0.178023
-0.196004
-0.303279
0.176893
-0.748881
0.0738716
1.42637
0.230698
-0.162453
1.32243
0.0443394
0.210836
1.19874
-0.247798
-0.593219
0.0231584
1.88739
-0.129475
0.381397
-0.0111617
-0.111631
-0.116796
0.392099
-1.89048
-0.552414
0.449467
0.146998
-0.349981
-0.0408046
1.79477
0.345938
-0.111645
0.522701
-1.20143
-0.00450388
0.176935
-0.112281
0.207986
-0.0246715
0.0336887
-0.235595
0.229579
0.341859
-0.436019
0.0427472
-0.0294015
-0.295504
-0.478665
1.19636
1.32702
-0.182228
0.269747
0.762044
1.40313
0.0270885
0.300983
1.53777
-0.219356
-1.12824
-0.0357617
-0.0596332
-0.150077
-0.857803
0.178298
-0.270516
-0.311108
-0.72815
1.82529
0.0273068
0.0476873
0.0585831
-0.820782
-0.0158179
0.0651131
1.09188
0.13524
-1.14416
0.351176
-0.491359
1.71449
0.182511
0.0876826
-0.250079
-0.225942
-0.22123
0.0966631
-1.74889
-0.753979
0.115661
-1.59398
1.92581
0.154041
-0.0449662
0.563345
1.37689
-0.045178
0.066921
-0.17732
-0.170978
-0.194997
0.189704
-0.177188
-0.176677
-0.196609
0.085324
-0.0782086
-0.337955
-1.20571
-1.70672
-1.06498
-0.16802
-1.78288
0.388771
-0.0866142
1.25788
0.148409
0.120755
-0.134849
0.114036
-0.196619
0.0879293
-0.710221
0.058968
0.0296857
0.0445728
0.0217172
-0.213564
-0.206072
0.0715296
0.105844
-0.263635
-0.00113371
-0.726441
0.139141
-0.448114
-0.501998
0.000762857
-0.369641
0.101077
-0.219037
-0.0195198
-0.192386
-0.960826
-0.107144
0.0129283
1.93041
0.581914
0.136972
-0.0112002
-0.280904
1.60393
0.0670791
0.127042
0.0177813
0.127492
-0.1384
0.793813
1.18767
0.0746593
-1.60814
-0.135627
-0.0112967
0.00546703
-0.206147
-1.02828
-1.75893
-0.023259
0.169998
1.80985
1.78896
-0.289359
-0.00993559
0.358038
1.22769
0.180752
-0.376128
0.31008
0.0714366
-0.410782
-0.0068042
-1.67426
1.28837
-0.433417
-0.309729
-0.341516
0.303752
0.188983
1.60858
1.15289
1.80215
0.307913
-0.33623
-0.604816
0.0915015
-0.071853
-0.183776
-0.01806
0.114317
-0.125878
0.122752
0.047553
0.00694037
0.07554
-0.251143
-1.1465
0.184089
-0.409082
-0.706239
0.0431019
0.0319715
-0.143454
0.447014
-0.217505
-0.208803
0.960726
-1.22155
0.0342168
0.269684
-0.444379
0.0046848
0.842491
0.192119
-0.144307
-0.187878
1.88032
-0.0256179
-0.948748
1.80845
1.56428
0.772148
0.810471
0.0747632
1.01923
-0.0771198
-0.103896
-0.204505
-0.168456
0.0830742
1.80809
-0.0916334
0.876969
1.85807
-0.479197
-1.75005
0.0363192
-0.40681
-0.288806
0.116441
0.429292
0.0545048
0.297465
0.990298
-0.709566
-0.225898
0.28933
0.0372357
-0.0794407
-0.16661
-1.75202
-1.50937
0.108511
-0.261422
0.244651
-0.522935
0.26115
0.11036
1.32875
0.0459212
0.129599
1.1684
0.0115592
1.84855
1.81361
0.441816
-0.111319
-1.0943
-0.671596
-1.99588
-0.78189
-1.31205
-1.2487
-1.25298
0.934607
-0.0338453
1.74893
-0.109754
-0.00259351
-0.0475755
0.383572
0.343587
1.94706
0.897545
-0.20532
-0.187789
0.209974
0.0129951
-0.00730717
0.130395
-1.81112
-0.0569123
0.297198
-0.0299844
-0.160687
0.0520398
-0.0723245
1.96866
-0.0417396
0.106516
0.488667
-0.253514
-0.499137
-0.303108
1.95588
-0.0193247
-1.5582
-0.475616
-0.0665504
1.58439
-0.00364064
0.0268956
1.77684
0.537997
-0.093476
-0.0292478
0.162634
-1.99562
0.0755626
-0.121463
-1.32694
-0.381105
-0.254117
0.0202832
-0.322983
0.452158
-1.97719
-0.302978
-0.0524165
-1.28865
0.587182
0.496586
-0.110195
-0.0264837
-1.02458
0.123207
0.579688
-1.68214
-0.675673
1.01272
-0.189291
0.0727813
-0.82002
-0.221645
-0.115841
-0.622773
0.164297
-0.0203446
0.0939698
0.615019
1.11339
0.00427637
-1.34867
0.0471413
0.48185
1.08095
-0.33795
0.405247
-1.88944
-0.272457
1.9246
1.42701
-1.34223
1.6429
-0.801342
0.0605063
0.140741
-1.62626
-0.485438
0.365125
0.840497
-0.0404623
0.23352
0.660895
1.04624
-0.0246051
-1.71375
-0.49485
0.809138
-0.0961037
0.0997652
0.0317818
-0.407584
0.0894507
0.287404
1.93777
-0.097251
-0.0237488
0.18479
-0.011443
0.113039
1.65568
-0.414495
0.227312
-0.0519785
0.117308
-0.00505501
-0.069947
1.17189
0.226398
1.63979
0.00820169
-1.70228
0.112746
-0.285106
-0.184246
0.809998
0.860302
-0.693987
0.215207
-0.41181
-0.139503
-0.0521847
-0.133579
0.0839397
0.0328109
0.677379
-0.434037
-0.175148
1.40856
0.86059
0.0889375
-1.61623
0.151928
1.23186
-0.198473
-0.147202
0.041219
-0.0173004
-0.470144
-1.78888
-0.626357
0.0658988
-0.0317858
-0.226945
-0.968246
0.337861
-0.109572
1.06969
-0.131914
-0.13904
-0.546204
-1.68746
-0.76525
-0.0218297
-0.0300499
-0.0392135
0.0217687
0.104529
0.0824188
0.51517
-0.00597686
0.295692
-1.20132
0.335229
-0.41617
0.747516
1.58047
0.256569
1.2188
1.29697
0.0760988
0.109292
-0.0645177
-0.477206
-0.2155
0.198491
-0.0928856
-0.363389
-0.369592
-1.43595
1.52554
0.128691
-0.0756161
0.0158571
0.150643
0.0286454
-0.312827
-0.518865
-1.40854
0.0285152
1.8838
-0.239858
-1.12734
-1.395
1.45807
0.0137803
1.77404
0.089772
0.14955
1.69501
0.229841
-0.0113518
-0.633118
-1.13598
0.619358
-1.10782
-0.0502987
1.30944
-0.648596
0.246962
-0.0522516
-0.145951
0.0279349
0.586426
-0.650336
-0.0847144
-0.295666
0.877616
-0.180526
-0.37381
-1.57191
0.0311082
0.0703841
0.992468
0.215031
1.04543
-0.31059
0.0285735
-1.32567
0.00199485
1.14772
-0.0620491
-0.264361
0.0430519
0.240663
-1.78273
0.0565924
0.122449
0.0998086
1.62716
-0.00221954
0.154263
0.681893
0.0662571
-0.649606
0.323629
0.431597
-0.0804637
1.28863
-0.261082
-0.187706
0.0366238
-0.188312
0.0657847
1.40396
-0.0812812
1.70618
0.118093
-0.0961373
-0.533554
-0.183027
0.140171
1.08322
0.787248
-0.310222
0.0909595
-1.47801
-0.884536
-0.219117
0.00977308
-1.81457
0.0132618
-0.13836
-1.38455
-0.625213
1.12568
0.10276
-0.0836841
-1.13312
-1.3301
-0.00984425
-1.88673
-1.43985
-1.79408
-1.63923
0.334233
-0.377258
0.656658
-0.176587
0.0468789
1.69946
0.137628
0.0326193
0.199335
0.242831
0.277357
0.216191
0.0958343
-0.430733
1.21961
1.60725
0.329569
-0.250978
-1.2916
0.148979
-0.354887
-0.138126
0.151478
-1.5698
-0.360065
-0.125203
-0.123985
-0.186667
-0.136993
-0.242985
0.139307
-0.0993207
0.636788
-0.171678
-1.28751
1.18396
1.14554
1.51817
-1.16253
-0.345702
-0.163942
0.0894042
-0.0545318
1.62711
-0.0594431
-0.0649155
0.308579
1.74248
0.707847
0.179314
-0.727314
-0.538516
-0.7244
-0.204703
1.27794
-0.936373
1.53824
0.658746
0.99509
-1.53614
0.965839
0.989279
-0.050007
0.0818015
-1.08152
0.0934297
0.0586404
0.0826749
-0.843351
-1.23358
0.142618
0.3693
-1.99697
-0.0141127
0.23027
-0.0122546
0.130349
0.019208
-0.0533312
-0.191585
0.193432
-0.377482
-0.13802
-0.0175441
-0.916482
-0.0645694
-0.0376943
-0.0383576
-0.33733
-0.0625587
-1.5751
-1.181
0.0953657
0.0713478
0.00642578
-0.0893496
-1.69963
-0.319256
0.00791372
0.085877
-0.223796
-0.219798
-1.98237
-1.40489
1.3938
-0.180277
0.263186
-0.140802
0.542768
-0.128072
-0.0690341
-0.0926864
-0.0528888
0.071199
-1.04624
-0.822075
-0.316706
-1.44507
-0.0195689
-0.166283
0.146343
0.0586991
-0.0165901
-0.969936
0.00253033
-1.42179
0.429845
0.124657
-0.0357911
-0.108114
0.384407
-1.59212
-1.2019
-0.118276
-1.13719
-0.1915
-0.224019
-0.666407
-0.081975
-0.0357413
0.0659795
-0.152443
-0.133633
0.403655
-1.92674
-0.454418
-0.561909
0.206569
-0.0352033
-0.379473
-0.171179
0.0749011
-0.204726
0.0529611
0.134788
1.6628
-0.206246
0.931956
-0.048517
-1.86347
0.0716066
0.13471
-0.290237
0.248998
-0.138868
0.00935792
-0.945449
-0.743232
-0.390073
-0.0692576
-1.85574
1.83694
0.0405538
-0.173254
1.84115
0.795032
0.027762
-0.18155
1.75309
0.0347467
-1.1704
0.072422
0.431526
-0.710896
-0.0717433
0.0205965
-0.164001
0.886338
-0.0432519
-0.099791
1.72538
0.438966
1.29407
-0.156747
1.0599
0.125672
-0.408328
-1.81899
-1.5838
0.195779
-0.505089
0.287302
0.430598
0.175538
0.174181
0.109225
-0.0779771
-0.0064744
-0.378617
0.251959
-0.0469663
0.0368182
0.075396
0.121012
-0.520227
0.0430668
-0.226272
-0.425935
0.0450243
-0.0262475
0.0597884
-1.43613
-0.0739644
1.4576
0.874671
-0.35362
1.93678
0.146294
1.37474
-0.148787
0.44605
-0.079664
-0.220743
0.377032
0.00840991
-1.04988
-0.112688
-1.18337
0.0660136
0.695783
-0.0592865
-0.219827
-0.342247
-0.196207
-0.759391
0.497179
0.159472
0.153034
1.8302
-0.100313
-0.889886
1.58329
-0.149739
0.0737322
-0.0691237
-0.0284179
-1.67607
-0.105075
-0.997819
1.02231
-0.178269
-0.210274
-1.1157
-0.125463
1.07657
-0.0536452
1.07025
-0.290178
-0.0317452
-0.331967
0.124047
1.99532
-0.0842055
-1.50562
-0.110422
-0.178365
-1.03501
0.0390165
-0.320418
-0.200177
0.467996
1.63892
-1.87225
-0.483324
-0.225893
0.208121
-1.00636
0.0392028
-0.228913
-0.175209
-0.122033
-0.0611139
0.126045
1.54152
0.0871531
-0.0967575
0.245175
-0.319473
0.079524
0.983457
-0.0155713
0.274477
-0.00999235
-1.41893
0.922245
-0.62459
-0.167492
0.31163
-0.173291
-0.0942435
-1.50853
-0.132744
-0.525074
0.0595241
-0.590383
-0.281681
0.134193
1.57485
0.113713
0.127068
-0.287574
0.0788744
1.39662
0.990686
0.0417659
0.079744
0.0881461
-0.751895
0.603819
-0.140124
-0.38007
-0.0759318
0.0866606
-0.688973
0.782045
0.132919
-0.271809
-0.3906
-0.211475
-1.6646
1.45178
-0.506949
-0.0178265
-0.0245761
1.41263
0.0257462
1.37192
-0.089183
0.0986198
-0.180103
0.00546827
-0.10844
0.264209
0.00278491
0.561656
-1.07648
-0.19112
-0.293036
0.105881
-0.0330468
-0.0313704
-0.0578953
1.42624
-0.106844
1.53034
-0.147073
0.080104
-0.0932662
0.0786503
-0.00153457
0.0366683
-0.166267
-0.132369
0.20637
-0.104302
-0.387222
-0.147562
-0.0581059
-1.28061
0.00395417
1.96565
0.15556
-0.0610526
-0.057152
0.350334
-0.0189009
0.178881
0.0859359
0.12638
0.103992
-0.178836
0.189064
-0.228462
-0.0360172
-1.97405
-0.311423
0.0963674
0.0717548
-0.106961
-0.106665
-0.391684
1.24409
-1.44393
0.201129
-1.50544
-1.96308
0.00360371
0.638053
-0.0246111
-0.243397
0.0315363
-0.267386
0.662252
-0.772952
0.0416978
0.0819604
0.151519
0.0727467
-1.79435
-1.23655
1.26552
-0.208364
0.717708
0.0660079
1.66808
-0.233271
-0.565108
0.0107741
1.99709
0.189647
-0.427951
-0.137746
-0.00657235
0.361099
-0.333688
-0.079488
0.0528422
-0.439443
-0.184403
-0.129688
1.66232
-0.395062
1.47647
-0.00086647
-0.246333
1.89566
-0.118635
-1.95843
-1.50229
0.239276
-1.68789
0.234607
-1.73922
-0.0244827
-0.233577
-1.52589
-0.0348605
0.0169574
-1.67999
0.121999
-0.0392275
-0.0318412
0.852801
0.134615
-1.81205
1.19917
-0.346633
0.215712
-0.979487
-0.308442
0.0561606
-0.79187
0.218965
-0.411095
-0.835391
0.234329
-0.516838
-0.263522
0.329447
0.104841
-0.018535
0.0315359
-0.675638
-0.224102
0.107509
-1.23347
0.101253
-1.35206
1.87538
-0.281363
0.621877
0.0486416
1.0809
0.16692
-0.18863
0.164239
0.347021
-0.361592
-1.49504
0.13201
-0.36907
-0.805365
-0.912561
1.03975
0.667392
0.314923
-1.95449
0.174905
1.02084
0.0440506
0.38961
0.439473
-1.67763
-0.173488
-0.0207884
0.0325153
-0.90167
0.0236818
1.31134
-0.314834
-1.44032
0.0132107
-0.0745632
-1.96879
-1.56513
1.02053
-0.334477
0.119598
-0.462871
-0.078984
0.282548
1.58062
1.48986
-0.353941
0.642986
-0.0343759
-0.0238942
-0.149038
-0.374262
-1.88182
-0.606849
0.12442
0.542778
-0.0123888
-0.575999
0.262729
0.233031
-0.48524
-0.704856
0.00318146
1.16838
0.217222
0.0709632
0.926597
-0.00579563
0.321657
0.0908079
-0.819921
0.486694
-1.51746
-0.00465777
-0.185781
-0.0347179
-0.085054
-1.00707
-0.812435
0.163975
0.10502
0.0952908
-0.0726766
-0.0268227
0.139569
1.84085
-0.167527
0.464586
1.86812
-0.261618
-1.91244
-0.0870681
0.125286
1.11399
0.5503
-1.3516
0.101349
1.91526
1.51201
0.282724
0.345941
-0.0187343
-0.0911475
0.423521
0.0171694
-0.0510833
-0.12215
0.00966318
-0.186549
-1.21829
0.336688
-0.0148317
0.491715
-1.48882
-0.135649
-0.0421322
1.95337
0.444883
-0.206633
-1.77347
-1.03123
0.514375
-1.87398
0.55779
0.073396
0.18398
-0.245773
-1.09478
0.0432939
-0.036554
0.142666
-0.455952
0.61155
-0.177646
-1.35836
-0.428807
-0.0571402
-0.375577
1.17854
-0.170185
1.17423
1.01522
0.0509368
1.92682
0.11633
-0.0868225
-1.78152
-0.419072
-0.740238
0.161775
0.548162
0.973261
0.248085
1.47302
0.064706
0.468249
1.0348
-1.82443
-0.287306
-0.0916794
0.112265
1.94596
0.017102
0.14495
0.463409
1.21359
-0.247375
-0.325681
1.59438
-0.10701
0.127507
0.150021
-0.0145232
0.814057
0.322453
0.0176764
-0.201453
0.0526003
0.0749936
0.244197
-0.149488
0.584632
0.5911
-0.10786
0.0693564
-0.688916
-0.349014
1.01577
-1.42832
0.229572
-0.101547
0.149368
0.288182
-0.499865
1.9782
-0.843954
-0.247246
1.67564
1.51513
-0.238299
0.94279
-0.144973
-0.18341
-0.00627709
-0.0576989
-0.0462536
-1.39941
-0.0946332
-0.0518743
0.0894428
-0.299468
1.18584
1.03818
0.0383487
0.113691
0.0910391
1.49988
0.202517
0.19956
-0.00572613
-1.55949
-0.053995
0.00266955
-0.160484
-0.714723
-0.912404
-0.426304
0.430694
-0.0698397
0.178153
-0.57332
-0.20229
-1.82045
-0.110577
-0.11668
0.0514807
0.0693937
-0.579967
0.0119688
1.91335
-1.83677
0.11417
-0.894464
0.268846
0.151045
-1.18438
0.275493
-0.0512339
0.11787
-0.464591
0.381522
-1.26195
-0.0666698
-0.260858
0.138525
0.0492613
0.00737367
-0.0315386
-1.70123
1.13628
-0.212171
0.370041
-1.50603
1.14873
0.25872
0.0500592
-0.340996
-0.27727
-1.52743
-0.00724039
-0.0324822
-0.00936468
0.920686
0.880928
-1.93875
0.0769704
-0.0581815
0.28241
-0.121124
-0.0890145
-1.88261
0.00588482
0.0145906
-0.396019
1.63905
0.431378
-0.238609
0.0203669
0.0623806
-1.03576
-0.888445
-0.0485312
0.0286834
-0.0283289
-0.0627505
0.17638
-0.247469
0.0157418
0.533483
-1.78137
-1.17962
-0.393544
0.118578
0.872152
1.82765
0.166664
-0.219407
-0.119946
-0.247211
-1.13545
-0.0102825
-0.169025
-0.357457
-1.98962
1.31942
0.00476838
-0.786987
1.30604
-1.27345
0.0403068
1.68772
-0.131338
-0.0363157
-0.335165
-1.07683
-0.0310959
0.118738
0.0176047
-0.162564
-0.0226546
-0.078665
0.0674112
0.351405
-0.865665
-1.31666
1.48798
1.67098
-0.0410676
-0.331536
-0.12625
-0.273016
-1.19724
-1.75362
-1.19798
0.0127931
-0.0284847
-0.760812
0.107015
-0.911635
-1.84947
0.746808
0.456309
-0.182696
0.980441
0.274917
0.0827353
0.109324
1.51348
0.0299321
-1.1684
-0.105279
0.0990986
0.0382786
1.28936
-0.0572808
-0.685343
-1.72893
0.144006
-0.00354936
-0.879471
0.167569
-1.52592
0.366438
1.43619
0.112124
-0.696713
-0.004365
1.01921
-0.506433
-0.0454352
0.0509459
0.0998221
0.0808828
-0.0932751
0.260455
0.122786
-0.445056
-1.82789
-0.360192
-0.146703
0.0971524
-0.0516514
-0.219812
0.209781
-0.123089
-0.887837
0.055167
-1.95637
-0.0877789
-0.158391
1.86062
-0.136857
0.0621946
-0.132175
-0.0130847
-1.50218
-0.072299
0.588343
-0.097645
-0.0451591
-1.4022
-1.29098
-0.276524
-0.264323
0.00741344
-0.413775
0.17439
0.216899
-0.108221
-0.760239
0.282191
1.36593
0.248417
1.55239
-0.363315
-0.214149
-0.149741
-1.24098
-0.0729825
1.82596
1.88283
0.180601
0.518643
-0.260919
-1.27832
-0.101284
0.197992
-0.0620846
0.457258
-0.0569416
0.899176
-0.167053
-0.165917
1.41237
0.178833
-0.981308
-0.852213
-0.341287
0.749507
-0.0450401
-0.144053
0.00906818
-0.121648
0.236862
-1.30524
-1.94016
-1.9994
-0.0341028
-0.0753558
-1.9709
0.159078
1.77431
1.82256
-0.0541282
0.0265988
0.148592
1.49575
-0.197374
0.588257
-1.70599
0.431472
-0.284462
0.134764
0.111632
-1.21501
0.0711593
-0.000432585
-0.138695
-1.4059
-0.0104368
0.0522847
0.102511
-1.124
-1.8126
-1.29266
1.69
-0.194566
0.132248
1.13743
0.259714
-0.319929
0.0114162
-0.956058
-0.354124
0.685473
0.0849127
-1.11659
0.0852479
0.208502
-0.0577524
0.00190253
0.209385
0.089384
-1.5053
-0.156035
-0.0243624
-0.291145
-0.260089
-1.38597
-0.0193375
-0.183662
0.179232
-0.0541299
0.502279
0.814621
-0.937464
-0.683054
-1.18432
0.283731
-0.0065117
0.161929
-0.279389
-0.38818
0.0275779
1.67097
-0.844105
-0.648218
0.16653
0.065765
-0.423637
1.49388
1.931
0.283164
-0.142956
-0.20949
-0.988952
-0.256667
-0.138954
-0.301305
-1.50151
0.728492
-0.18509
-0.265208
0.302904
-0.584677
-0.247333
0.0168434
-1.09294
0.025289
-1.52982
-0.52311
0.22953
0.0407976
1.5633
-0.298777
-0.00973587
0.241295
-0.180266
1.46999
0.216261
0.125126
-1.40897
-1.02388
-0.0420407
0.355719
-0.260087
-0.253563
0.0890244
0.753985
0.357741
1.87451
0.0107587
0.68374
-1.62436
-0.0996567
-1.78874
0.0886059
-0.080061
-1.89177
0.130326
0.659406
-0.624723
0.0738937
0.49617
-0.864624
0.211837
1.18413
-0.670916
0.145553
1.27474
0.0629708
-0.670137
-0.0568918
-0.119032
0.780777
-0.761074
0.50336
-0.145177
-0.0162964
-0.0724086
-0.172198
-0.599421
-0.00982155
-0.503995
-0.176177
0.930148
0.827827
0.670521
-0.721233
0.321666
0.00802525
-0.0169492
0.771081
-0.093628
0.253137
0.269357
1.4554
0.253714
-0.227328
-0.00633441
-1.87744
-0.0556955
0.0422394
-0.128317
1.25083
-0.0240617
0.133477
0.0537141
0.745013
0.188859
0.176534
-0.0220817
-0.025006
-0.139101
-0.273323
-0.0914535
0.294186
0.710342
0.0894369
-1.67522
-1.55941
1.56297
-0.160092
0.00186448
-0.114316
0.169824
0.00746594
0.119156
-0.255083
-1.74855
0.264002
0.59108
-0.0983581
-0.680914
-1.08205
0.371333
-0.0390486
-0.281255
-0.748938
0.178573
-0.311461
0.798887
-0.0238825
-0.155258
1.13048
0.144299
0.0150973
-1.11993
0.262097
0.183607
-0.0406814
0.0975423
-0.533346
1.81943
1.18114
-1.21635
-1.41349
0.197925
0.377566
-0.394278
1.16965
-1.22329
0.0881765
-0.338759
0.260018
-0.0976494
0.702833
-0.342802
1.45315
-0.914954
0.0839939
-0.339497
0.127507
0.0325604
1.01426
0.775309
0.368899
-0.200713
-0.0235782
0.132643
-1.98816
-0.237762
1.55488
0.894374
0.232463
0.132015
-0.34146
-0.198675
0.0548885
-0.0140125
-1.18722
0.0879568
-0.122519
-0.0623966
0.684262
-0.334331
1.54869
-0.0932133
-1.51602
-0.41425
-0.0885801
-0.524555
0.0191396
0.197613
0.227462
0.0166869
0.0832294
-0.0374239
-0.244966
0.105662
-0.266434
-0.0472243
-1.25205
0.0457818
-0.0331402
1.1423
-0.174714
1.36646
0.242145
-1.62223
0.872806
0.305738
-0.0179368
-0.0103411
0.028434
0.103077
-0.111293
0.132227
-0.262823
-0.45992
0.0641379
0.0558281
-1.50301
-1.71435
-0.00935441
1.92696
1.01791
-0.763487
1.03473
0.249838
1.75189
0.450331
0.117812
0.112228
-0.146471
0.0325799
-0.362197
1.67946
1.74303
-0.999896
0.21891
1.12481
0.0985214
0.235481
-1.91718
-0.566167
1.17726
-0.0837764
0.452778
-1.46834
1.15899
-0.241264
1.10487
0.279361
-0.690556
-0.139752
1.28245
-0.149839
-0.157777
0.0163987
-0.170906
-1.35709
-1.74584
-0.284161
1.31068
0.614781
-0.140651
-0.0477614
0.851162
-0.238865
0.0245187
-1.01884
0.179128
-0.13469
-0.073072
-1.26655
-0.233439
-1.98
1.5568
-0.0810247
0.0434988
0.213676
-0.0891712
0.0442179
0.999141
1.21008
0.118551
1.60992
0.267782
-0.597921
-0.0382647
0.0325887
-0.0567884
-0.109728
-0.433732
0.10633
1.99647
-0.225356
-0.25903
-0.0995337
0.0978393
-0.209791
0.0918566
1.63955
-0.017097
0.100197
-0.241195
-0.189024
0.423379
0.0966817
-0.197083
-0.436331
-0.420985
0.304366
0.870248
0.0243711
0.76344
-1.70383
-1.94083
-0.36597
-0.0955264
0.358906
-0.276648
-0.103769
0.00609346
-0.220069
1.87215
0.46366
-1.60159
-0.0441424
0.144394
0.334735
-0.61799
-0.110838
-0.090119
-1.41354
-0.566114
0.297008
1.40234
-0.0335879
0.660081
-0.117817
-0.0343834
0.8892
-0.117677
0.2301
0.0865104
0.418826
0.0584959
0.108981
0.101699
-0.0801559
0.0202599
-1.6637
0.15972
1.80881
0.75222
0.465863
1.02228
-1.88865
-0.827285
-0.447518
0.893475
0.00901669
-1.77385
-0.315183
0.599757
-0.00808674
-0.195403
-0.0562464
-0.688502
0.406249
1.0997
0.0303677
0.103667
-0.158177
1.25976
-0.344078
-0.114098
-0.0621583
-0.0360625
0.603005
-0.129218
0.0369729
-1.29136
0.249806
0.545621
-0.754999
-1.91744
-0.272603
0.655708
-0.295337
0.106592
-0.00136681
1.59686
0.00426027
0.724621
0.534201
-0.0442364
-0.233159
-0.195012
0.0833887
-0.146394
0.0261515
1.13639
0.0365661
-0.230739
-0.126751
0.498426
-0.817494
-0.0147607
1.28142
0.0132776
0.383454
-0.0175842
-1.8205
0.0730423
-1.26488
0.364276
0.132999
-0.186133
0.164331
1.02829
0.0848694
-0.0250118
-0.0162395
0.127882
-0.308625
-0.421196
-0.174302
0.147975
0.013529
1.12005
-0.0909286
-0.183205
0.158675
-0.709504
0.22362
0.695818
0.00891282
1.82986
1.3732
1.34343
-0.0599684
1.68378
-1.07467
-0.204408
-0.0652338
-1.83009
1.93133
0.0404343
-1.04683
-1.78793
0.0899074
-0.287535
-1.83615
0.288678
-1.77614
0.619656
-0.342615
0.156804
1.03738
0.0391608
-0.868499
-0.122906
0.282926
0.544871
0.134516
0.0819404
0.348552
-1.32892
0.127698
-0.0281818
0.145812
1.22098
1.92387
-0.314242
-1.04808
-0.0312502
0.0427641
-0.536675
-0.0847565
0.039663
-0.933012
-1.02544
0.128218
-0.123883
0.609098
-0.592576
1.40014
-1.05434
0.387975
-0.147823
0.651602
1.00418
-0.0871607
0.113035
-0.256499
-1.89532
1.82263
0.104844
-0.0795247
0.106188
-0.449178
-1.40467
-0.231665
0.389462
0.0152723
0.765357
1.87717
-0.257451
-0.0367437
-0.347412
-1.1951
0.12997
0.0607638
0.0382011
0.121601
-0.0428799
-1.6487
-0.0462288
-0.220066
1.2397
0.191253
1.67454
0.111262
0.233942
-0.905615
1.68268
-0.08175
-0.103593
-0.280251
-0.0997277
-0.173
1.20707
-1.24246
-0.148178
-1.54578
-0.204716
-1.32424
-0.252646
0.139637
-0.0803757
-0.196456
0.730235
0.209228
0.037579
-0.0855016
-1.41832
0.228926
0.536907
0.364988
0.323969
0.311451
0.093259
-0.320938
0.0320108
0.384757
-0.000572048
0.216398
-0.113144
0.0201366
1.41294
0.076361
-0.510004
-1.9686
-0.0346375
0.18431
-0.0482801
1.29141
-0.208771
1.48165
0.0994103
-0.175758
-0.198658
-1.28586
1.72873
-0.60903
0.204692
-0.0189037
1.83082
-0.229718
-0.149053
0.226309
0.164743
0.506767
-1.06814
-0.644183
0.189284
1.67165
0.60933
-1.22193
0.102971
-0.172778
-1.00015
-1.55538
0.150228
0.386043
-0.552268
-0.00500798
1.8021
-0.0542462
1.98895
0.138517
-1.01897
-0.05597
-1.01714
-0.21817
-0.18179
-0.0025382
0.622493
0.308852
0.112237
-0.161671
-0.118572
1.90946
0.0904978
-0.74623
-1.27501
0.232808
0.194127
0.0078302
0.324655
0.0164698
-0.0479778
-0.30715
0.711882
0.803506
-0.162614
1.50644
0.0297453
0.359314
-1.78866
-1.5624
0.640031
-0.22191
0.223561
0.0642705
-0.0878751
1.84355
1.18467
-0.163167
-0.22854
0.150244
0.229455
0.23715
0.102574
0.0298294
-0.0162426
0.0367777
-0.217516
-0.675123
-0.323469
0.335873
-1.35576
-0.380068
-0.0226912
-0.247434
-0.106927
-0.0957098
0.161018
-1.57759
-0.180049
-0.165
0.30902
-0.084149
0.858204
-0.260007
-0.0362618
0.0348129
0.124668
-0.720604
1.5454
0.869896
0.454838
1.00873
0.281516
-0.12136
0.0611017
1.74826
-0.0633952
-1.91004
-0.173251
0.0231524
0.0686182
0.277155
-1.66487
0.39592
-0.0987272
-0.879861
-0.0153997
0.334915
-0.207352
-1.49766
-0.149404
0.0911618
1.01369
0.121043
-0.179686
-0.665767
0.197789
-0.141786
-0.301442
-0.217117
1.92715
-0.160353
0.258206
-0.0520794
-0.225889
-0.179767
1.7742
-0.558584
-0.106482
0.2086
-0.206178
-1.34121
-0.285058
0.405696
0.184403
1.7376
-0.255081
0.065774
-0.18109
1.5654
0.151497
1.84947
-1.06216
0.159479
1.82104
-0.0117978
-0.048043
-1.14134
0.433303
-0.226222
1.70875
-0.100534
0.110449
-0.146344
0.131213
0.271421
-0.116052
0.0819792
0.450221
-0.904946
0.951729
0.0465955
-0.090773
-0.046715
0.247759
0.209455
-0.187541
0.0162399
0.154382
-0.180876
0.0876197
-0.0391574
0.200219
-0.941193
-0.0500018
-0.28249
-0.135886
-0.118335
-0.148073
0.230108
-0.826718
1.62779
-1.14299
0.0252672
1.05002
-0.281897
0.260029
-0.0910146
0.00683486
0.0410635
0.0253744
0.146889
0.0561154
-0.0932626
0.212158
0.0212788
-1.5502
0.261509
0.372609
1.66911
0.814949
0.0746812
0.465544
-0.071016
0.181296
-0.254551
-1.5827
-0.936466
-0.13777
1.89153
-1.05089
0.364599
0.252645
0.983461
0.0878769
-0.182127
-0.267599
0.00920037
0.0415977
-1.7752
0.0476766
0.0346729
-1.20175
-1.64837
0.000824338
-0.0985112
-0.244593
-0.0907462
1.51845
0.066695
1.75114
-0.0828536
0.0346992
-0.255161
-0.399568
0.0219817
0.521152
-0.186251
1.99594
-0.333604
0.150479
0.306716
-0.480235
0.0717193
0.137555
0.185226
1.69868
0.257864
-0.282452
1.9124
-0.195588
-0.0679694
-0.108742
-0.181197
-0.0598724
1.25234
-0.0546847
0.55461
-0.912371
-1.02108
-1.5977
-0.3
0.0981662
-0.0558283
-1.7306
0.00725242
0.179786
-0.169711
0.00246412
-0.242111
-0.153043
-1.97467
0.0826572
0.215555
1.2538
0.243139
0.157596
0.174071
1.43641
-0.0454485
-0.273743
-1.40634
-0.205686
1.23783
0.286301
-0.0297088
-1.84921
1.37406
-1.68884
0.0142258
1.26103
-0.447878
-0.0607029
0.0351216
0.26986
1.83375
1.03816
1.34167
-0.564281
0.758688
-0.316509
0.0303
0.134447
0.141057
1.27343
-1.16466
-0.181106
-0.225995
-0.186255
1.46863
-0.0443274
0.0135693
0.0198292
-1.97796
1.77534
0.176709
0.156111
-0.169042
-0.419779
-0.224124
-0.0656558
-0.0996031
-0.825601
0.331107
-0.187326
-1.82561
1.75662
-0.0704181
0.850394
1.16454
0.140025
1.50631
0.896403
-0.133391
-0.0836111
1.68489
-1.04749
-1.44476
-0.103759
-1.01542
-1.33949
0.25721
1.10651
-0.0289792
-0.183649
-0.0729158
0.103028
1.38011
0.293674
-0.00361342
-0.113422
0.360928
0.167042
0.83253
-0.541669
-0.0411146
0.214306
-0.037522
0.0835964
-0.665118
-0.26485
0.0663708
-0.118207
0.253483
0.0585355
-0.170805
0.0869855
-1.42173
0.326326
-0.228828
-0.123291
0.0401522
1.63074
1.47675
-1.47208
-0.118992
0.502685
0.164878
-0.285011
-0.652363
0.0218875
0.0384807
-0.505857
0.229537
-0.20503
0.140154
1.92126
-0.0653169
-0.100027
-0.125025
0.741696
-0.364075
-0.220937
0.0438842
-1.34312
0.964444
1.89825
0.402668
0.047961
-0.245765
0.0983562
0.0614123
0.0974061
-0.342206
0.277924
0.391456
0.047484
0.354597
-1.00836
0.011018
-0.0368884
-0.0830244
1.32147
1.16678
0.0619043
-0.0825529
0.384252
-0.681711
-0.0660993
0.0116752
-0.14843
0.0790288
-0.497078
-0.112176
1.23398
0.0775888
-1.49388
0.0615898
0.188871
-0.202061
1.2748
0.0884925
0.569138
0.265255
-0.698469
1.86945
-0.409684
-0.0685861
-1.43558
-0.167879
0.238677
-0.195189
0.0876491
-0.169689
0.224629
-0.104704
-0.814834
-0.101339
-0.252909
-1.12848
1.92014
1.00494
0.0467874
-1.91507
-0.10735
0.00790318
-0.226097
-0.31294
-0.331657
-0.674669
1.94994
-0.589702
-1.60181
0.103748
1.36839
0.0132304
0.137406
1.9838
-0.438728
0.202403
-0.0497488
-0.22288
-0.0260365
0.693356
1.85011
-0.0694647
1.14269
-0.111108
-1.09842
0.246952
0.0726266
0.135317
0.27505
0.00125121
1.1285
0.071651
-0.081991
-0.100966
1.11663
-0.188375
0.070477
0.212135
0.831206
0.0465075
1.17289
0.0499864
0.0703483
-0.211799
-0.0603438
-0.767522
-0.147492
0.116659
-0.842845
-1.79073
0.110235
0.142852
-0.170281
-0.0471335
1.06323
-1.19031
0.182903
0.110051
-0.129187
0.0109336
-0.0645196
0.66309
-0.099217
-0.124117
0.0841197
-1.26745
-0.193885
-0.195353
-0.168639
0.820484
0.166805
-0.038907
0.371346
-0.0857598
-0.094122
-0.016714
-0.0882101
-0.20784
0.00786726
0.843668
0.160531
0.0441112
-0.52331
1.5732
0.0413685
-0.317791
-1.68865
-0.191744
0.873097
-0.916114
-1.49756
-0.0285913
0.374746
-0.27828
0.0939653
-0.340215
-0.176853
0.182181
-0.408519
-0.157106
0.00614681
-1.07736
-0.0536615
-0.0630231
-0.0161853
-0.632533
0.099649
0.163906
0.0753616
-0.125945
1.36811
0.276989
0.0682691
-0.182929
-0.483659
-0.170799
0.123645
-0.809289
-0.385312
0.125367
-1.34759
0.465468
-0.227
1.71375
1.55477
0.115506
-0.120766
-0.169182
0.336733
-0.129177
0.327612
-0.322146
0.195687
-0.371584
0.751018
-1.26483
0.0318851
0.547054
0.103172
0.0957626
1.59649
-1.50261
-0.215541
0.679059
-1.36973
-0.819068
-0.189299
-0.840446
0.00376203
-0.0252909
1.96462
-0.227168
-0.092526
0.198104
-0.259692
0.209431
-0.133751
0.128074
-0.692401
0.838774
-0.518051
-1.43848
0.865864
-1.06303
-1.00104
0.31993
-0.608108
0.218497
1.52001
1.55432
0.775026
0.0242436
0.0561484
-0.652011
0.129586
1.80267
0.296396
-0.101393
-0.0745098
0.274209
1.81699
-0.0140017
-0.440019
-0.0420304
-0.129997
1.73545
0.684465
0.15109
-0.213104
-0.0862952
-0.655188
-0.078554
-0.209458
-0.133775
-0.461654
-0.171851
0.373262
-0.350984
0.0964409
-0.72945
-0.192372
0.073322
-0.111428
-0.243008
-0.0107556
1.86726
0.04189
-0.380049
0.285398
-1.34384
-0.189801
0.288708
-0.143463
-0.347385
-1.5598
1.99506
-1.03154
-0.206815
-1.66372
0.172633
-0.040446
-0.122959
-0.226068
-0.0682169
-0.0279314
-0.069012
-0.0583201
-0.0760874
-0.188428
-0.373193
0.162222
0.186139
-0.19523
0.0711694
-1.36026
1.04954
0.0495883
0.0114328
1.04637
-0.973067
0.131433
-0.0185709
-1.47433
-0.200534
-1.41186
-1.81006
1.38207
1.463
-1.52963
-0.678172
-0.756922
1.35138
-0.632357
-0.352917
0.0111258
-1.19139
-1.7928
0.188245
0.716798
-1.62485
0.148572
0.0590814
0.191389
-0.13646
-0.111681
0.758945
0.309053
-0.210571
-1.34439
1.41114
1.08934
0.580682
1.21345
0.000622782
-0.225328
1.89916
0.252576
0.389225
-1.55289
1.68287
-0.0604803
-0.545307
-0.193272
0.152473
-1.84881
-0.167402
0.0441281
-0.132789
-1.42976
-0.224915
0.708566
0.183145
0.261964
-0.101276
-1.36802
-0.0334955
1.90345
0.0388984
-0.263989
-1.22312
0.0289145
-0.0579352
0.0029513
-1.35525
-1.01844
-0.542361
1.39092
0.158189
1.63664
1.76735
0.0445094
0.0831535
0.256313
-1.12253
0.062284
0.403267
0.0531797
-0.223526
-0.162938
-0.0715229
1.84707
-0.190775
0.179687
-1.48445
0.00372906
-0.936938
-0.371386
0.104857
0.203789
0.0370477
0.13624
0.0177583
-0.0150892
-0.804255
1.7151
-0.208094
-0.677976
-1.60423
-0.145738
-0.193791
-0.483383
1.80843
0.60187
-0.183217
0.586301
-0.0683208
0.0438551
-0.25588
0.0631953
-0.138208
0.0688788
-0.214829
-0.318093
0.828063
-0.63779
-0.156347
1.70519
-0.0457094
1.38832
0.307005
0.336944
-0.341873
-0.62973
0.628965
-1.37039
0.0681803
-0.186445
1.70721
-0.873838
0.113979
1.06724
-0.863672
0.115447
-0.405499
0.137909
-0.129515
-0.0878303
-1.46328
-0.225232
0.153389
-0.0636711
-0.0735486
-0.903045
-0.157219
0.253767
0.290394
-0.536316
0.267001
1.86307
-0.0665699
-1.67289
-0.13769
-0.35526
0.071541
0.436449
0.00397265
-0.148565
-0.0138955
0.774272
-0.782787
0.0544741
0.636307
-0.20729
-0.118797
-0.0897505
1.10601
-0.211326
0.182317
-0.0470099
0.693285
0.117175
1.82173
-0.0552201
1.21361
-0.0779232
0.0492041
-0.107856
0.0416009
-0.100357
-1.05245
-1.89686
-0.0748687
0.0386279
0.0433095
-1.19479
0.66106
1.09575
-0.337026
-0.202647
-1.73798
-0.6877
-1.02593
-1.72037
-0.319014
-0.00212607
1.20732
-0.950878
-1.15056
1.87106
-0.211887
0.115655
-0.22213
0.00636591
0.132224
0.0683296
0.036722
0.120984
0.0511682
-0.0314011
-0.0627351
0.117134
0.336199
1.35097
0.110212
-0.495649
0.916543
-0.712749
-0.0920534
-0.963276
0.124686
-0.13791
-0.623877
-0.566641
-1.65783
-0.381652
1.66894
0.893018
0.209879
-1.24732
-0.215254
0.422969
0.251317
1.2322
0.612822
0.218253
0.281349
-0.402669
-0.256621
0.11576
0.890048
-0.0768977
0.443387
-0.287051
0.190102
-1.98336
0.19819
-0.735485
-0.325435
1.96689
0.155609
1.50034
-0.029751
-0.271716
-0.0150188
1.9596
0.27226
0.0394392
-0.197985
0.0115019
-0.729317
-1.21648
0.386702
-0.0716917
-0.231563
1.65002
-0.142484
1.0536
0.669556
-0.0563025
-0.968013
-1.98827
7.71938e-05
1.31634
-0.0467705
-1.15417
-0.0303824
-1.60746
-0.302094
-0.0890262
-0.0745424
-0.198199
0.310855
0.0541499
-0.046124
0.402419
0.232365
-0.21458
-0.182417
-0.241417
-1.79421
-0.541501
-0.301919
-0.0478479
-0.313383
-1.77832
1.06243
-0.0351329
-0.0378102
0.0613443
-0.210923
-0.367906
0.764015
0.726602
-0.895516
0.394663
0.0735106
-1.22208
0.028195
1.4695
-0.781675
-0.482854
0.472219
1.32441
-1.73627
-0.166778
-1.01427
-0.860671
-0.41416
-0.404613
0.0107634
0.265786
-0.259827
-0.525805
-1.95583
-1.39216
0.00752982
-1.17253
-0.225297
0.0957143
-0.091432
-1.86984
-0.987824
0.103886
-0.0424609
-0.0664144
-0.105746
-0.0271943
-1.60491
1.61862
-0.189351
0.956757
-0.0503462
0.124539
-1.83617
-0.175428
0.114483
0.0729753
0.0080192
0.532758
0.297936
0.678926
1.13844
0.0596208
0.0627827
0.217388
-0.0642434
-0.287478
0.275651
1.7038
0.21791
-1.1396
1.85389
0.620011
0.130939
0.0326453
-0.0426997
-1.32985
1.94269
0.0649646
-1.11073
0.296433
0.0844969
0.725197
-0.417784
-0.193683
-0.183752
0.672297
-0.0370747
0.145174
0.0576743
0.935956
-0.825613
-0.0730477
1.15789
0.101277
0.188531
-0.0907019
0.321518
-0.224645
0.271505
-0.184776
1.16727
-0.0905789
-0.476517
0.0557748
-0.598478
-0.0228863
-0.438782
0.913545
0.539261
0.171831
0.753808
1.48279
0.226327
0.120605
-0.63731
-1.18725
-0.0426428
-0.0922083
1.67192
0.0195912
0.106602
-1.51714
-1.04902
-0.585887
-0.0281237
-1.86688
-1.89414
0.0120355
-1.72132
-1.03807
-0.0441641
-0.280792
-0.220514
0.79223
-0.0772231
-1.18057
1.42564
-1.2398
-0.0466898
0.0532687
-0.802922
0.12612
-0.0728684
0.682409
-0.812084
-0.153924
0.00547575
-0.0861113
-1.57219
-0.0772359
0.58161
-1.85632
-0.0915805
-0.163971
0.0361168
-1.99575
0.175761
0.0106119
-0.0144742
0.985342
1.51512
-0.107479
0.0440741
-0.179595
-1.26646
-0.0336696
1.46722
0.144369
1.43482
-0.752827
0.0279466
1.31396
-1.49729
-0.134393
-0.0243719
0.136085
0.12313
-0.329188
0.00177785
1.43306
-0.987366
-0.132251
1.5462
-0.119157
1.48081
0.0452431
0.548599
-1.90872
1.2083
-1.1051
0.18314
-0.200024
0.0332717
-1.29231
1.58517
1.38013
1.37058
-0.0679311
-0.222969
-0.0507221
0.314307
0.172659
0.122241
0.0170025
-0.0671837
1.58812
-0.213335
-0.63027
-0.901994
-1.49871
0.101005
-1.01482
0.394961
-1.73068
1.50449
1.38666
-1.62933
0.163546
0.676252
-0.234988
-1.99725
-1.72516
-0.128577
-0.217508
-0.421845
0.0665061
-0.0532876
-0.290956
-0.143205
-0.320619
-0.0742327
0.310539
-0.0231021
-0.507504
-0.115173
1.87164
1.461
-1.3397
0.334484
-1.72903
1.64285
-1.22201
0.0708356
0.0356841
-0.575871
0.0125964
-1.90875
-1.93545
1.78025
-1.59688
-0.806592
0.478006
-0.066701
0.202395
-0.160214
-0.652925
0.372102
0.172073
-1.93815
-1.61599
-0.143696
0.201428
-0.0251096
1.19512
-0.493648
0.22009
0.333227
1.36636
0.30843
-0.244091
0.348965
0.540854
1.67677
-0.174118
1.90225
-1.37257
-0.634637
1.86607
1.56904
0.0729185
0.0623221
-0.624741
0.0792172
1.99434
-0.160565
0.0569359
0.0213427
0.128247
-0.145396
0.0542075
-0.326699
0.214744
-0.147265
0.941871
-0.383007
-0.744258
0.81791
-0.178846
-0.514823
1.1042
-0.00137405
0.231087
-1.2884
0.0628556
0.88978
0.179906
1.66299
0.167645
-0.1734
-1.65942
0.341979
-0.122378
0.138719
0.352634
-0.110191
-1.34455
0.63488
-0.0607118
-0.184333
1.00859
-0.122632
0.254619
0.155347
-0.0959082
-1.0132
0.165002
-0.113421
0.380737
-0.700175
0.520218
-0.0179825
0.864874
-0.169112
0.192692
0.0105009
0.143
0.120726
-0.399502
-1.2723
-1.14728
0.154087
1.87909
1.20763
0.234214
0.0607226
-0.635754
-0.0776609
-0.0226923
-1.71924
-0.0730593
-0.232729
-0.105726
0.0407381
-0.911404
0.292505
-0.597164
0.0948713
0.217583
0.255398
-1.31163
-0.0908017
-0.0114408
0.0138741
-1.94412
0.0111281
0.0979252
0.197221
-0.801942
0.0247461
0.270229
0.153968
0.0096388
0.155167
-0.23035
0.579126
0.273763
1.1067
-1.74291
0.269833
-0.403344
-1.92498
0.189549
0.408678
-1.30549
-0.0690235
-0.0118334
-0.28232
0.130203
-0.0141841
0.175706
0.229601
0.191082
0.0925126
1.36469
-0.0953497
-0.0265441
0.176794
-0.0352928
-0.0680359
1.22937
0.235291
-0.305125
-1.95064
0.0834328
0.00825766
0.0659837
0.115802
0.111574
-0.45236
-0.299987
-0.055667
-1.86003
0.315373
-0.66783
-1.47282
-0.45429
0.00419476
-1.86096
-1.59723
0.339994
-1.1554
-0.115228
0.146032
0.636675
-1.42384
-0.211118
0.131373
-1.29488
-0.779802
0.064063
0.239855
-0.159859
-0.00507676
0.0857876
-0.0162569
0.465171
0.344868
-0.0896842
1.36964
1.04928
0.0518579
1.1349
-0.0361319
-0.279049
-1.84505
0.0665062
-0.0776325
0.706025
-0.169459
-1.627
-1.73161
-0.83572
1.85961
1.54445
0.784067
0.386146
-1.46506
-0.0195962
-1.2436
0.0650738
-1.42489
1.27901
0.0205039
-0.54996
-0.576406
0.155267
0.577464
-0.561848
-0.160396
-0.0865401
-0.112255
-0.271961
-1.56438
0.0967315
0.387601
0.245128
-0.866645
1.68903
1.18257
0.0973887
0.191544
-0.429894
-0.344418
1.45816
-0.309717
-0.394476
-0.292636
-0.400734
1.28132
-0.186734
-0.145309
-0.0896601
-1.62249
-0.145381
-0.261946
0.979546
0.372823
-0.0595527
-0.910315
1.54156
0.276801
0.142969
0.235678
-0.187578
-0.259158
0.0370823
-0.0257204
-0.0957215
1.64148
1.20768
0.384874
-0.190492
-0.169593
0.224765
-0.0686291
-0.926963
-0.0945131
-0.0663057
-0.331918
0.170195
0.583604
1.76417
-0.0642448
0.0964899
0.0617113
-1.09563
-1.94626
-1.0552
-0.183338
1.12759
-0.26043
-0.121285
-0.213607
0.349219
-0.113276
0.061103
-1.10095
0.181553
0.152419
-0.37999
0.302907
0.00856145
1.19337
1.73855
-0.192583
-0.101187
0.231258
-0.0810367
-0.167788
0.178355
0.104562
-0.399548
-0.881113
-0.179637
-0.0165226
-0.31534
-1.21389
-1.78409
0.0194503
0.183965
-1.24587
-0.146377
-0.0498058
0.324466
-0.0994076
-0.560445
0.233757
0.127475
-0.207762
-0.643391
-0.0677584
-1.34773
-0.329884
1.20355
0.0780444
-1.9511
-0.118378
-1.77674
-0.021109
0.161566
-0.213293
0.7509
0.0898799
0.0609985
0.00843101
1.58888
0.00999732
-0.153668
-0.348929
-0.528344
-0.0912645
-0.148279
-0.948171
-1.5662
-1.7447
1.40612
-0.0730786
-0.419674
1.78943
-0.080885
0.346707
0.132817
-0.262038
0.646065
0.112165
0.178387
1.90555
-0.214829
0.0805953
0.128057
-0.157185
-0.185066
-0.407023
-0.161234
0.862616
0.484251
-0.31327
-0.20238
-0.142344
1.74738
-0.133969
0.111928
-0.0697264
0.041407
0.579027
-0.852605
0.0938289
0.124109
-0.0972255
0.0142114
0.00712141
-0.499734
-0.828961
-0.259293
0.0427924
-1.59032
-1.78888
1.38993
1.56789
0.514745
-0.0283095
0.734094
-0.0572056
0.867639
0.0425495
-1.39293
-1.51151
-0.278308
0.0876377
-1.74578
1.97946
-0.0104238
1.12846
-0.0713876
-1.50129
1.63085
1.86987
0.197146
-1.57978
-0.569338
-1.57947
-0.121032
1.78969
-0.0216063
1.30409
-0.15447
0.359282
1.47927
-0.925179
0.0740696
-0.372947
-0.16264
-0.323673
-0.0832958
-0.0536729
1.07138
-0.191563
0.48421
0.173548
-0.326294
0.046915
0.0220184
-0.0805917
0.238138
0.783268
1.31411
-0.0825966
-0.0590505
1.1513
-0.0366473
1.98176
0.59701
-0.0208315
0.0956038
0.291185
-0.831403
0.460065
-0.242926
0.090424
-0.113518
-0.0248733
1.04484
0.0776321
-1.15032
1.32506
-1.1689
0.0862332
-0.189554
0.0592093
1.93755
0.938959
-0.0162747
-0.0596539
-0.0763943
0.0182546
-0.154192
-1.8797
0.164985
-0.109317
-0.22613
0.175749
-0.165778
0.0769741
0.154838
1.71811
0.0027662
0.271458
-0.69897
-0.0964212
0.231435
0.398606
-1.2743
-0.112102
-1.71533
-0.605542
-0.0272114
0.162999
1.38357
1.49065
-0.104331
0.146929
-1.63618
0.0209079
1.03821
-0.667117
-0.150589
0.0714895
0.922703
-0.914379
-0.172521
0.208516
0.413318
0.578748
-0.00940978
-0.0907575
0.353907
-0.146479
-0.383975
0.193993
-0.0715064
0.33997
-0.0113509
0.355173
-0.945241
-0.0961279
-1.39175
-0.159246
-0.0928806
-1.44465
-0.130831
1.02363
0.386871
-1.77071
0.255979
0.795272
0.0147722
1.08395
-0.000941169
-0.380088
1.33103
-1.61772
1.0655
0.717171
-0.0339943
1.14592
0.958656
-0.155603
0.0156013
-0.058376
0.156
0.795245
0.331197
0.191097
0.0888998
0.293354
-1.5528
-0.0221505
-0.156642
-1.63836
0.188193
-0.170664
0.137493
0.0662746
0.124847
-0.306887
-0.166189
1.5023
0.232645
-1.62462
1.51776
0.182047
-1.97537
0.07454
-1.79482
-1.08304
-0.4686
-1.13273
-0.00734597
0.0856194
-0.125912
-0.445717
-0.126997
0.207823
0.579647
-0.670078
-1.89706
0.273797
-0.0410688
0.219222
-0.0223507
-0.16037
-0.0966954
-0.0267776
0.0462403
-0.0469625
1.03367
1.53747
0.623335
-0.243534
-0.134639
1.77926
-1.93328
0.0315671
-0.546347
0.717754
-0.0661287
0.0844974
0.0420002
-0.372517
0.16171
-0.570133
0.106145
1.85043
0.209171
0.452342
-0.143511
1.31792
-0.658636
-0.0283057
0.635074
0.289486
-0.524465
-0.938103
0.539987
0.260456
0.195795
0.115051
1.22854
-0.736049
0.764894
0.967067
-0.186898
-1.47392
0.0164398
0.199675
0.177391
-0.0616121
0.0721366
1.86317
-1.6729
1.62778
-0.21979
0.100922
0.0308096
-0.071398
1.80024
-0.475504
-1.78648
-0.0270537
-1.51141
0.455637
-0.297608
1.77503
0.213235
0.32548
-0.35884
-0.413094
-1.79829
-0.216057
-0.281945
0.0116894
0.132917
1.84081
-0.128493
0.000846904
0.191508
-0.432245
0.887338
-0.126783
-0.0397343
-0.101776
-0.181326
1.24485
0.378979
0.87339
1.56758
-0.260593
1.28467
1.46224
0.0491961
-0.359154
-1.70857
-0.116057
-0.268355
-0.23079
-0.168914
0.28374
-0.377953
1.53974
0.68761
-1.07796
-0.0871508
-0.722156
-0.0249658
-0.501791
0.194527
-1.30989
0.596435
0.910608
0.0322023
-0.713798
1.58353
-1.43577
1.10171
-1.35707
-0.229517
0.534087
-1.01989
1.17488
0.126939
0.377625
-1.99422
-0.0292289
0.5953
-0.810221
-0.0398915
-0.0778637
1.45522
-1.15978
-1.86356
0.102937
0.243366
-0.0715557
0.153614
0.892061
-0.107268
-1.04259
-0.0672304
-0.0693287
0.277356
-0.535258
0.126358
1.5177
0.193928
-1.85095
1.16758
-0.412737
-0.819445
0.962434
-0.236456
0.0294748
1.0688
-0.0441046
0.190251
-0.537359
-1.62605
-0.576785
1.24966
-1.23609
0.0375114
-0.0953022
-0.0347797
-0.0665271
1.77538
0.918347
-0.107232
0.0148306
-0.215864
-0.0226607
0.205462
1.20822
-0.0822323
1.33461
0.284207
0.0986451
0.127935
-1.50005
0.233786
-0.021511
0.406543
-0.149228
-0.531614
-0.612277
0.0299717
1.8749
-0.219388
-1.31062
-0.0100097
-0.109074
0.0170511
-0.0756555
-0.164109
0.0691502
-0.156067
-0.291758
0.00621416
-0.269569
-0.150731
0.0758488
1.08778
1.56509
0.288959
-0.0454297
-0.0928705
0.0849983
0.987875
1.18142
-0.058502
1.32197
-0.187431
0.163438
-0.0852181
0.12421
0.201219
-0.073733
-0.140275
0.168679
0.311073
0.200926
-0.203741
-1.80736
-1.47092
0.172269
1.64053
0.0525931
-1.45237
0.121967
0.103182
-0.843308
-1.06494
-0.490143
0.256932
0.341088
0.214378
0.548236
0.251236
-0.782848
1.19496
0.499848
0.658958
0.0646875
1.50173
1.70267
0.079107
-1.2372
-0.448913
0.0625268
-1.25487
0.296228
-1.8589
-0.0769863
1.77923
0.312997
-0.261518
-0.111619
0.082482
-0.124069
-1.01372
0.0916898
0.137565
0.0343129
0.176685
-0.00830065
-0.989942
-1.4653
-0.116626
-1.55098
-1.04022
-0.472809
-0.884651
-1.16699
-0.0654751
-0.329533
0.413212
-0.0894934
0.52745
0.813793
0.167217
0.158827
-0.802914
0.640343
0.066857
-0.266879
0.055623
-0.135317
-1.44074
-1.45499
-0.238892
-0.158934
-0.537689
0.403838
-1.99569
0.252244
-0.202528
-0.0519652
-0.163887
0.207487
-1.62004
0.630149
-0.175653
-1.92917
1.93139
-1.85121
0.298232
-0.0490662
0.154314
0.023871
0.0342676
-0.197745
0.172165
0.773675
-0.0997124
0.0119657
-0.0621163
0.228002
-0.305367
0.233066
-0.567615
0.101993
1.42081
-0.0514765
-1.17805
0.254611
0.375695
-0.112347
-0.231056
0.353949
1.00822
0.131876
0.380659
0.0424236
0.156465
0.0773082
-0.927243
0.299885
1.34613
0.0219294
-0.6972
-1.9664
-1.18564
1.04488
-0.0476325
0.32026
1.91317
-0.736916
0.655633
0.170364
-0.0278009
1.31989
0.988787
-1.78219
-0.0353305
-0.0591642
-1.90347
-1.10106
-0.105259
0.0525618
-0.306108
1.26493
1.64169
-1.11491
1.48513
0.1664
-1.43661
-0.513
0.0568782
-0.0513827
-0.925874
-0.363334
-0.0224918
1.28074
-0.602015
-0.0248985
-0.766655
-0.00249015
0.000858098
-0.105555
0.113536
-0.0153943
0.168847
-0.309699
-0.183356
0.700426
-0.275945
-0.114539
-0.0164251
-0.00335552
1.54247
0.698111
-0.339701
-0.265496
-0.0846878
0.0270484
1.95325
0.128075
0.0475443
0.201403
-1.65638
0.151421
-0.409254
0.176726
1.8233
0.198029
0.0612398
-0.0693064
0.264296
-0.0723808
-0.456169
0.9967
-1.45411
0.287386
0.79855
0.145334
-1.77686
0.0181566
-0.240362
1.00492
1.89734
0.141018
0.543405
0.186603
-0.108881
-0.0702965
0.946104
0.144974
-0.133233
0.0530288
0.404262
-0.182026
-0.278683
-1.47623
0.0646925
-0.130979
0.771617
-0.536498
0.0745615
0.0775084
0.893982
-0.126676
-0.486357
0.0927989
-0.0109767
-1.07136
-0.264945
0.424434
-0.222363
0.0586249
-0.386373
0.228679
-0.0342821
0.103976
0.0393913
0.516773
0.210045
0.0877883
-0.0835489
-0.0125334
-0.0392295
-0.158162
-1.13135
0.0337647
-0.171989
-0.861457
0.553309
0.13009
0.939261
0.145881
0.0496406
0.0469657
-1.25124
0.152545
-0.0117233
-0.0963413
0.878494
0.023514
-1.85903
0.812679
1.40098
0.27123
-0.136983
-1.83669
0.0464178
-1.01451
-0.135653
-0.0745511
0.219437
-0.0660107
1.96526
-0.00167302
0.997715
1.70194
-0.105532
0.135136
-0.0749362
-0.034548
0.143523
0.197391
0.396268
0.286353
-1.4816
0.635159
-0.20345
-0.166197
-1.68881
0.241366
0.40896
-0.177597
0.811469
0.383445
-0.0540724
0.950403
0.0596325
1.63852
0.534963
1.66211
-0.258628
0.339908
-0.0307807
0.0243285
0.658153
-1.24972
0.295644
-0.132286
-1.81913
-0.123497
0.885405
-0.822326
-0.0844047
-1.81311
0.101179
-0.142958
1.07226
0.365798
-0.484296
0.310379
-0.596819
-0.26745
0.41644
-1.55132
-0.311827
-0.159482
-1.44399
0.246576
0.0304597
-0.0224229
1.95861
0.380896
-0.504676
-0.307849
0.200149
-0.104112
-1.9486
-0.264289
-0.661246
-1.02428
-0.107175
-0.130022
-0.888927
0.131767
-0.144806
-0.288289
0.0426064
0.0272424
-0.169545
-1.90327
0.21501
0.925473
1.78953
-0.152162
0.206342
-0.247211
-0.747054
-1.34811
-0.783538
0.0593149
-0.0172255
-0.216871
0.381159
-0.200711
-1.77746
-0.129615
-0.29715
-0.207112
0.132034
0.0332412
0.126828
-0.098415
-0.753695
-0.0144008
1.60068
-0.526225
-0.869377
0.151666
1.58005
0.113582
0.144537
0.999337
1.66683
1.06155
0.500576
-0.622271
-0.124249
-0.098201
0.0064459
-1.7791
-0.129561
1.11167
-0.0776858
-1.97759
0.15088
0.305964
0.0437894
0.447686
0.00332684
1.39383
-0.88388
0.522145
0.129852
0.179987
0.0595582
-0.48971
0.0180528
0.125309
0.349718
1.41452
1.78837
-0.384579
-0.409061
0.0170419
1.67758
-0.184516
0.15183
0.187116
-0.762182
0.171361
-0.360644
0.0987632
0.25855
-1.90171
-0.259592
-0.106905
-0.0898961
-0.399759
0.0305106
1.25384
-0.92026
-0.0497071
0.164123
0.0599978
0.198551
0.124015
1.24753
-0.460366
-0.233096
0.0402415
0.0920577
0.0410028
-1.72541
-1.24627
-0.973676
0.346192
1.36272
0.144377
1.70583
1.81205
-0.539148
-1.67849
-0.0567302
-1.70254
0.156833
0.0661877
0.0893006
-0.22699
0.867298
0.0745111
-0.235191
-0.132508
0.788413
-0.0974767
-0.110767
-0.0446663
0.0895275
0.904047
-0.128165
0.241177
-0.792299
1.33797
0.0393094
0.0672572
-0.00131383
1.89259
0.083636
-0.10799
0.751181
0.166949
-0.127617
-0.0143313
0.706784
-0.133602
1.59364
0.19956
0.157493
-0.666951
-0.0818248
0.148067
-0.262913
-1.36756
-0.112245
-0.00179201
0.046058
-0.397598
0.907705
1.4817
0.156677
-0.123122
-0.136513
-0.841925
-0.170909
-0.0443165
0.270907
1.47763
-0.155435
0.09102
0.315998
0.666178
-0.0683091
0.229513
-0.271816
-0.126842
1.60772
0.420216
-0.361701
-1.79057
1.60609
0.0366598
0.130861
0.156957
-0.00920141
-1.04392
-0.0115436
-0.163731
-0.243788
-0.369084
-1.42568
-0.0205213
-0.211785
-0.0625544
-0.213104
-0.00531181
-0.0686932
-1.01398
-0.12442
0.161049
0.173526
-0.0112
0.0733659
-0.154501
-0.113662
0.0420353
-1.79741
0.00185214
-0.325369
0.0713171
-0.180266
0.306354
0.0947903
0.0447427
1.06625
-1.56557
-0.0931548
-0.977738
1.1209
-0.273674
0.521442
-0.108266
0.1073
-0.314165
0.105178
0.283764
0.121524
-0.204427
0.199948
-0.311387
0.187988
-1.37708
-0.0707013
-0.258341
-1.90851
-0.0375852
-0.00562142
-0.0768046
-0.0965465
-0.0948311
-0.0248273
0.0993902
0.580699
0.0461528
0.111117
-0.14912
-0.0650746
0.902167
-0.802827
-0.735099
0.974689
1.15345
-0.0269126
-0.164494
0.319154
-0.000195087
0.146172
-0.0980577
1.89727
0.1694
-1.95865
-1.81954
1.31252
0.168376
-0.345954
-0.579628
0.423171
-0.240216
-0.212512
-0.138478
0.119943
1.14049
-1.93344
0.468971
-0.241752
-1.37807
1.56364
-0.241506
-0.0918152
-1.22888
0.0377392
0.487915
1.26362
-0.340179
0.42974
-0.0159797
-0.337087
-1.78436
-0.341078
1.95578
1.29118
-0.242201
0.895307
0.166845
0.0912322
0.0487907
0.0511945
-0.0491806
0.179192
-0.988976
0.561219
0.285736
0.876966
0.030395
1.24777
-0.321347
1.95353
-0.407971
1.5109
-1.19459
-1.96485
-0.249747
0.156497
-0.0188739
-0.302806
-0.097193
0.410845
0.0938286
0.0567922
-1.60957
0.225112
0.0107393
-0.0160211
-0.20159
0.256052
-0.23914
0.175404
0.0555633
-1.45983
0.228674
0.251685
-0.401528
-0.154172
1.35263
1.39345
-1.54371
0.322478
1.70787
1.69377
-0.207088
1.33162
0.303281
-0.0706914
0.0217968
-0.30902
-1.84987
0.142359
-0.125439
0.222715
0.0617536
-0.0449548
1.31852
-0.475933
0.913056
-0.385454
-0.110835
-1.15018
0.190201
-1.51745
-0.070726
1.39543
0.11202
-0.445205
-1.7873
-0.0465129
0.689182
-1.006
-0.392721
0.640274
-0.202549
1.55202
-0.172044
-1.94321
1.14994
-0.35458
-0.0913477
-0.0390739
-0.267869
0.73023
0.146664
1.15404
-1.97249
0.204517
0.160343
0.0055423
0.209125
-0.0451066
-0.128889
0.324783
-0.0400317
0.253766
-0.140356
0.757692
0.00133021
-0.0551711
0.512725
-0.0585256
-0.0141016
1.39331
1.57148
0.410115
-0.0836688
-0.143599
-0.101397
-0.298144
1.20647
-0.174312
1.73688
-0.499101
-0.0675233
-0.260927
-0.185745
-0.291121
-0.188247
-0.180184
-0.304475
0.115126
0.359076
-0.153724
-0.219893
-0.106362
1.74513
-0.491023
-1.56802
-1.62903
0.877073
-0.00109936
0.35133
1.3194
0.0158999
-0.101554
-0.201089
-0.190322
-1.4814
0.162958
0.0823706
1.11481
0.0573633
-1.63839
-0.0894622
1.05966
-0.516059
-0.243052
-0.0269253
-0.056189
-0.866683
-0.0680216
-0.0049713
-0.349052
0.0926675
1.45509
0.00901491
-0.143159
0.924224
-1.0506
1.82073
-1.52941
-0.438931
-0.173929
-0.0918103
0.19696
-0.178375
-1.26391
0.295519
-1.4808
0.12847
-1.07002
-0.279815
1.71712
0.0289739
-0.162287
0.197185
0.0309603
0.219395
1.46163
1.74012
0.125064
0.164854
0.123617
-1.78931
-1.10432
0.197259
1.47798
0.126697
0.502055
0.679996
-0.12836
-0.451329
-1.69444
1.51661
-1.19725
0.0628893
0.222542
0.0336793
1.14284
-1.83491
-0.651554
0.409272
-1.09642
1.52949
-0.0818124
-1.33261
-1.2757
-0.0536015
0.203538
-0.223861
-0.000507622
0.161351
-0.843515
0.0861615
0.832596
0.242048
-0.0624981
0.029892
-0.199306
0.168979
-0.191092
-0.309854
1.15866
-0.321418
-0.202245
-0.558445
1.90649
0.132967
0.294705
0.230208
-0.211442
-0.295093
0.279663
-0.0148231
-1.62477
-0.187657
0.0677349
0.670702
-0.0945317
0.90975
-0.0711541
-0.917303
0.278846
1.23622
-0.985434
-0.0742894
-0.139466
1.89296
-0.899293
-0.111623
1.30359
1.19906
0.825435
-0.122993
0.208293
-1.65703
-0.649804
-0.0333839
0.0721293
-0.665183
-0.0759443
0.633432
-0.0951502
-0.185838
1.63299
-1.54917
-1.39509
0.014144
0.0015648
-0.0740458
1.3591
0.0230304
-0.0656272
-0.000495233
-0.150055
-0.257535
1.67243
-1.35041
-0.129417
0.247119
1.52956
-0.0916337
-0.123651
0.469656
1.82017
-0.129387
-0.0454109
0.0334953
1.21135
0.0586493
-0.073145
0.203917
0.00872378
-0.441202
0.23645
-0.0122359
0.0779753
0.954969
0.902432
0.281291
0.0667192
1.00552
-0.525527
0.145873
-0.132176
0.304176
0.303143
0.099884
1.20692
-0.0768602
-0.08302
-0.162761
0.470762
0.846639
1.98552
-0.39591
-0.412578
-0.203125
-0.124362
1.17802
-0.134237
-0.0832842
0.0746077
-0.309907
-0.426251
1.49836
-1.63268
-0.300344
0.110657
1.7836
0.190075
-0.248578
-0.246497
0.192522
-0.136819
-0.0497842
-0.053101
0.226018
-0.0423054
-0.031494
-0.0924693
0.164779
-0.224814
1.62676
-0.137431
-1.35028
0.649522
0.161699
0.0781851
1.40733
0.007311
-0.403049
-0.089622
-0.794054
1.63727
0.337889
0.0346529
0.149693
-1.75042
-0.883436
1.26682
-0.0161271
-1.54879
0.857263
1.36634
-0.0963047
-0.5815
0.56716
0.11538
-0.359201
-0.640232
-1.4214
-0.0199738
0.00190781
-0.21567
-1.99798
-0.717809
-0.787456
0.502892
1.96106
0.368273
-0.889603
-0.781865
0.533373
-0.0852432
0.0605778
0.248704
-0.051441
0.0572922
-0.0915313
0.110718
-0.895327
-0.0928605
-0.298549
0.0578766
0.000971129
0.244455
-0.152853
-0.0866335
-0.102358
-1.30362
-0.260222
0.749653
0.186469
-1.30509
1.07056
1.47
-0.121195
-0.0414934
0.797144
1.72694
0.821976
-0.822027
-0.663449
1.08675
0.0118227
0.961018
-0.208445
0.117012
0.253496
-0.0275898
0.596617
0.124368
-0.41539
-0.379205
-0.299271
-0.981159
-0.182141
-0.0489994
1.19198
-0.580163
-1.2356
-0.210158
0.083237
-0.131181
-1.33865
0.352885
1.61842
0.0854226
-0.0051029
0.0670455
-1.29242
0.125986
0.122171
0.91502
1.86951
-1.47818
0.218725
0.102522
-0.591768
-0.270076
0.0384544
0.0164925
0.104571
0.0613082
-1.53081
1.58711
0.3052
-0.0628552
-0.305846
-1.47946
-0.616995
-0.0247891
1.80055
0.0658609
1.70641
0.276018
1.09517
0.490308
-0.692154
0.240431
0.0370688
0.536256
0.841072
-0.124993
0.706113
1.06773
-0.271262
-0.018397
-0.172707
1.95833
-1.44488
0.359236
-0.961275
-0.245142
-0.169328
-0.329666
0.0251593
-0.189725
1.05594
-0.034961
0.627724
1.4676
-1.52219
0.0520915
0.076101
1.48759
0.261497
0.573132
0.491015
0.826121
-0.23937
0.194164
0.0185253
-0.275604
-0.972041
-0.1697
0.27381
0.0211703
-0.504178
0.116173
1.25182
0.53914
1.49428
0.113347
1.8291
-1.92048
-0.0762142
0.217685
-1.71156
-1.50171
0.0186468
1.07794
0.0109178
-0.961614
-0.247379
-1.1653
-0.203812
-0.0583149
0.196946
-0.0362034
0.695323
-0.827875
0.788894
0.566317
0.0464409
-1.13277
0.381715
-1.77813
-0.0641151
-0.178704
-0.117228
-0.0683555
1.37419
0.060151
-0.279035
-0.460871
-1.42209
0.223947
0.276695
0.302605
-1.96248
-0.0620141
-0.0650028
0.00998984
0.546919
-1.59045
1.49308
-0.730007
-0.0354738
0.11841
-0.0419
1.10325
-0.888388
-1.24369
-0.0545776
-1.08149
0.20646
1.18085
0.064221
0.0817941
0.179989
1.22294
0.326966
0.135795
0.68065
0.201747
-0.298843
-0.221242
0.102408
0.127787
1.13432
-1.06804
1.3998
0.899282
-0.1244
-1.8415
-0.049769
1.39518
-0.17167
-1.45569
-0.0745538
0.76584
-1.1827
-1.5666
0.170544
0.816137
-0.917563
-1.86787
0.569268
0.656144
0.0278774
0.236013
0.279601
0.194305
-0.32061
-0.108579
-1.0737
0.0177919
0.171185
0.294484
-0.635891
-0.0755743
-0.153728
-1.31225
-0.300837
-0.343264
-0.184226
-0.0659015
1.3048
1.4276
-0.378019
-0.0718526
-0.300904
-1.60315
-0.0601277
0.00141146
-0.160884
0.206398
0.348318
0.473132
0.944199
0.329269
0.0768795
0.179132
0.448527
0.0957132
-1.7719
-0.758577
0.115456
0.0292985
-0.16344
0.168368
0.034546
-1.507
-0.29058
0.0177208
0.188836
-1.25461
0.853814
0.154578
0.0299991
-0.104108
-0.0992635
0.525384
0.216544
0.132252
-1.54205
0.230808
-0.338897
-1.97886
0.0414988
-0.0190394
1.45837
-0.0555035
0.217256
-0.231637
0.311276
0.347973
1.91265
-1.56294
0.0648284
0.00382209
0.746941
-0.312475
-1.79017
0.0263149
0.287969
0.285704
-0.181679
0.0129555
-0.00334249
0.00154079
0.266483
0.0778799
1.09267
-0.863531
0.095605
-0.0176736
-0.277699
-0.289543
0.148559
-0.0302425
-0.159391
0.0404721
0.00721874
0.201099
0.210701
-0.00966851
1.33683
0.565284
-1.22786
-0.223085
-0.057199
-0.116341
1.92241
0.148368
0.128321
0.228351
-0.905873
-1.4004
0.130157
-0.206564
0.0080202
-0.35046
0.292082
0.0185624
1.6068
0.0796584
0.111217
0.120476
-0.131894
0.0424931
1.69377
-1.9558
-0.419432
-0.0556475
1.04444
-0.0499533
0.197461
-0.0831618
-0.759692
0.701242
1.43346
-0.376654
0.0337342
0.238359
0.301627
-0.0403238
-0.161616
-0.0875122
0.0464347
0.0630795
0.378836
0.223449
-1.70262
0.502184
-0.287576
-0.79078
-0.226071
-0.220565
-0.175028
-0.230533
-1.93146
0.139335
-0.217211
1.64864
1.09774
0.0166199
-0.104039
-0.812653
0.0393739
0.00303659
1.67954
-1.96006
-0.951102
0.176556
1.76294e-05
0.38124
0.0529228
-1.06995
0.839836
-0.00862397
0.142367
-0.81417
-1.07527
0.0838201
0.03702
0.0722445
-0.538046
1.63363
0.804843
0.173153
1.53366
-0.194693
-0.0978516
-0.253823
0.0398565
0.555774
0.00321963
-0.169652
0.012036
0.129304
0.844378
-0.338234
1.18521
-1.68855
-0.291024
1.54269
1.16842
0.269173
0.240723
1.85485
-1.64314
-0.193567
-0.189687
0.15431
-1.52108
0.373311
0.72718
0.133527
-1.95893
-0.0717724
0.867354
1.83995
-0.107321
0.0594972
0.0926676
1.74701
-0.147149
-0.332753
0.897684
-0.22104
0.841202
1.03525
-1.13869
-1.81261
0.151372
-0.187889
-0.287932
0.00276006
-0.178755
-0.0410725
0.637653
0.542595
-0.134257
-0.121402
0.752341
-0.485143
-0.544568
0.00652642
-1.80777
-0.922378
0.294882
-1.53908
-0.0478729
1.40102
1.00747
-0.263244
-1.85032
-1.92
0.332346
-0.154873
-0.0833644
-1.29103
-0.234132
-1.67781
0.0969269
0.124338
1.85609
-0.228756
0.159269
0.461079
0.149162
-0.0843128
-1.68678
-0.0273066
-1.56818
1.15378
0.981357
-0.216515
-0.138113
-0.219515
-0.303501
1.68955
-1.34936
0.0381846
1.22054
1.61085
0.136136
-0.0988122
0.0288138
1.98659
-0.774678
-0.119373
-1.38186
-0.0864791
0.0873661
-0.184053
-0.0723682
0.749079
-1.90188
0.0762292
1.4082
0.785598
0.0454136
-0.0739923
0.220539
1.75345
-0.0602215
-0.374239
-0.881842
1.55105
-0.719048
0.704283
0.877908
0.0124628
-0.0693273
0.102556
0.168747
0.162511
-0.178405
-0.117108
-0.38119
-1.91364
0.0810627
-0.0368957
0.135726
0.109353
0.12354
-1.47847
0.394008
0.156189
-0.0409041
-1.24198
0.121821
1.43513
0.292837
-1.64402
-0.265546
0.00178598
1.68497
0.0813315
-0.227181
0.695858
0.0262776
-1.08732
-1.20964
0.281696
-0.154346
-1.2504
-1.63767
-0.271634
-0.0505652
0.0425593
-0.0772023
-0.0752383
0.0333992
1.33042
0.236876
-0.0498418
-0.823319
-1.15124
-1.21195
-0.145048
0.608073
0.217814
-1.1087
0.170296
-0.0570318
0.144302
-0.130807
-0.114402
0.0148985
-0.72725
0.148098
-0.916063
-0.195176
0.358272
-0.0897069
-1.7492
0.953532
-1.68217
-0.0263938
-0.225084
0.64943
1.2825
0.146711
-1.68076
-0.00339447
-0.36194
-0.78235
0.602035
0.483207
-0.995672
-0.553417
0.129777
-0.787024
0.0576102
0.216006
0.799988
1.9135
-0.119027
0.156684
0.0598126
-1.42067
0.0988477
-0.0125092
-0.192342
0.0450288
-0.393308
1.64877
-0.0804735
0.805055
-0.761566
0.0311589
0.0781965
-0.0935261
-0.0305895
-0.304077
0.416434
-1.49031
-1.01232
0.0214537
-0.0349897
-0.863059
1.62604
0.14219
0.0151675
0.0503817
0.481373
0.363734
-1.86557
0.124093
-0.0716084
0.0206995
0.485683
0.342913
0.172028
0.340997
0.339767
-0.52888
-0.0902429
-0.122364
-0.567929
0.00392104
-0.622053
0.237008
-0.0990201
-0.142508
-0.0659635
0.135292
-0.0484033
0.106897
-0.102314
-0.185082
0.634228
1.43504
-1.98439
-0.175946
-0.241126
-0.61181
-0.148677
0.0837391
0.0235975
0.239647
0.0402829
-0.181053
0.318045
0.164877
0.174927
0.0819102
-0.618679
-1.50111
-0.145626
-0.0712264
1.09246
0.632694
-1.48506
-0.0915554
-0.20379
0.0439423
1.7563
0.175586
-0.1592
0.744314
0.0241848
-0.665968
0.205357
0.124516
-0.0492136
-0.229287
-0.292872
0.0505745
0.118206
-0.410926
0.0649455
1.18547
-0.126676
0.850815
-1.55942
-1.30361
-1.67773
0.237412
-0.27096
0.984939
1.29813
-0.967834
-0.945855
-0.167652
-0.275999
0.332699
-1.39996
-0.157115
-0.242389
1.89569
-0.350461
-0.0714799
0.420304
-1.47082
0.464009
0.00723631
-1.88328
-0.0563262
-0.00299116
-0.254585
0.102103
-1.28162
-1.83178
-1.11986
-0.623369
0.849703
-0.638977
-1.34434
0.404119
1.86804
1.39892
0.302867
-1.74586
0.0182572
-0.911378
-0.0969448
-0.0913781
-0.647888
0.917131
1.12307
-0.0562441
0.191812
-0.213432
0.0230504
0.171411
1.1795
-0.279159
-0.166399
-0.133495
0.106159
-0.00766665
0.157916
0.64302
0.681169
0.74178
0.237113
-0.0314442
0.0652499
1.02595
-0.122623
-1.54952
-0.159538
1.46451
-1.73604
-0.276542
-0.137815
0.648929
0.0464355
-0.091353
0.0859515
-0.165244
-0.322964
-1.72153
-0.144314
-0.629953
-0.012117
0.30646
0.184317
0.0584567
0.330287
0.00719308
-0.570543
1.01886
1.05661
-0.772648
-0.0470747
-0.185779
0.242431
0.157442
0.126882
-0.00770231
-0.132496
-0.129436
0.0384902
-1.69631
-0.180376
-0.134203
-0.227137
1.74985
1.89075
-0.137435
0.135596
-0.0450841
0.221602
-0.51524
-0.276862
0.239155
0.334564
0.0279546
0.299652
-0.29642
0.210484
0.134985
-0.434344
-0.0313554
1.99565
0.0451396
-0.0816047
1.08622
-0.169398
-0.508395
0.283549
0.024827
0.657176
-0.267072
-0.00361061
0.199172
-0.157763
-0.0892496
-0.139642
0.712236
1.63041
0.188043
-1.92604
0.626679
-1.81188
-0.731645
0.0495565
0.0954275
0.162799
-1.64391
-0.178799
-0.0181682
-1.05515
-0.187547
-0.0551914
-0.5162
-0.195434
0.289624
-0.400799
0.172178
-1.95882
-0.157816
-0.278503
-0.244711
-1.43974
-0.0428667
-1.74769
1.4128
0.257003
0.106543
0.356012
1.4444
0.231883
-0.283389
-0.28274
0.665174
-1.83156
0.100178
0.231137
-1.89519
1.70229
0.0999897
0.199631
-0.171167
-0.173665
-1.93086
0.322854
0.587821
-1.88732
-0.151646
0.591727
-0.0770724
0.0789337
1.74349
1.86472
0.846771
0.323967
-0.230968
-0.454034
0.0691016
-0.0446508
-0.24165
0.280997
0.0499315
1.14419
-0.239309
-0.0205388
0.320461
1.7988
-0.0851091
0.395604
-0.138822
0.495255
-0.399032
0.389992
-0.118509
-1.96743
0.073544
0.27501
1.6963
-1.00657
0.232264
-0.174131
0.248462
0.943624
0.0575273
-0.0254463
1.98268
-1.46353
-0.0751024
-0.0782891
1.31287
0.951548
-0.30663
-0.620742
-0.127286
-0.0776954
-1.26356
-0.140774
-1.99869
-0.689056
-0.643658
-1.95638
-0.0834838
0.114123
0.396362
0.544055
-1.25863
-1.94658
0.344346
-0.322755
-1.87153
0.175657
0.154855
-0.365746
-0.0963835
-0.0163927
-0.225504
0.104436
0.122246
-0.151844
0.228469
-0.26444
-0.0748626
-0.0925042
0.000680155
0.496962
1.35612
-0.00644602
1.47451
-0.132743
-0.0887355
-0.12701
0.0913388
0.0438807
-0.0832597
0.0541508
-0.043133
1.85077
1.60772
0.122163
0.0475898
-1.38508
0.203312
-0.0965941
1.10338
-0.425067
0.00524474
-0.933624
1.84651
0.78793
0.866937
0.12621
0.149745
0.281911
0.361465
-1.02095
0.0385636
0.0559234
-0.420354
-0.268963
-0.0113108
-0.0720158
1.16238
-0.28571
0.353399
1.64665
-0.0960668
0.107837
1.68075
0.327829
-0.346469
-0.186682
-0.572748
0.194804
-0.183733
1.09453
-0.0363094
-0.172949
-0.595821
0.186546
-0.237315
-0.0148926
0.261342
-0.331237
1.04443
0.439596
0.121934
-1.36157
-0.0507038
-0.106115
-0.123398
-0.111201
0.0828159
0.00760459
0.0179221
0.171086
0.0861586
-0.00464901
-0.219269
1.36484
1.22436
-0.138851
0.259605
-0.638349
-0.637546
1.66587
0.219027
0.917701
0.0419
0.954315
1.31941
1.87036
0.167506
0.327868
-0.177275
0.0524186
0.00826357
0.956427
1.33441
-0.10193
-0.108186
0.0544261
0.0311902
-0.0500104
0.0113146
-1.19012
0.0896638
0.137421
1.97484
0.0113592
-0.0157865
0.0714635
-0.0304243
0.310808
-0.00949542
0.377594
0.0931066
-0.225098
0.743556
-0.263192
-1.04401
-0.191597
0.890704
0.155236
1.42523
-0.188233
0.127701
-1.65105
0.427923
-0.795872
-1.0203
0.11502
-0.110278
-0.0110146
-0.636706
0.0726573
-0.847047
-1.79646
-0.152357
0.466903
1.08413
-0.0183335
-0.182898
0.178584
0.317422
-0.233138
0.278909
0.827347
-0.0666036
0.0318978
0.0263336
-0.239631
-0.44542
-0.229533
0.00628142
-0.166796
0.0849106
1.68025
0.330618
0.113341
-1.28172
0.152565
-0.177644
0.574246
-0.153587
0.0466531
0.224456
0.0657346
-0.736617
0.00577825
0.916118
-0.0542033
0.0194404
-0.528771
0.00566281
-1.00809
-0.0154998
-1.38046
-1.65596
0.392721
-1.30379
-0.0683765
0.24389
0.17512
-1.93136
0.522263
0.0481747
1.67951
-0.0988405
-1.53875
-0.0802498
0.546433
-0.283213
0.159915
0.107892
0.220577
-0.363291
-0.0312691
-0.0605621
0.0454103
-0.4558
0.0938183
-1.36133
1.77153
-0.110214
0.0412061
1.54157
-0.389701
-0.301759
-0.413494
-0.117052
-0.094346
0.626672
0.317813
0.0526681
-1.79805
0.238915
-0.14981
-0.894927
-0.309921
0.0993797
0.0881637
0.531781
-1.75945
0.0285144
1.90355
1.78547
-1.78785
0.374825
0.294945
-0.0665017
-0.1884
1.82634
1.10469
-0.22153
0.0588315
0.17905
-0.171612
-0.353056
1.9059
-0.0171413
-0.185912
-0.546674
-0.00162544
-0.0377362
0.108351
-0.212344
1.88186
0.79189
0.329412
1.95347
0.344476
-1.18775
-0.404604
-0.099567
0.418796
1.70532
0.107811
0.169453
0.0946048
1.83938
0.0692035
0.967516
1.27824
-0.263611
0.717279
-0.156593
0.00330109
0.179162
-0.07816
-0.0746487
-0.145377
-0.201021
-0.00749914
-0.168666
0.0343039
-0.294818
-0.282537
0.372967
-1.08579
0.299882
-1.7604
0.0264264
0.717597
-0.0501028
0.281106
-1.26842
0.0658033
0.230768
0.666539
-0.747925
1.36322
-0.40142
0.186597
0.0891674
-0.145281
0.0963495
0.320339
0.0469824
0.174499
0.21315
-0.211222
-0.212082
-0.142148
-0.134256
1.31031
0.242883
-0.0280955
1.13118
-0.0818812
0.0210747
-1.7677
1.78962
1.01217
0.156335
-0.130976
-0.11192
-0.154315
-0.0343994
-0.168364
-0.231063
-0.530776
0.11738
1.04186
-0.808372
-0.155574
-0.297088
-0.0566416
0.275275
-0.855491
1.61956
-0.497905
-1.26738
0.0482586
0.399644
1.10636
0.230296
0.656202
-0.217344
-1.66838
0.00885481
1.24873
0.0610177
0.125296
0.108296
0.304516
0.00362948
0.0953569
0.362122
0.19788
0.860253
0.129648
-0.743684
0.227146
0.190846
0.064482
0.190536
0.0954777
-0.0810793
0.116021
0.150439
-1.74898
1.16399
0.168924
-0.366955
1.6947
0.165247
-1.8458
1.81731
0.176734
0.0279262
0.910865
-0.0754644
-1.61575
0.144559
-0.0385415
0.0566631
-1.97926
0.292818
-0.0193957
-0.00138216
-0.0942976
-1.63039
-0.0932338
1.48388
0.197352
0.123943
-0.384974
1.01325
1.38756
1.40217
-0.212573
-0.120553
-0.141778
-1.14402
-0.145668
-0.451258
0.193537
1.34532
0.0783351
1.91428
1.97024
-1.6408
-0.556301
-0.0490838
-0.101053
1.56113
0.505557
0.00169833
-1.2076
0.189122
0.0621632
0.0127858
-0.115781
-1.83741
-0.507702
-0.542948
0.0447493
0.580656
0.154331
-0.0248356
-0.4406
-0.177699
-0.309011
0.159016
0.0486271
-0.204383
-0.175248
-0.0111147
-0.113874
0.837871
-0.121318
-1.09109
-1.99056
-0.690908
0.141096
0.235264
-0.0371478
0.136643
0.0497683
1.92683
-0.122946
0.0089766
-0.103441
0.0140539
-0.0549956
1.65454
-0.151462
-0.0851173
1.59275
-1.0303
0.0422302
1.2869
0.0796635
0.00721456
-0.0864883
-0.0944637
-0.324595
0.0595118
0.0602994
-0.0914426
0.0505858
-0.255626
-0.156626
-0.287917
0.140932
-0.475634
0.0245658
-0.323758
0.69652
-0.553341
-1.72667
-0.0901611
-1.89255
0.78592
1.90588
-0.662873
-0.37086
0.112597
0.401933
-0.274514
-0.236885
1.7377
-0.0975818
0.0425966
-0.0129417
0.213873
1.39095
1.32722
1.63
-0.188829
-0.289711
-0.0668692
-0.00917937
-0.0811173
0.176283
0.0288411
0.87295
-0.103765
-0.249778
1.3952
-0.33435
-0.210112
-0.0447491
1.51097
-0.208861
-0.34183
-1.32868
0.168774
0.0418561
-1.78307
-1.03397
-0.107051
-0.164386
-1.26839
1.80438
1.20389
-0.163355
0.0602683
-1.72598
0.12864
1.96852
-0.442102
0.0208371
-1.69029
-1.85907
1.90294
-0.0933623
-0.0644313
0.291099
-0.467156
1.40593
0.0595802
0.819264
0.0488542
-0.071482
-0.0352945
-1.1448
-0.160633
0.215668
0.00123533
-0.0850157
0.0563589
-0.0109718
1.84014
0.615835
-0.340584
-0.307446
1.05273
0.0165154
-1.0948
0.158279
-0.205201
-1.15682
0.00834023
1.21033
0.109685
1.0514
0.209778
1.6851
-1.87378
1.5828
-0.464702
0.247142
0.497382
0.188171
-0.152651
0.0113258
-1.40242
-0.534694
-0.162449
1.28038
0.544873
1.80227
1.18152
-0.413494
-0.968333
0.0323266
-0.194902
1.10168
-0.0340686
0.335859
-1.64771
-0.25184
0.957964
0.209397
-0.07004
0.258797
-1.71492
0.0874255
-0.0988344
0.436969
-1.27927
1.0025
0.526588
-0.099868
0.520883
0.95776
-1.1244
0.0988501
1.23345
0.149768
1.9015
1.64091
0.0339961
0.331196
0.290971
-0.0996792
-0.0757769
-0.632479
0.34913
-0.660898
-0.767152
0.201567
-0.308182
1.97658
1.78644
1.67931
0.0885011
-1.30348
0.259501
-0.124687
-0.104772
-0.0440229
1.8773
-0.341884
0.186977
-0.873035
-0.174104
0.0546579
-0.15533
-0.238034
-0.270824
0.0645561
0.194095
1.64907
-0.311089
0.351117
-1.30528
0.220755
-0.0792504
-0.154473
-1.63162
0.229386
-0.010175
-0.0890958
-1.60391
0.192271
-0.0972671
-0.0786777
-0.0897415
1.89684
-0.299091
-1.32964
-0.0161223
0.0211753
-0.00217807
-1.37478
0.145408
-0.439074
-1.71545
-0.282959
-1.49049
0.124466
-0.0297399
-0.0184247
0.0323048
1.14227
0.106246
-0.0471971
0.18869
0.149971
-1.10822
0.141793
1.54503
-1.13563
1.64367
0.700206
-0.00961769
-0.161118
0.153402
0.0866202
-0.132786
0.831057
-0.219511
0.354305
-1.5284
0.277554
1.11169
0.213061
-0.214223
-0.210552
1.28268
-1.19044
-1.83033
0.0136734
-1.89969
-0.118655
0.62864
0.169157
0.127932
-1.34377
-0.0443694
-0.0122641
-0.224579
-0.181948
-0.0695013
0.540804
-1.62794
0.0600713
-0.280601
-1.24062
1.71185
0.942615
0.339878
-0.0173161
-0.693495
-0.392102
-0.842724
1.25769
-0.718503
1.76646
1.90228
1.13164
-0.0821509
-0.578664
-0.410845
-0.27103
0.0217051
0.076903
-0.250581
1.51332
0.197946
1.48147
0.718087
0.146317
0.124079
0.182174
-0.131868
-0.298717
1.55056
-0.0683687
0.184034
-0.109427
-1.31574
0.233194
-1.45547
0.81072
-0.00611845
-0.102948
-0.137722
0.155141
0.547818
0.00791542
-0.177076
-0.196845
-1.99223
-0.14345
-1.10051
1.52117
-1.29508
0.0188266
0.260143
-0.179233
-1.54409
0.0418046
-0.233525
0.0351236
-0.550502
-0.810277
-0.0784263
0.106289
-0.117729
-0.00150911
-0.17803
1.17846
-1.11497
-1.84038
-0.230968
-0.0863139
-0.0612322
-0.00257555
-0.0998507
0.0546294
0.149976
0.525879
0.166661
-1.65271
0.00690426
-0.212283
0.167796
0.0738925
0.200398
-0.141782
-0.0866833
-0.173362
0.708604
0.186856
-1.73985
-0.0121509
1.04803
-0.119508
-0.012586
0.0105894
-0.514975
1.94777
1.98457
1.36673
-0.276493
0.29876
0.113204
0.0970233
-0.0462652
0.930785
-0.017921
-0.0639108
-0.157493
0.218823
0.825324
-0.394705
-0.150525
-0.105581
-1.29417
0.434876
1.94151
-0.110179
0.904527
1.25184
0.0471786
0.78701
-0.0399774
-0.107549
-1.38589
0.0241063
-0.0122939
-0.0871213
-0.0117699
-0.110279
-0.126512
0.076011
0.848168
1.38562
1.96136
0.104737
-1.19086
-1.94106
-0.316469
-0.0538996
-0.50709
0.281707
0.0917463
-0.0689891
-1.07479
-1.04445
0.313903
-0.0130454
-0.0443838
0.960498
-0.346571
0.43223
-0.033297
-1.77708
1.98407
1.93566
-1.60433
0.714779
-0.10077
-1.31539
0.205417
-0.0152324
0.461194
-0.153208
-0.997555
0.320011
-0.0956989
0.238064
-0.0394327
-0.0205934
-1.09993
-1.36956
0.260102
-0.856097
0.114884
-0.0934866
-0.0342017
1.85953
-0.194501
-0.347986
0.238997
0.0841406
0.157286
0.156179
-0.247965
1.75148
-0.0547238
-0.131372
0.0608803
0.210181
0.650467
1.35974
0.1464
0.437717
-0.0631364
-1.32806
-0.15771
-0.186368
-0.114892
-0.601283
0.185498
-0.250086
-0.0698867
-1.22056
-0.234826
0.139216
-0.217088
-0.0480623
-1.78871
1.52272
-0.347483
-0.283003
1.12694
-1.82913
-0.125138
0.263132
-1.85089
-0.10836
-0.0246532
-0.0218376
-1.0051
-1.32777
0.0192467
0.560529
0.431308
0.0978871
-0.00555641
-0.263316
-0.0433348
0.285097
0.00975829
-0.133369
-0.190066
0.622349
-0.524815
-0.422638
-0.172809
0.790799
0.0705409
-1.9279
-0.0566344
0.228085
-0.867258
1.9248
0.218385
-0.0117345
0.883508
-0.0821336
0.555559
-0.268965
0.422465
-1.20548
0.191337
-0.0331917
-0.588089
-0.0297795
0.277808
-0.144756
-0.0948788
0.0329434
-0.130024
-0.0366126
0.11224
-0.183739
-0.0385069
-0.25312
-0.0677733
0.0409515
-1.32417
-1.68787
-0.185611
0.517691
1.24949
-0.152968
-1.16297
0.574521
-1.66652
-0.409375
0.233535
-0.118251
-0.28151
-0.274167
0.214244
-1.8272
-0.102107
-0.0424062
0.23362
1.092
1.74526
0.134009
0.18421
0.166846
1.75071
-0.345923
-1.52461
0.269176
0.141441
1.34254
0.870811
0.0420171
-0.363235
-1.17737
-0.243982
-0.0573793
0.145894
0.366335
-1.87917
0.24088
0.00671559
1.27372
0.0129283
0.177286
-0.96517
0.168188
0.470232
-1.9217
0.64504
0.641495
0.0845179
0.359441
0.169844
0.835299
-0.0840936
-0.0591427
-0.198386
0.942454
-0.498712
1.34769
-0.0980646
1.19442
-0.0328133
0.373792
0.0883906
0.0091972
-0.323988
0.0214931
0.573326
1.1021
-0.268812
-0.0300371
-0.206016
0.0298375
0.533254
-0.194582
-1.62566
-0.00711387
0.163258
0.175403
-0.220481
-0.00807682
1.44086
-1.51156
-0.0870523
-0.0390721
-0.0210351
0.391834
-0.567801
0.424268
0.0877264
0.271698
1.26871
-1.44668
0.0196707
0.042947
-0.229959
-0.162422
-0.103811
-1.64124
-1.13287
1.81889
-1.32386
-0.371036
0.0462602
-0.416309
1.21596
0.0732772
0.0254843
0.152063
0.278896
0.945849
0.0136257
0.499804
-1.89638
0.362995
0.080675
0.9865
0.0585456
0.0917006
0.191896
-0.088688
1.76096
0.175473
-0.248953
-0.365877
-0.011976
0.651416
1.95789
1.20914
0.418132
0.362762
-0.0306862
0.0174947
-1.70092
0.0211701
-0.558204
-1.14888
0.0393193
-1.87898
0.758917
1.30205
0.331995
1.0349
0.117356
0.508307
0.0521651
-1.54432
-0.095829
-0.0726109
0.120741
0.0389029
-0.116336
0.171899
-0.182922
0.270731
-0.00422675
0.0340181
-0.211768
-0.940045
-0.0809815
-0.152028
-0.0294022
0.108652
0.207685
-0.136909
-0.0415908
-0.319026
1.68329
0.126555
-0.0561363
0.010443
1.09693
0.232387
-0.0822534
-0.00820463
-0.0549938
-0.113814
-0.781125
0.0906332
-1.91616
1.22481
-0.22175
-0.0576218
-0.0578944
0.172629
-0.0214341
1.52198
-0.238856
-0.0292985
-0.185661
-0.289943
