0.00656308
0.120296
-0.200109
-0.105678
0.0762519
-0.0855325
0.753203
-0.00899137
-0.0446286
-0.231452
1.19115
-0.376878
0.0269993
0.0419223
-0.00340547
-1.17517
0.00693619
-0.162317
-0.0260347
0.101407
1.48782
-0.216693
-1.33646
0.144495
0.124357
0.141103
-0.0664123
-0.0429659
0.10813
-0.0762219
-0.0154383
0.226214
-0.118112
-0.250879
-1.13992
0.244198
0.100593
-0.28727
0.190766
-0.0255666
0.220855
-0.0493421
-0.0730191
0.170085
-1.18468
0.109971
0.0547941
1.48904
-0.904012
-0.139906
-0.319964
-0.116863
-0.0325673
-0.130046
0.610649
1.56479
0.135627
-0.112299
1.22346
-0.162781
0.958884
-0.169673
1.27664
0.15235
0.272884
-0.283941
-0.301331
0.469559
0.172837
0.205233
-0.451571
0.116945
1.53865
-0.0334307
-1.2022
-0.0944907
-0.1582
0.540037
-0.0339354
-0.046575
-0.00936719
-0.518333
0.00588628
0.0722324
-0.0857482
-0.171829
0.228158
-1.81318
1.76673
1.60234
0.297756
-0.052698
-0.923703
0.441623
-0.774164
0.0651042
-0.393468
0.151488
-1.92588
0.0534088
-1.52696
0.105836
-1.47776
-1.77495
1.1974
0.819099
0.320237
-0.406123
-0.361192
-0.442124
-0.0688312
0.940012
-0.0889475
-0.187299
-0.299458
0.127067
0.0491293
-0.240759
1.96866
-1.92168
-0.441685
-1.39182
0.280727
0.0838509
-0.12682
0.313234
-1.88863
-0.36047
-0.00818324
-0.844078
-1.15862
-1.00534
-0.1764
-0.292709
0.334911
-0.153304
0.864055
-0.225527
0.0136615
1.05569
-1.22471
-0.068056
-0.0936357
0.0816339
-0.163482
-0.0513939
0.204657
-0.121962
0.183461
-0.776164
0.0640443
0.0634277
-0.330559
-0.163134
-0.221814
-0.20645
-1.87656
-0.110708
0.0273891
-0.642801
-0.199186
0.487102
-0.614652
1.6977
-1.53898
-1.70286
-0.196152
1.00901
0.0441021
0.976912
0.138388
1.14095
-0.372416
0.94834
0.0551941
-1.02589
1.97676
1.74876
-0.172689
0.000126837
0.0192014
-0.236296
-0.957311
-1.93687
0.161712
-1.46855
-0.0377023
0.036395
-0.0177547
-0.949988
-0.160381
-0.284853
-1.74998
-1.08324
0.824343
0.148418
0.310538
0.376669
0.0814881
-0.221801
0.0799059
-0.0060502
-0.181593
-0.108765
-0.116918
0.526937
0.0995635
1.62608
-1.53262
-0.0389359
-0.0464818
0.034286
-0.0351596
0.108932
0.0344266
-1.22059
-0.0480531
0.240178
-0.633613
0.0241219
-0.0986977
-0.046955
0.262324
-0.0434645
0.0863137
0.509102
0.00547069
-0.160502
0.456913
0.0454816
-0.0505319
-1.57418
0.34995
0.0317216
0.165708
-1.46165
0.0995887
-0.254555
1.55582
-0.0136913
-0.177202
-0.358072
0.327818
0.135197
0.486612
0.134165
-0.294512
0.287272
1.77445
-0.121967
-0.286373
0.127393
0.277139
0.0533717
0.702859
-0.215652
-0.00242966
-1.02033
-0.013031
1.07033
0.0221206
1.70777
0.112274
0.125269
-0.170066
-0.154818
0.120951
0.150019
-0.110146
-1.0102
0.0100143
0.341721
-0.00658819
0.132367
0.166044
-0.0923105
-1.19605
0.0114085
1.51751
0.00899011
0.0319467
0.0288482
0.705682
0.141337
-1.51619
0.662349
-1.95763
-1.77762
-0.922744
-0.241937
-1.64248
1.90105
-0.245985
-0.266515
0.0259227
1.74378
0.0340893
-1.28298
1.63834
-0.275299
0.17618
-1.60184
1.11105
-1.86119
-1.0486
0.0513865
-0.736756
-1.85136
-1.52396
-0.15631
-1.34723
0.269057
1.77085
-0.0785889
0.093288
0.0408245
-0.320408
-0.790946
-0.401664
0.245887
-1.63135
0.0472337
1.35527
0.116154
-0.184145
-0.133102
0.767978
0.160319
-0.0199397
0.0155176
-0.234557
1.74919
0.12056
-0.244099
0.0980734
-0.00796212
0.949269
-0.0406613
0.131679
-0.207331
-0.151625
-1.53819
0.0656598
-0.0316061
1.05378
0.179727
0.388677
0.161965
1.36328
-0.0269131
0.00956611
-1.83
0.261975
0.190962
0.0300221
0.0457507
0.0639832
0.0266051
0.387454
1.46435
1.61196
-0.130382
0.00168023
0.0137746
-1.2135
0.959249
0.653819
1.9111
-0.668609
1.29563
-0.577006
-0.125885
-0.0753055
0.0571045
0.686538
-0.264566
-0.124483
0.0906109
0.430509
1.36195
-0.703778
0.0284507
-0.326781
0.0203314
-1.23734
0.0818158
-1.32674
1.7199
0.140144
-0.230806
0.296137
-0.192012
-0.0676907
1.92483
-0.0647761
0.0943258
0.00129486
0.206251
-0.0838928
1.48731
0.58344
-0.255044
-0.183447
-1.03681
0.516296
-0.0223254
0.395667
0.311221
0.0242681
-0.0771573
-0.0696836
0.320549
-0.0418715
-0.104891
-0.150638
0.0264909
-0.275028
0.177502
0.130509
0.53194
0.146155
0.111802
-0.371352
0.0230533
0.250169
0.0872986
0.249273
-0.2323
0.0825355
-0.174412
0.166537
-0.367903
0.156251
0.199159
-0.15046
-0.0848339
0.0666858
0.00734787
-0.706034
0.255234
-0.132976
-1.1109
0.168395
-0.832596
-1.25133
-0.180521
0.69435
-0.0538453
-0.00381411
1.0143
-0.565701
-0.161776
-0.0252491
0.0848321
-1.53096
-0.209728
1.27919
0.0607812
-1.99815
0.702678
0.248864
0.291146
-0.000514598
0.824198
1.02594
0.0865055
0.701067
1.55301
-0.229263
1.48412
-0.186074
0.283152
1.31611
-0.237567
-0.473791
-0.0547421
0.0581621
0.480193
-0.148586
0.0794925
-1.24735
0.248936
-0.0884423
-0.201373
0.0431587
-0.00307879
-0.821677
0.550069
0.0637152
-1.6051
-0.892654
0.345413
0.04482
-1.59347
0.0528421
-0.0177799
-0.0270254
-1.68544
0.358737
1.20283
0.171684
-1.26359
0.402236
-0.392874
-0.219959
-0.623647
0.982736
-0.30224
-0.105241
-1.61263
-0.164955
0.0724234
0.245875
0.090874
-0.374631
0.376462
-1.69127
1.91818
0.0565054
0.0306156
0.111719
0.20077
-1.54712
-0.82929
-0.0749082
-0.208377
0.230389
-0.266867
0.0234002
1.15968
-0.827564
1.71742
1.8021
0.0341597
-1.36844
-0.0983338
0.27794
-0.0431228
1.16981
0.158515
-0.0884886
1.75869
-0.0131247
-0.0608595
0.161959
-1.99156
0.8461
-0.732849
0.0539108
-1.27351
0.0489902
-0.133597
-0.0976982
0.560098
0.618273
-1.2211
0.610627
-0.208769
1.13863
-0.0581004
-1.62557
0.437091
0.163189
-0.0482523
-0.0423238
-0.783902
-0.0474992
0.491752
-0.689627
-0.109847
0.229262
1.35574
1.49424
0.100512
-0.336874
0.0410084
0.030438
-0.128832
-0.833338
-0.00920699
0.1382
0.0518616
1.27217
0.0710778
0.129779
-0.124906
0.401068
1.06982
-1.87205
0.0108402
1.12922
0.826927
-0.258662
0.107193
0.0343082
0.988558
-0.94221
1.62795
-0.0441603
0.22893
-0.482527
-0.1293
1.70772
0.253869
-0.220984
-0.143728
0.0487715
0.634034
-1.05626
1.42194
1.49558
0.314616
0.175965
-0.886137
0.294911
1.57472
0.408176
0.0819158
0.591974
1.54076
-0.0818748
1.68584
-0.530625
0.0408397
-1.36028
-0.101713
-0.052728
-0.161641
0.0947763
1.19157
-0.0353713
0.0826705
0.135964
0.20518
0.41155
-0.757832
0.362612
-0.0909716
0.490933
-0.0460055
-0.831542
-0.0281554
-0.0827299
1.182
-0.293725
0.513233
0.103237
-0.111042
0.0742727
0.0638724
0.0111782
0.130084
-1.10366
-0.719725
-0.113892
1.88316
0.0832447
0.461729
0.0931572
-0.107972
0.277223
-0.682697
-0.0854004
-0.198792
0.181816
-0.125205
0.442306
-0.0740224
-0.76557
-0.0355482
0.416294
0.255545
0.177242
-0.591872
-1.85086
-0.167529
-0.0436882
0.581588
1.86265
0.233368
0.0532815
-0.116861
0.280041
-0.0497205
-1.72549
-0.096288
-0.235301
0.0893335
0.0841998
0.21196
-0.00121439
-0.0715305
-1.84582
-0.0872226
-0.118249
-0.262877
-1.22614
-0.323476
-0.106811
0.107301
1.37381
-0.197108
-0.715735
-0.147043
-0.124087
-1.8565
-0.992841
-0.164528
0.0942281
0.0860757
0.0287741
-0.00346744
-0.801054
-1.39278
-1.70695
-0.498565
0.443309
0.224093
0.105419
-0.0748934
0.0775601
-0.100216
-0.289712
-1.19956
1.9071
-0.0546708
1.65591
-1.55445
-0.0615744
0.23223
0.122657
-0.0249697
-1.35406
0.0704772
1.47381
0.16927
-1.2705
-0.167058
0.239609
-0.00172463
1.28165
-0.739411
0.896738
-1.7477
0.186042
-1.30845
0.173979
-0.000266961
0.152814
0.0852118
-0.120022
0.0493763
-0.161407
-0.300384
0.730945
-0.591874
-0.0149545
0.0784895
-1.96818
0.201398
-1.64385
0.232915
0.260338
-0.0966285
-0.0681636
-1.01573
-0.214916
0.917528
-1.87826
-0.228898
0.833255
-0.192714
-0.838869
-1.05581
0.198563
1.46082
-0.183996
0.295588
-0.211587
0.0906215
-0.0963813
-0.21732
-1.56988
-0.0777383
-0.112397
-1.04614
0.331639
-1.56864
-0.706897
0.198474
-1.55923
-0.174405
0.354212
-0.106435
0.304913
-0.158766
-0.0622963
-0.0954912
0.215929
0.0416169
0.23904
-0.198401
0.677776
-0.335437
-0.195256
0.14542
0.0327876
0.0942205
0.328892
-1.00821
0.176263
-0.263945
-0.080586
-0.0623173
-0.107174
1.19578
0.85974
1.83734
-0.229108
0.210283
0.401623
1.58238
0.031624
-0.317326
0.566901
-1.40506
-0.604457
1.08335
0.846059
-0.0740057
-0.298785
-1.95481
0.847976
1.33221
-0.554778
-0.229005
0.29518
1.54882
-0.0392515
0.0628838
1.03276
-1.32373
0.0873845
-0.0960502
-0.06328
0.052307
0.93126
-0.815707
-0.131709
-0.157391
0.127
0.145019
0.632107
-0.127099
0.341489
0.336468
-0.053246
-0.351175
-0.0540382
-0.0555401
1.37008
-0.0508325
-0.0336844
-0.176985
0.000250143
-1.817
-0.00902141
0.0334274
0.0566302
-1.02838
-0.171871
1.57285
-0.945794
-0.0256976
0.232612
0.00567758
0.134611
-1.31948
0.389287
-0.158328
0.0436415
-0.0459429
0.108337
-0.2438
-1.56959
-0.387048
0.0322025
0.0953681
0.140819
1.6756
-0.0331857
-0.0452701
-0.15569
0.266047
-0.329136
0.185829
0.129984
0.212514
-0.126613
0.0687411
0.229365
0.270998
-0.530839
-0.318924
-0.506146
0.671662
1.85521
-0.142714
0.198257
-0.752914
1.86922
1.54254
0.416944
-0.11854
0.0417811
-0.251019
-0.0872631
0.242103
0.237654
-0.00260405
0.283665
1.59058
-1.98863
0.072395
0.144664
-0.659859
0.0797741
-0.739105
1.41455
-1.12395
-0.134794
-0.0771874
-0.00940649
-0.0351217
0.103786
0.0150539
-0.135285
0.137579
0.0764565
0.196684
-0.0586787
0.11323
-0.684936
1.37678
-0.138635
1.15354
-1.04871
0.21549
-0.455469
-0.784258
0.0913567
0.0160998
-0.215486
0.124107
0.0911849
0.072241
0.919193
0.155325
-0.5443
1.39194
0.121917
-1.7892
0.280935
0.373657
0.153933
-0.320602
0.0418449
-1.57185
-0.126361
-0.125878
1.22407
0.821686
-0.850139
-0.272062
-0.186444
0.262867
0.00288898
0.0915414
-0.0780166
0.0169889
0.0620215
-1.56581
-0.0165434
-0.189876
-1.84812
-0.132244
0.257835
0.983483
0.196552
-0.711199
-0.203831
1.62379
0.0203166
0.0159611
0.107757
0.0426316
-0.0436927
-1.68608
-0.356103
-1.87793
-1.94852
0.113378
-0.207334
-0.308113
-0.0182661
0.835149
-0.0340895
1.51525
1.6365
-1.74066
0.685076
1.39507
-0.0140203
-0.0213137
-0.148863
1.10792
-0.0972413
-1.80432
-0.165646
0.373577
1.63136
-1.88712
0.0201256
-1.38703
-0.237467
0.249008
-0.054569
0.00901791
-0.355662
1.91087
-1.46372
0.111587
0.326422
0.174344
1.80683
0.312236
0.148953
-0.176768
-1.25268
1.82609
0.163337
-0.0749941
0.343637
0.363216
0.128559
0.0918643
-0.51143
1.47622
0.208144
0.105996
0.0266706
0.0650983
-0.00165679
-0.235954
-0.0519464
-0.104658
-0.0136951
-0.0442641
0.0468088
0.278182
-1.83417
-0.0369921
0.159219
-0.825364
-0.201375
-0.23707
-1.518
1.7158
-0.00675864
-0.0739026
-0.0501713
-0.473621
-0.196668
-0.332599
-0.292199
0.125519
-0.945035
1.26097
-0.0176213
-0.00691988
0.037176
0.493729
0.854616
0.073134
-0.0761463
-1.3709
0.00949668
1.60008
-0.391898
0.0848694
0.157173
0.217597
-1.56765
1.3605
-0.508927
0.614094
-0.158166
0.11781
0.0103415
1.20237
0.373867
0.262151
0.144991
-0.116316
1.92057
0.26791
-1.12525
0.310604
0.079751
-0.129896
-0.602548
-0.45674
0.0269161
0.00303982
1.55454
0.0396877
0.00706577
1.19136
-1.64935
0.257272
-0.0195501
-0.194611
-0.0599532
-0.0891019
-0.692986
0.0584613
-0.854375
-0.0129433
0.221442
0.169625
0.870863
-0.25569
-0.235573
0.331704
-0.436625
1.66498
0.933379
0.166182
0.905679
0.145232
0.218978
0.302364
-0.168235
0.102917
0.276019
-0.374237
-1.16788
-0.0219768
-1.58846
1.51101
0.160386
-1.82658
0.0149975
-0.0329397
0.25425
1.01786
-0.149382
-0.0582146
0.142914
0.276021
-0.874352
0.0567165
-0.061267
0.868747
-0.202261
-1.12821
0.144809
0.00965028
0.0422905
-0.32665
-0.0853708
-1.12092
-0.0328854
0.116869
0.239694
0.118013
0.128005
1.80841
0.284877
0.11601
0.0633799
-1.77013
-0.401679
0.0892559
-0.164119
0.319992
-0.0845893
-0.0655284
-0.0499598
-0.363985
0.312127
0.02575
0.183396
1.82958
-1.8603
-0.161955
-0.0721911
0.136186
-0.0584807
-0.0560753
0.230805
-0.0476372
0.0319789
0.0297035
0.193629
0.0634638
1.85647
-0.0294011
-1.36573
-1.12507
1.87089
-0.423553
0.145542
0.178684
0.780249
-0.143465
0.18247
-0.230015
-1.65247
-1.02182
0.00805773
0.45954
0.23006
0.85606
0.000984329
-0.611785
0.225175
-0.184247
-0.0324497
-1.20531
0.0897115
1.65499
-0.0450269
-1.15451
0.449714
-0.0301552
0.0145307
0.0468079
-1.5066
-1.78538
0.167738
1.2445
-0.20507
0.313767
-0.690644
-0.514597
0.131279
1.5056
0.166448
0.604687
-0.0756242
0.236205
-0.0733064
1.21459
-0.233
0.898408
1.5418
0.143708
0.965696
1.87675
-0.215302
-0.0168154
0.21757
-0.711603
0.59154
-1.95208
0.861763
-0.223968
-0.216669
-0.209092
0.271639
0.0319738
0.906635
0.391822
-0.914938
0.0228232
-0.0117386
0.285079
1.11231
-0.612893
-0.00529425
-0.0464757
-0.280456
-0.112336
-1.47258
-1.37549
-0.0924494
-1.98981
-0.308002
0.109556
1.81928
-0.517979
-0.0532734
-0.58941
1.51493
0.401804
-0.17201
0.205522
-1.92247
0.124167
-0.0100071
-0.0607969
-0.0622084
-0.169321
-0.203536
-0.142621
-0.0511841
-0.215249
0.134303
-0.00225778
0.144652
0.729615
-0.234521
0.263535
0.92755
0.0731442
-0.149114
-0.890062
-1.97366
-0.117074
0.153723
-0.0135821
0.116605
0.140673
0.120527
0.945624
-0.00880472
-0.250322
-0.108496
-0.00981468
0.146281
0.0256922
-0.109822
-0.213425
0.622214
0.0454055
1.04114
0.175861
-0.0865345
-0.0690751
-0.20246
0.138565
-0.101913
0.00107144
-0.0254361
-0.16039
-0.0984827
-0.068755
0.388492
1.28006
-0.029092
1.07117
1.38155
1.79765
-0.947273
1.21202
0.687696
0.966909
0.84512
-0.047791
1.61699
0.246197
0.120097
-1.70202
-0.0954943
-0.241482
-0.6247
0.00189817
1.41583
1.5317
-0.268619
-1.13619
1.05131
-1.45205
0.193468
0.121532
0.0252636
1.71618
-0.0530092
-0.192661
0.213953
0.53093
0.159229
-0.0573447
0.0678103
0.0869347
0.62767
0.437686
-0.350137
-0.14863
0.231686
-1.54665
0.0172916
0.34959
1.55667
-0.0491962
1.97637
0.403844
-0.0536222
-0.636152
-1.74804
-0.0417528
0.00883297
1.31952
1.96541
-1.78341
0.0293676
1.8689
0.0159528
-0.0667162
-0.160226
-1.1813
0.0175429
0.00350862
0.334187
0.654765
0.0560155
-0.0149135
-1.27479
-0.16671
-0.0393618
1.62808
-1.35724
0.173683
-0.843759
1.65951
0.524161
0.0623672
-0.0424506
0.0148486
0.0866853
0.0731173
0.236981
-0.047038
0.00748265
-0.0762295
0.274223
1.15588
1.86592
0.0496546
0.101496
0.210283
1.5259
-0.274003
-0.0877977
-1.27028
-0.271234
0.0112291
-0.0753128
-0.258064
-0.162025
-0.109414
0.159933
0.0323531
1.9341
0.0937027
0.0684829
0.453015
0.455781
-0.0413427
0.463746
-0.052618
1.56997
1.18824
-0.145692
1.28345
-0.136607
0.180149
1.29291
-0.404698
1.90539
-0.220096
-0.0101255
0.373343
-1.33154
1.87688
-0.10128
-0.237946
-1.05849
-0.611887
0.217504
-0.271894
-0.193736
0.172986
-0.151274
-0.018523
-1.55918
0.0987762
0.0711557
-0.241843
-0.239785
0.343854
0.513877
-0.518129
-0.0637664
-1.17649
-0.149355
0.209407
-0.0504964
-0.041585
0.708536
-1.03278
-0.285053
0.103629
-1.01058
0.575316
-0.10972
-0.0686875
0.461635
1.84491
0.056245
-1.7169
-0.266636
-0.0904641
0.0296195
-0.273783
0.475454
0.572564
-1.12672
-0.760814
0.403078
0.0121487
0.0325605
-0.0216514
-1.09434
1.3633
0.0580395
-0.399764
-1.9108
0.00604191
-1.83155
0.0788748
0.0570956
-0.00718838
1.24752
0.370321
-1.41462
-0.572794
0.277679
-0.295609
0.0249828
-0.101552
-1.21869
-1.09499
-1.50282
-0.68575
-0.122401
0.106389
-0.0124951
0.0848314
-0.100135
0.187548
-0.189542
0.282425
0.27482
0.301182
-1.14272
-0.814416
1.43629
0.954469
-0.0513108
0.275923
-0.426287
-0.012695
0.2701
0.315817
0.12909
-0.0198024
0.282025
-1.64578
-0.218441
0.0388778
1.89908
-0.101124
-0.249762
0.21306
-0.102163
-0.685628
-0.0332032
-0.307336
0.0394351
-1.56237
-0.00117365
-0.0262971
0.269298
-1.37141
-0.0158347
-0.210344
-0.0896706
0.286313
0.118273
-0.288572
-0.149847
0.22444
-0.053592
-0.0234312
1.50094
0.201071
-1.68472
-0.0512625
-0.776798
0.130858
0.28603
0.95512
0.0312785
-0.43249
0.132141
-0.17993
-0.383047
-0.155516
-0.125289
1.03134
-0.157559
-0.12215
-1.46547
-0.0907079
-0.250292
-0.179661
-0.258541
1.41694
-0.0312809
0.43718
0.107524
0.944215
-0.0515073
-0.0542183
-0.0252592
-0.152419
0.00946788
-1.32865
-0.168495
0.0570184
0.0172646
-1.17
-0.267904
-0.132124
0.23897
-0.231562
0.116776
0.111162
-0.955104
-0.126061
0.0407107
0.00896934
1.23779
0.58146
-1.25664
0.243186
-0.0377824
-0.00247315
0.0563341
-0.103824
0.112272
-0.0513104
1.53824
-1.06728
-0.219671
0.267128
0.941171
0.20895
-0.32761
0.0762556
-0.00721097
-0.181735
-0.083085
-1.84919
-1.12419
0.163639
0.0379763
-1.21854
1.26329
-0.244086
-0.925416
0.587434
1.33415
-0.587581
-0.347799
0.0651292
-0.179656
-0.256883
0.777184
-0.111042
-1.96277
0.342186
-0.190006
-1.23009
-0.793576
-1.12507
0.793703
0.331718
0.800785
-1.90498
-1.48676
-0.0163296
-0.0171864
-0.0978147
0.288867
1.84123
0.264642
-0.0317376
-1.79676
-0.169435
0.0979549
-0.215266
0.0464395
0.245717
0.280448
-0.0335277
-0.119031
-0.0885668
-0.02519
0.346762
-0.201574
-0.232203
1.64003
-0.0598064
-0.0486514
0.0111855
-1.28786
0.0138911
-1.55305
1.91671
-0.213927
-0.0726239
0.349289
0.123157
0.0379607
-1.49339
0.0859424
-0.239456
0.653424
0.115375
-0.881897
0.0899501
0.0510227
0.14189
-0.308641
0.0798915
1.6565
0.139488
0.180664
-0.252088
0.0209226
0.0888756
1.4244
1.80292
-0.686618
-1.04433
-0.523133
-1.82029
-1.12293
-1.96727
-1.94587
-1.96458
-0.386047
-0.116987
-1.42203
-0.351993
0.107988
0.971571
-0.131321
0.172896
0.407736
1.90072
-1.27022
0.194125
0.281948
1.96126
0.364402
0.101696
1.31985
0.140916
0.081714
-0.554195
0.157647
-0.0683127
-1.33287
-0.00779297
0.164081
-0.179515
1.53241
0.181053
-0.297958
0.212434
0.300797
-0.0374398
1.78818
-0.0293117
0.0342598
1.5778
-0.0846024
1.24247
1.24314
-0.0720286
0.135319
1.31352
0.0212215
0.866606
0.256243
-0.0135669
-0.225468
-0.130607
0.294251
1.05054
1.3696
-0.111995
-1.83197
0.0219507
0.00585817
-0.302328
0.400786
1.43795
1.94337
0.0215563
0.166606
0.0593563
-0.153128
-0.0876662
-0.140121
1.08501
-0.307675
0.0892407
0.872675
-0.953218
0.0434604
-0.0740851
-0.0854633
-0.568897
0.703644
-1.74127
-0.0262198
-0.133377
0.0244932
0.0551797
-0.064514
-1.78865
-0.177196
-0.136576
0.026698
-0.0438103
-0.0555188
-0.135697
-0.00677237
-1.98796
1.41722
1.59563
1.51913
0.05665
-1.46685
0.285795
1.26761
0.237388
0.166597
0.1229
-0.0313278
0.00390776
-0.392676
-0.0186614
-1.4076
-0.721719
0.335322
-0.184347
0.0291014
-1.77773
0.0802723
0.0261041
0.194428
-1.55686
0.071789
0.236209
0.180058
0.0851679
1.94639
1.07901
1.39155
-0.106054
0.174865
0.092914
-1.09556
-0.409368
-1.00363
0.143733
1.78715
1.54247
-1.12368
-0.00857109
0.143813
-0.120377
-0.0456358
-0.594735
-0.145617
1.43735
0.246829
0.0236089
0.0301336
-0.0775118
0.962194
-0.0898962
0.604286
-1.06463
1.04239
-1.66924
0.885804
-0.308306
1.70123
-0.0239022
-0.124174
-0.0779795
0.5191
-0.0714397
0.0986032
-0.0103473
0.0552614
0.0948531
-0.0115688
-0.39484
1.62053
-1.61406
-0.018394
0.107947
0.0428415
0.0732576
-0.234129
0.0218941
-1.78629
-0.00357197
-0.0676381
1.33601
-0.156848
1.24715
-1.36637
1.80691
-0.821325
-0.0900934
-0.116432
1.68032
-0.104314
0.00832074
-1.41088
0.81064
-0.0595906
-0.0823471
0.214295
1.47466
-0.0470463
0.26794
-1.94456
-0.0696023
-0.1866
1.18097
-0.577834
0.538073
0.0276342
1.1162
0.0695997
0.831135
0.071639
0.313294
1.90316
-0.0830859
-0.202856
0.324735
-0.0438677
-0.279928
-0.153609
0.335658
-0.485016
0.296644
0.239376
-0.15549
-0.17954
0.0123291
-0.05869
0.0457747
-0.27217
0.289883
-1.38443
-1.69566
-0.116628
-1.58501
-0.0851872
0.0569722
-0.0183206
-0.0830984
1.31084
1.70676
8.09442e-05
-1.50487
-0.0876084
-0.389364
0.6388
0.0863903
-1.58595
0.0136768
0.192337
-0.0152202
-0.0895762
-0.567921
0.136584
-0.125761
0.18607
-0.116835
0.648917
0.887605
0.202522
0.126178
0.0931279
-0.117328
-0.729021
-1.03321
0.206567
1.18771
0.105881
-1.71761
0.893517
-0.277607
0.133508
1.41761
-1.10554
0.313002
0.372793
-0.138911
0.582928
-0.0692758
-1.86876
0.0527955
-0.0326936
-0.226117
0.0669831
0.262562
1.72437
0.970344
-1.52076
1.68825
0.0676528
1.69205
-0.150042
-0.086187
0.051962
0.190769
-0.447144
0.294991
1.82749
-0.415815
1.78953
0.23899
0.821735
0.285419
0.119903
0.183949
0.573357
-0.166017
0.168615
0.00762859
-0.205448
0.211505
-0.106578
0.203428
1.783
-0.646597
0.18324
-0.113132
0.322511
0.789344
0.348355
-0.0750114
-0.0656908
-0.143933
0.195822
0.130286
-0.0778987
0.147798
0.0515421
-0.099587
-0.102674
1.20436
-0.0941956
-0.263412
0.0891149
0.386564
1.37208
-0.0023253
1.37564
1.61063
0.183398
0.548339
0.114711
-0.0703538
0.207106
0.684073
0.194129
-0.0225224
0.0640472
0.547541
-0.969484
1.44316
0.250072
-0.0517917
0.187551
1.87567
-0.475775
-0.763779
-0.0778619
0.113544
-0.131556
-0.00766746
-0.810063
0.936778
0.179896
0.867343
0.0171605
0.0360686
0.399768
1.38081
1.34341
1.86698
-0.0535081
-0.955863
-0.072734
-0.295708
0.227418
-0.192457
1.12151
-0.811621
-0.295826
1.49544
0.0384787
0.921266
0.130098
0.0323611
0.263325
-0.21377
-0.134848
-0.00298938
-0.0994111
-0.585704
-0.0433169
0.147092
-0.0228931
-0.181891
0.18785
0.276835
0.0437261
0.179726
1.73258
-0.0414073
1.58883
-0.258901
-1.92914
0.224525
-0.449129
1.34007
1.06685
-0.0131651
-1.1238
0.665855
0.574994
0.23365
0.045776
-0.364278
-0.282961
-1.62451
-0.248445
1.19835
-0.0282965
0.29015
-0.0379437
-0.936156
-0.135437
-0.134499
0.0494199
-0.114514
-0.265128
0.805634
-0.631018
0.70736
0.0289743
-0.1797
1.11982
0.456488
0.174347
0.0408229
-0.378176
0.254196
-0.120186
-0.747222
-0.0349527
0.00939119
-1.66284
0.142578
-0.14024
-0.304334
0.407407
-1.0671
0.0365301
-0.142265
-0.179488
-0.0358446
-0.0622863
0.602726
-0.132506
0.0261806
0.437747
-1.06128
-0.139355
0.29417
1.01771
0.339206
1.43853
-1.45518
-0.0748984
1.06378
0.510997
-0.0879521
0.0483025
0.235616
0.206404
-1.27712
0.0605506
0.0738638
1.65494
-0.282685
0.0968155
0.0426685
0.0506405
-0.215179
0.0606712
0.0219448
-1.39003
1.32129
0.458567
0.130955
1.11073
1.12258
0.220711
0.376339
0.253633
0.134003
-0.0195307
-1.26022
0.259801
-0.415832
0.0692298
-0.254248
1.21719
-1.69222
-0.0508252
-1.62
0.162244
-0.165702
-0.0385148
1.0364
-0.064608
-0.176915
-0.00690839
-0.173741
0.15175
-0.555047
-0.0239428
0.399779
-0.265887
0.0173103
0.143765
0.00564782
-0.0715673
-0.140375
0.209775
0.817344
0.0710903
0.00953204
0.0442161
-0.0136668
0.0808819
0.264862
-0.0260748
0.215026
0.0137746
0.0651011
0.170568
0.251267
-0.0810455
-0.129608
-0.941822
0.376653
1.48222
-0.314037
1.33722
0.714463
0.320127
0.983267
0.00182007
0.013062
-0.160043
0.369221
-1.88394
0.0159982
1.73852
0.0134852
0.886546
0.979929
-1.01743
-0.201603
0.0930764
-0.0167513
-0.0449905
0.968708
-0.327321
0.0127296
-1.64035
-0.203578
0.226074
0.227934
0.0879124
0.984824
0.452538
-0.219049
-0.312763
-0.156212
0.189547
0.170874
0.14164
0.0520299
0.524289
-0.8168
-0.0853265
-0.0345855
0.221205
-0.000308854
0.122882
-0.061035
0.32462
-0.259206
-0.82091
-0.193796
-0.120804
-0.0157595
-0.0679536
-0.62918
-0.526392
-0.663
-0.422976
0.0296208
-0.148304
0.377202
0.157411
0.291549
0.334926
0.0532213
0.34185
0.147383
-0.307518
1.73457
1.78359
0.0721994
0.628975
-1.35888
-1.15941
1.59651
-0.0179322
0.146078
0.0684572
0.717988
-0.0073058
0.0780357
-1.18342
0.000755372
0.182228
-0.156423
-0.230808
0.0432888
1.90578
0.343027
0.501355
-0.0217223
1.4793
0.29841
0.325037
-0.331732
-0.309045
-0.0209879
-0.08971
-0.0352118
0.131276
0.109676
0.23967
0.141132
-0.709844
0.0687449
1.70143
-0.101544
-0.00617745
0.703336
0.452959
-0.377539
-1.49495
-0.101546
1.54266
0.00197381
-0.0415052
0.151783
0.241026
0.41701
0.580852
-0.279674
0.0251579
-1.42719
-0.267475
-0.0206961
-0.283806
0.352901
-0.183978
-0.0598742
0.223348
1.89442
-0.0239235
0.190774
0.455331
-0.146876
0.286153
-0.398028
-0.0764357
0.103519
0.150631
0.0237496
-1.68425
-0.559821
-1.06252
-0.0684784
1.66164
1.74807
1.92124
1.39628
0.0805594
-0.145003
-1.91995
0.0843128
0.499958
-0.832623
0.469762
0.0182011
-1.57528
-0.0612256
0.301393
-0.135094
0.0747665
1.95037
-0.775766
0.0277286
0.190577
-0.18442
0.15058
1.53297
0.419362
-0.042564
0.0285515
0.54474
0.232599
-0.127264
0.171524
0.0979963
-0.219162
0.335839
1.40115
0.202427
-0.251564
1.03984
-0.130698
0.808737
0.105665
-1.15538
-0.89439
0.000522891
0.0429455
-0.191935
-0.309957
0.146069
-0.0140344
-0.0500701
0.0378
0.0193082
0.0174764
0.0173244
-1.88952
0.678934
0.0288752
-0.140924
0.7084
-1.81923
0.503251
0.1934
0.0303958
1.07222
1.03593
0.00173143
-0.0322232
1.74598
-1.45279
1.77343
1.94534
0.244966
0.0590376
0.204485
-0.0966166
-0.202343
-1.54357
-0.13688
-0.0130332
1.84702
-0.0710591
1.77352
-0.311566
-0.142327
0.471465
-0.158843
-0.210197
-0.0541999
0.432725
-0.179615
0.0467552
0.0898383
0.0542233
1.57768
0.173019
-0.104725
-0.277866
-0.000774124
0.330902
-0.2098
-0.125467
0.267458
-0.20672
-1.98215
-1.57521
0.233924
-0.14496
0.139861
0.0730474
-1.17347
-0.112396
0.178166
-0.120587
1.7548
0.00818758
-0.150395
-0.082839
0.22584
0.520958
-0.0476002
0.239883
0.0779321
-0.244534
-0.220894
-0.258484
0.097817
0.162371
-0.181482
-1.42365
1.15992
0.0131791
-1.56927
-0.0168953
0.119692
1.36074
-0.0858293
-0.15272
0.0123278
-0.115225
-0.195078
0.257677
1.12886
-0.0651308
-1.07696
-0.200383
-0.0101838
-0.170031
0.0747318
1.42221
1.511
0.949391
-0.430819
-0.0123838
-0.0107127
0.0254278
-1.4451
0.824457
-1.13368
-0.0106411
0.105404
-0.626188
-0.0729342
0.216924
-0.124397
-0.279799
0.262118
-0.281178
-0.173937
-0.841992
1.59787
0.0526797
-0.21178
-0.0901743
0.012631
-0.421563
-0.236804
0.0876702
-1.93722
1.17778
-0.145301
0.137069
-1.57607
1.74932
0.00704657
-0.0161321
0.218781
-0.945887
1.65917
-0.012659
-0.263608
0.143035
0.302254
-0.208628
0.884966
-0.759996
0.225141
-1.73545
-0.0999835
-1.18862
0.163604
-0.0646444
0.0428347
0.207669
-0.477297
-0.118099
1.44835
-0.291254
0.690276
1.59514
0.361233
0.301007
-0.0370446
1.54592
0.118086
-1.4206
0.231753
1.23686
-0.752437
0.00900991
0.0615326
1.92187
-0.981729
-0.0751081
-0.331445
0.948706
0.148439
0.11206
0.0955199
0.203931
-1.27128
-1.01528
-0.990816
-0.170903
-0.157319
-0.00689459
-0.539261
-1.27215
0.123613
0.161599
-0.943501
1.22059
0.0635544
-0.178597
1.54943
-0.0285459
0.119746
-0.0756444
-0.311973
-0.328122
-1.7342
0.0326968
0.81872
-0.125894
-0.194671
-0.228497
-1.27698
0.0389928
-0.136699
-0.0115792
0.87267
-1.27469
-0.044322
0.122681
0.10966
0.0533753
1.99613
-0.00899167
-0.833993
0.160855
0.216053
0.435566
-0.0928153
0.220091
1.27629
1.81798
0.151471
0.177085
-0.0402479
-0.118313
-0.255715
-0.42646
0.410074
0.206996
1.5199
0.044001
0.0795242
-1.80966
-0.10712
-0.0705382
-0.414616
0.0799393
-0.298098
0.0764954
0.0689144
-0.260319
0.523481
0.000487572
-0.0967482
-0.0887452
0.128538
-1.04282
0.802345
0.0705172
0.107228
-0.966905
-0.327668
0.0015083
-0.101289
0.6125
-0.405613
-0.255847
-0.0733548
-0.370824
-0.109435
1.031
1.9479
-0.0801035
-0.0966521
-0.0709883
0.117125
-0.0426797
-0.0882824
0.00588706
-0.109303
-0.0669247
-1.78946
-0.0424837
-0.190277
0.989369
0.918981
-0.0147533
-1.94607
1.07413
-1.56278
-0.108517
-0.00914903
0.235631
0.141389
-0.428997
0.96714
0.033112
-0.0744977
0.103582
1.96155
-0.83822
0.176027
0.101527
-0.0429679
1.87051
0.300579
1.03742
0.133249
0.579506
-0.221697
-0.0677771
0.166773
-0.149353
1.6579
-0.545731
-0.115325
-1.97443
-0.0572848
1.81972
1.73468
1.63534
1.60195
-1.52059
1.97978
0.291426
-1.32294
-0.113328
1.94952
-0.150757
-1.04745
-0.679035
0.0688821
0.830505
-0.0797073
-0.927592
-0.222062
0.230098
1.79091
0.547475
1.65424
1.51375
1.56496
0.109914
1.40683
0.141521
1.49515
0.0836088
0.119576
0.0314047
0.189407
-0.0800067
-0.255693
-0.0619179
0.151688
-0.167604
-0.374791
-0.096923
1.3188
-0.033378
0.403434
-0.92004
-0.00613745
-0.0816352
0.0455454
-0.052462
-0.115039
-1.10675
0.0690176
0.156592
-1.80596
-0.0773875
-0.160751
-0.310882
0.15513
0.21178
0.295544
0.10357
-0.179085
-0.2351
0.00226668
0.13668
1.25197
1.42729
-0.211921
1.00577
-1.78513
0.235742
0.045933
-0.0934664
-0.911202
-0.0997693
1.69886
-1.87836
-0.163666
1.62168
0.0437618
1.8863
-0.447924
-1.07083
0.058755
0.370727
-0.0725284
-0.0906217
-0.120224
-0.148948
-0.142464
-0.00361712
0.122139
1.07289
0.145638
-0.222943
0.245689
-0.0458269
-1.13808
-0.115485
-0.151738
-0.0898566
0.273537
0.0935382
1.61765
0.696927
0.107761
-0.160466
-0.0125608
1.86655
1.82538
0.00319011
-0.133234
-0.0589624
0.0844015
-1.43705
0.0479012
-0.0631623
1.47828
0.125521
-0.0843343
-0.0319284
-0.034306
1.57841
1.3022
0.119171
-0.0837409
1.52844
1.26466
-0.101671
-0.1707
-1.92732
1.10508
-0.0920247
-1.1683
-0.52522
-0.307902
0.339314
0.47647
-0.251607
0.225348
0.136315
0.109396
-0.0371797
1.19045
0.143086
-1.26519
0.0895929
-0.135485
-0.0143231
-0.0764761
-0.128124
-0.346013
1.37907
0.314664
1.72621
-1.94463
-0.0475953
0.0177768
0.0485967
1.75946
-0.130488
0.235734
1.97338
-0.857748
-0.0414257
-0.254343
-0.100455
0.0929951
0.287064
-1.76455
-0.356486
-1.56
0.172245
-0.169097
0.310208
-0.230285
1.70832
0.054506
-0.0449148
0.292994
-0.0698353
-1.7532
0.0800099
-0.278677
-0.0144055
-0.0576083
-0.181624
1.93664
1.35737
-1.05562
0.992529
-1.50949
0.186743
0.0729605
0.300076
0.0296631
0.111524
-1.7745
-1.5568
0.0521447
-0.142361
0.145119
-0.249045
-0.0714837
-0.108295
-0.802211
-0.150354
0.327333
-0.719854
-0.214022
0.013564
-1.33375
-0.252298
-0.160221
-0.172198
0.0282043
1.82527
0.1399
-1.36585
1.94135
0.495983
-1.50178
1.62434
0.109129
-0.74931
-0.00964693
0.00931349
0.139328
0.0408364
-0.0827441
0.736249
-0.121427
-0.22784
0.274979
0.0655103
0.0115674
0.958005
-0.0941756
-1.48637
-0.24816
-1.23265
-0.0902815
-0.0986001
-0.526282
-0.0101379
1.6699
0.142454
-0.15828
-0.0577121
0.0302774
-0.0678589
0.0681387
-0.0213768
1.09817
0.0839733
0.0411997
-0.0582024
-1.02079
-0.562896
0.156912
0.143116
0.0938512
-0.997894
0.10221
-0.110838
-0.123701
-0.192631
0.768471
-0.0751481
1.46853
-0.11837
-1.60732
0.183532
0.160257
0.124061
-0.172169
-1.05512
0.465367
-0.075139
-0.314876
0.29305
-0.285287
0.342707
-0.20558
1.38408
0.357072
-1.68406
0.198952
1.15993
-0.394116
0.166461
-0.288815
0.0526509
0.468617
-0.0658247
-0.182279
0.00385819
0.115293
0.00280975
0.063573
-0.268571
0.0617029
0.194825
0.0403707
-0.111151
1.86578
1.84323
0.0969391
1.92789
0.0674838
0.851059
-0.147947
-0.1742
-0.166789
-1.52601
-0.241366
-1.9993
-0.0951041
-0.154031
-0.164933
-0.161372
0.836431
1.79232
0.137963
0.107826
1.9623
-0.0812463
-0.210408
-1.98916
0.13789
0.115584
-0.0722215
0.0150807
-0.0328744
-0.227425
0.694232
0.484928
-0.0325784
0.43544
0.089427
1.03298
0.476976
-0.241973
1.30815
-0.198764
1.26453
0.0386772
-0.0412377
-0.212938
0.198675
-0.613475
0.149885
-0.726236
-0.17655
-1.40547
-1.44113
-0.321592
-0.306389
0.184782
-0.203736
1.72727
0.518639
0.109885
-0.318551
0.1037
-0.20479
0.773381
-0.763051
-0.231501
0.210902
-1.11256
-0.260454
-0.243631
-0.886701
0.0409329
1.63596
1.23723
-0.0443198
-0.179888
0.0480241
0.127898
-0.49953
0.0730943
1.30424
-0.255526
-0.986913
-0.0595151
-0.433027
-0.656218
0.00966214
-0.122937
-0.294826
-0.197769
-0.301363
0.0404478
-0.214245
-0.297222
-0.158543
-0.172466
0.491383
-0.124341
1.9337
0.306758
-0.073575
1.93142
-0.084958
-0.372385
1.65993
0.371932
-0.0128072
0.0485751
-0.0639263
1.91396
0.00066847
0.104101
-0.195479
0.923311
-0.133051
0.0735232
0.0127728
0.0993723
0.0352062
-0.226147
0.029959
0.257749
1.00402
1.6165
-0.33997
0.172549
-0.38103
0.0902083
-0.258609
1.75837
0.0953158
-0.0714256
0.0197218
0.147825
0.167676
0.183848
-1.88121
-0.0105018
1.03227
-0.299957
0.321703
0.0125343
0.05487
0.384865
-0.0819111
0.110318
1.00544
-0.11377
-0.158639
-0.0626821
1.10226
-0.0219562
-0.493586
0.206658
-1.12783
-0.0479401
-0.20531
1.7072
-0.00536243
-0.394147
0.111212
-0.15296
-0.306972
-0.175689
1.78082
-0.0323028
0.0538705
-0.17314
0.0790569
0.210958
1.15685
0.123727
1.92132
-0.295512
0.0271456
1.97364
-0.151535
0.0747951
1.00009
-0.20837
-0.214633
0.107743
-0.147733
-0.89937
0.135903
0.00707653
-0.491214
0.1579
-0.094396
-0.123417
0.270521
-0.00333882
-0.0314803
0.113467
-1.56595
0.129913
0.106232
-0.126197
0.0165993
0.0872613
0.0529374
0.980917
1.32066
-0.925149
-0.0366064
-1.13023
-0.239289
0.163361
-0.0670899
0.839248
0.269852
-0.0161573
-0.332334
0.177774
0.195987
-0.4355
0.147809
-0.0202673
-0.134833
0.0765538
0.385681
0.312006
0.762979
0.0464202
-1.31383
0.0519026
-0.623194
-0.314628
-0.219825
-0.0806294
0.309707
-1.31529
0.00800974
1.48994
-1.11548
-0.1716
0.12406
-0.10311
0.354581
0.316197
-0.000254632
-0.103845
0.185624
0.00277635
-0.0570823
0.119406
-0.515246
0.149702
0.112718
0.221446
-0.219759
-0.104821
0.290941
-0.0577582
-0.0358265
-0.474752
-1.31217
0.123205
-0.375567
-0.120074
-0.0518899
-0.168424
0.00942871
0.328594
-1.84643
-1.87483
0.0387402
-0.0286562
-0.0911372
1.7002
-0.090722
-1.09717
-1.01763
-1.23695
-0.0107762
-0.000123202
-0.0818375
-0.211008
0.0659299
0.121708
-0.038539
-0.0173581
-1.8975
-0.0504006
0.248596
0.11871
0.145412
0.716756
-0.0576327
0.590914
0.14576
-0.077029
0.636947
0.952418
-1.67362
-1.28932
-0.170157
-0.194855
0.226689
1.50789
0.52719
0.797532
-0.433679
-0.735813
-0.0327007
0.471357
-1.64388
0.0758687
-0.185689
-0.0045294
1.3842
-0.09904
0.105376
1.46362
1.78071
0.537803
0.00389384
1.90029
0.191013
-0.0992036
-0.683094
-1.50628
-1.29529
-1.08682
0.25469
0.886216
1.55308
0.935126
0.136841
1.52393
0.230252
0.016083
0.347106
1.87201
0.167845
0.0762248
0.256518
-0.797599
0.169758
-0.101438
-0.871937
1.2622
0.321575
0.133627
0.0662035
0.223348
-0.150211
0.0284884
-0.455627
-0.105057
-0.422368
1.12349
0.0331708
-1.34092
1.60528
-0.422958
1.36071
0.421652
1.73738
-1.68561
0.130416
0.271929
-0.80211
0.0480237
0.730599
0.156871
-1.06395
0.0537518
-0.144856
-0.261977
1.71637
0.00750808
0.261825
0.281095
0.155956
-1.12108
-0.48078
0.143105
0.237122
-0.0239504
0.162082
0.647054
-0.0688683
0.058212
-0.261569
0.0436589
-0.350747
0.0175176
0.892804
-1.22611
-0.172278
-0.137351
-0.21965
1.39475
1.84539
-0.208841
1.94356
0.186308
0.133355
-0.139069
-1.09608
-0.0735885
0.833375
0.022829
-0.0610949
0.0484948
-0.0716611
-0.0249052
1.10389
-1.50955
-0.0135553
-0.910027
0.565238
-1.52327
1.2764
0.209104
0.686172
0.398678
-0.0910382
0.121893
-0.228903
-0.0494278
-0.950878
-0.0047631
0.195721
-0.109831
0.0486317
0.310439
0.044315
-0.173306
0.0628985
0.0134563
-0.199495
-1.75779
0.12956
-0.125862
0.0449629
-0.276976
-0.191059
0.0259858
-0.27862
-0.269065
-0.185091
-0.75564
0.174283
-0.00032332
-0.022703
-0.417623
0.667117
-1.09744
-0.0439713
0.428311
-1.45258
0.259546
-0.607084
0.219634
0.312475
0.0994608
0.199592
0.89849
-0.710496
0.0263698
1.68911
0.218938
-0.0961912
0.208311
0.201126
-0.142698
1.62581
-1.11955
-0.154963
-0.0507508
0.970588
0.0476868
1.55035
0.0456709
0.265684
0.931037
1.01837
-0.380598
0.0810998
-0.0169492
-1.04462
0.0440685
-0.511876
0.0705006
-0.26144
-1.40699
1.95013
-0.15471
1.14288
-0.0311861
0.00686175
0.085348
-1.55182
0.181483
0.369233
0.3969
0.0941749
-0.732858
-0.159201
-0.0585968
-0.105693
1.47445
0.298084
-0.857248
-0.0617235
-0.000994714
-0.527863
1.06326
-0.265876
0.121694
-1.68706
0.408448
1.11295
0.196886
0.0113114
-0.666611
-0.0841521
1.21993
0.0680304
0.0866913
-1.64256
-0.222827
0.368434
0.158103
-1.12934
-0.0773683
-1.05564
-0.0209001
-0.0441184
-1.89831
-0.129125
-0.0775075
-0.321402
-0.0400852
1.02201
0.122878
1.67055
-0.171071
-0.168201
0.123209
-0.345172
1.94644
-0.00956614
-0.0494852
1.52678
0.976576
-0.461701
-0.119177
-0.72415
-0.0251629
0.194643
0.0246177
-0.166816
1.84094
-1.6937
1.79037
0.0466564
0.0344575
-0.523036
-1.23986
0.389461
-0.447712
-0.0970151
-1.08609
-0.195751
-0.414725
-1.61211
-0.702933
-1.36303
-1.94131
-0.185299
-0.0746075
0.0967795
0.159416
0.367207
0.0639122
-0.0123604
1.92442
0.202288
0.00865429
1.23436
0.0361451
0.00197191
1.36336
0.044886
-0.113556
0.285971
-0.0585171
-1.80084
-0.757059
-0.280789
-0.0586115
1.11445
-0.158366
-0.450234
0.793552
-0.130129
0.987637
0.0272405
0.0855125
0.027847
-0.377258
1.2816
-0.200996
-0.146744
-1.31929
-0.182634
-0.173049
-0.799244
0.776592
-0.177308
-1.48856
0.197138
0.189052
-1.77613
0.069232
-0.174888
-0.221904
-0.230491
-0.852127
0.943407
0.405401
0.24347
0.154589
0.150312
-1.47142
0.341638
-0.646403
-1.25013
-0.142983
-0.0853497
-0.149736
-0.123331
0.953966
-1.49538
0.443752
-0.271321
-0.0662283
-0.016208
1.72808
-0.358705
1.30687
0.0221035
0.143129
-0.153371
0.0486395
-0.707421
-0.00750091
-0.251919
1.76145
0.0381672
1.18721
-0.0542242
-0.971924
0.85841
-0.134976
-1.5262
-0.0766627
-0.217701
-0.159404
0.074095
-0.130858
0.499041
0.236261
0.00544866
-0.0614719
0.0596778
0.124084
0.911534
-0.229864
-0.101197
0.122632
-0.0353161
-1.29768
-1.24592
0.0106919
0.0317057
-0.0128629
0.0873781
-0.130326
0.130282
-0.146592
-1.43126
-0.15941
1.81551
0.0914448
-0.660005
0.0219457
0.0710253
-1.1333
0.117903
1.34025
0.766128
1.88341
-0.0758804
-1.96189
0.0369961
0.50713
-0.380036
-0.250291
-0.188881
0.110259
-0.172035
0.0603608
0.0912038
-1.01633
0.84069
0.137572
0.134553
-1.72532
1.68772
0.122521
-1.67184
-1.65253
-0.0752801
-1.42781
-1.24049
0.00175585
-0.247488
-0.0375137
0.00882649
1.07355
-0.20346
-1.45178
-0.112551
0.639468
0.52377
1.04681
0.0998513
0.279132
0.0855351
-1.12652
-0.00477077
0.117682
0.0193463
-0.752556
-0.117398
0.128838
-0.122499
-0.128066
1.31492
0.00890375
-0.162144
0.150274
-0.0152998
-0.0938214
0.109741
0.102347
-0.0303865
-0.128825
0.0573702
-0.127205
0.272149
0.0612946
1.73769
1.46802
-0.631219
-0.127449
-0.113307
0.15324
0.748902
1.57397
-0.188312
0.0986606
-0.0760891
-1.19791
-0.225315
-0.301887
-0.150112
0.927941
1.00768
-0.0362622
0.881571
0.128929
0.0143513
0.0689023
-0.00589993
-0.0655133
-1.61731
0.258739
0.0551686
-1.90051
-0.211408
-0.314404
0.060313
1.58114
-0.147142
-0.111633
-0.0856506
-0.115451
1.18854
-0.888941
0.115
-0.145144
-1.08063
0.204458
-0.0658026
0.14549
0.934913
0.0991005
-0.78804
-0.323066
0.192189
-0.0930178
-1.17799
0.109457
-1.91392
0.128839
-1.01471
-0.160514
-0.0732477
0.0170699
0.103549
0.0637878
0.22506
1.43555
1.6739
1.92877
-0.207328
-0.0136446
0.102317
-0.110571
0.140013
-1.43036
0.2358
0.0373653
1.93497
-0.173933
-0.000767739
1.02237
0.104144
-0.141356
0.232879
0.513627
-0.292286
0.57042
-0.143549
-0.888798
-0.0776411
0.0859327
0.252612
-0.289141
0.678434
-0.266477
0.0796554
1.86901
0.0286316
1.43389
0.148394
-0.256695
-0.170961
-0.114658
1.37666
-0.377527
-0.859038
-1.61842
0.291241
-0.139907
-0.030133
0.312089
0.152821
-1.95263
0.133851
-1.28534
-0.256974
-0.117304
0.0356728
0.206647
-1.2024
-0.0154868
-0.056424
0.0307336
0.143285
0.13082
0.0930027
-0.0330332
0.127026
-0.0521258
-0.326803
-0.244501
-0.594403
0.255416
-0.00610086
1.32546
0.197801
0.253987
-0.71596
1.316
0.0722107
-0.783259
-0.0338335
-0.141515
0.24617
0.669255
0.00707027
-0.213126
1.65697
0.0530256
0.295346
-0.0959998
0.642827
-0.683811
-0.000672611
0.0815315
-1.79298
-0.0823243
-1.32757
0.158655
-0.064245
-0.0678567
0.0438556
-1.13193
-0.845171
-0.167053
1.43563
-0.155203
0.227048
0.358146
-0.377709
0.876915
-0.133689
-1.15927
-0.0899865
1.79563
-1.75302
0.121506
1.29999
1.94421
1.28391
-0.234036
-0.00553904
-0.343078
0.0214858
1.21717
-0.078617
0.305416
-0.124701
0.0826509
-1.41463
-0.122979
0.0228417
1.4159
0.147043
1.54079
0.109762
-0.0994996
0.0685541
0.0381822
-0.0806271
1.78078
0.0898824
-1.80226
-0.123856
-1.4118
-0.378933
-0.16296
0.168526
1.8613
0.237202
0.356156
-1.42948
-0.80445
1.7872
1.00947
1.67486
0.169434
0.204048
-0.769383
-0.404551
1.22967
-0.554972
0.0909807
-1.39753
-0.220931
0.263918
0.142722
-1.35857
-0.113005
-0.0334811
-1.36835
-0.101091
-0.553383
0.142847
-0.116234
-0.0774835
-0.297928
-0.0111724
-0.899148
0.0514262
-1.50457
0.130413
-0.510809
-0.293572
-0.0127141
0.394582
-0.0192948
0.0131193
1.09728
1.28187
1.41006
-0.201621
1.65051
-0.072848
0.956145
-0.191138
-0.208677
1.68805
-1.50883
0.0578453
-0.165054
0.234161
0.263047
-1.88097
0.457665
-0.149757
1.19986
-0.00734475
-0.387777
-0.0944196
-0.0550953
-0.0323539
0.00866309
-0.281179
-0.193749
-0.0559598
-0.0530519
-0.491196
1.74927
0.22852
-1.60845
1.23736
-0.0487814
-0.213082
-0.0115634
1.23662
-0.149712
-0.178854
1.05808
0.0741859
1.12899
-0.0685095
0.112965
0.254457
-0.00736288
1.16488
0.110872
0.820934
-0.17651
0.184668
0.595235
0.792479
-0.608594
-0.202359
-1.01616
0.188374
-1.28994
1.85043
1.17829
-0.144503
0.168004
-0.0485749
0.0436687
0.260835
-0.0835248
0.291096
-0.527779
-1.75465
1.34416
-1.23988
-0.722786
-0.400765
-1.41766
0.839505
-0.0515553
0.412298
0.0674644
-0.107415
-1.93037
0.650851
0.932569
0.796999
0.0288106
-0.201429
-0.265114
-0.258275
-0.154248
0.0764871
0.0484594
0.0203645
-0.078656
-0.110073
0.0303549
0.215195
0.019562
0.00746099
0.218977
-0.0813866
-0.0560226
-0.522983
-0.124312
1.63143
0.1306
0.0108204
1.54188
0.114254
-1.24303
-0.149413
0.745552
0.275566
1.78319
-0.646985
-0.208649
0.00420388
-0.115344
0.06745
-0.152496
0.0489938
-0.0447732
-0.335888
-0.176603
-0.0130658
1.61075
-0.0460586
1.84099
-1.00226
-0.131111
-0.194458
1.77933
-0.102501
0.114181
-0.0326237
-0.052812
-0.0855654
-0.0660714
0.202261
0.275196
-0.145615
-0.0046693
1.7333
0.128738
-0.537754
-0.337685
1.25289
0.408651
1.81529
-0.461768
-0.165057
0.234406
-0.241414
-1.19222
-0.0669228
-0.257883
-0.601944
-0.225907
-0.538481
-0.192275
-0.256217
-0.145387
-0.0621192
0.253719
-0.0564739
0.308833
0.0852083
-0.0670071
-0.00368452
1.89933
0.0932337
0.00784325
-0.222351
0.173797
-0.0304161
-0.0792317
0.0983851
0.0824759
-0.762196
-0.0151404
0.0512118
1.72126
-0.203246
1.33768
-0.629055
0.209488
0.228818
0.553914
-0.109424
0.185693
0.453968
1.35806
-0.673544
-0.168213
1.73527
0.0151415
-0.155853
0.0855344
0.321027
-0.688728
-0.161127
0.359762
-0.365948
0.0352965
0.212393
0.104605
0.0416527
-0.0845548
0.0693656
-0.846896
-0.173218
1.25692
0.154499
0.213657
0.360417
0.258467
-0.0430578
0.064694
-0.692153
1.54322
0.110392
0.204256
-0.204996
0.0911973
0.809343
-0.270609
0.132678
1.67495
-0.147882
-0.0643306
0.0237425
0.377358
-1.05322
-0.24074
-0.250075
-0.0520643
0.0522794
0.689694
0.208266
-0.160079
-0.0705909
1.69134
-0.314961
1.65365
-0.0997307
0.176225
-0.113222
0.183725
-0.198904
-0.200415
1.96081
0.0308454
-1.83285
-1.23701
-1.42156
0.766385
-0.0762371
0.0598999
1.47728
-0.223207
-1.07529
-0.0837319
-0.0250749
0.015916
-0.585255
-0.0609523
-0.0687816
0.168013
-0.152793
0.370522
-0.419367
-1.52354
-1.33202
0.991722
0.401049
0.373763
-0.214326
0.0220171
0.169315
0.550855
0.0848618
0.650102
-0.260571
-0.830419
-0.0465294
0.990989
-0.10473
0.360912
0.138969
0.0240079
1.97203
0.0257936
1.74525
-0.232981
1.45054
-0.197822
0.235798
-0.0463902
0.122219
0.0225492
0.0498561
0.0545344
0.13565
-0.00957667
-1.21589
0.0184964
0.219474
-1.46661
-1.80324
0.195652
1.53899
0.799438
-0.256606
-1.55705
0.22524
-0.305634
-0.437731
0.463309
-0.43911
0.162895
-0.0484205
-0.0130761
-0.0375604
1.47812
-1.69204
-0.567523
-0.0662694
0.128991
-0.459691
1.94872
0.115276
0.458996
1.71595
-0.0387256
-1.5545
1.19479
-0.0848585
1.89396
0.117493
0.179875
-1.32944
0.387462
-1.49298
-0.0327332
0.074656
-0.117918
0.774587
0.212731
-0.144969
-1.50934
0.386319
1.96138
0.07866
-0.213076
-0.0914799
0.00809049
0.170524
-0.349248
-0.00749304
-0.106343
-0.0815235
-0.467505
0.363383
-0.045137
-0.076246
-0.0538687
0.215697
0.138142
-0.180647
-1.47926
0.401628
-0.0287313
0.0388475
1.74135
1.07768
-0.0172989
-0.125381
-0.0550208
-0.00306626
0.886711
0.268298
0.143049
-1.61939
-0.0673521
0.100657
-0.198659
0.301055
-0.875197
-0.0788961
-0.132969
-0.175967
-0.410179
-0.166572
0.0163758
-0.240799
0.234875
0.0559145
0.763738
-0.102461
-0.481965
-0.171502
-1.05204
-0.102427
0.411786
-1.57313
-0.286131
-0.435767
-0.0584766
-0.0143052
-1.35537
-0.0794143
0.170545
-0.112126
1.14274
1.71633
1.1722
0.117385
-0.0607457
0.111022
-0.0345392
-0.0679545
-0.604324
0.0590771
-1.22845
0.598719
0.0111414
0.388822
1.70072
0.177604
0.336928
0.127532
-0.240702
-0.17046
0.328677
0.261672
0.226008
-1.70944
0.152878
1.41437
-0.0122849
-0.232777
0.117197
-0.135042
-0.0469707
0.636655
0.162234
0.186788
0.0310468
0.081026
0.0670037
-0.0761453
-0.0759022
-0.0570018
0.108034
-0.366541
-0.0529972
-0.424869
0.0111331
-0.0725271
-0.820352
-0.101387
-0.207295
0.480689
1.99519
0.306932
-0.00984253
0.10699
0.245731
-1.37173
-0.719874
-0.07501
1.35537
-0.131773
-0.00796573
-0.174415
0.0314512
-0.10824
0.751059
-1.3169
-0.020171
1.47914
0.307204
-0.137671
-0.0264498
-0.0297731
-0.240868
-0.894517
-1.75443
-0.076917
1.14354
-0.259926
-0.143546
1.32027
0.56746
0.0583933
0.0105719
-0.0507131
-0.405302
-0.100135
0.0546913
-0.118716
1.76379
-0.200263
-0.973697
0.123578
-0.231228
-0.97738
-0.132052
0.249501
0.180413
-0.0498467
-1.99049
0.0799434
-0.0842664
-0.189271
-0.0848011
0.0573864
-1.0037
0.160659
0.139693
0.204388
-0.123444
-1.49179
-0.10882
-1.63529
0.071147
0.118893
0.561607
-1.21088
-0.175149
-0.0828386
0.130727
-0.517301
1.68134
-0.183236
-0.420411
0.285645
1.97194
0.188863
-1.67827
-0.158846
-1.0304
-0.302969
0.173893
-0.0281634
-0.135364
-0.0896928
-0.252138
-0.955294
1.30425
-0.156138
0.860679
0.00145943
0.371686
0.558341
-0.77611
0.340398
0.110969
1.97657
0.032397
-0.220652
0.18843
-0.191717
-0.993149
0.105403
-0.324004
-0.0834392
-0.0935917
-1.50754
-0.193023
1.86992
0.0244905
-0.226275
-0.0460109
-0.0136676
-0.0365064
-0.225568
0.201213
-1.50757
-0.853871
0.819188
0.420552
-0.192472
-0.336674
0.00999951
0.0287821
0.296556
-0.0666473
-0.185979
-0.194194
0.46268
1.45925
0.207381
0.119127
0.0647767
1.62862
1.29774
0.118102
-1.54436
0.0813378
0.0703941
-0.203007
0.841384
-0.368823
-1.03516
1.35302
1.7869
-0.135257
0.211731
1.94275
0.129383
-0.260714
-0.0835254
-0.0586293
1.42056
-0.161762
0.0879767
-1.54553
-0.151559
0.0687331
0.00840564
0.143292
0.168597
1.74201
-0.0114737
-0.0307368
0.114142
0.352936
0.473862
0.0545431
-0.0632289
-0.0708359
-1.20626
0.10052
-0.181273
1.14785
0.271693
-0.41436
0.106523
-0.76703
-0.0180234
-0.376141
-1.60922
-0.600274
-1.48292
-0.191857
1.41517
0.024883
0.0852322
-0.119251
1.90269
0.0941062
0.917833
-0.160219
0.229872
-1.26443
1.79392
-1.0217
-0.15335
0.213202
0.332705
-0.0356453
-1.41462
0.504027
-0.0857107
-0.0150674
-0.282771
1.33377
-0.0347129
-1.31082
-0.0420531
-0.0918957
1.94378
0.0884786
-0.0495383
-0.0220745
-0.0806045
0.320315
-0.412659
-1.26544
1.43851
0.0894647
-0.171638
0.230146
-0.123689
0.0378019
-0.394927
-0.471755
-0.220845
1.43243
1.80414
-1.77022
-0.0343424
0.102101
-0.0619494
1.2857
0.186051
1.46146
-0.00896677
-0.493199
0.223175
0.16792
0.9732
0.0344342
0.0539496
0.289773
-0.053456
0.0972508
-0.845999
-0.738968
-0.236992
0.315403
-0.0219997
-0.0139352
-0.0593581
-0.350863
0.242464
0.213663
0.272876
-0.102364
-1.35141
-0.359147
-0.0316055
0.17816
0.0955134
-0.100881
-0.0433787
-0.26968
0.373675
0.910223
-0.0994071
-0.0683863
1.7901
-0.704293
0.101123
-0.0944657
0.455581
-0.112266
-0.0785579
-0.0383074
0.272863
-0.0229749
0.120259
0.0619675
0.476697
0.837706
-1.99692
-0.0358284
0.0484411
1.02184
1.13171
0.123686
-0.22653
1.11391
1.12658
-0.0772898
-0.132859
0.0330051
-0.624115
1.63903
0.0414321
1.0152
0.149879
-0.0221774
1.09168
0.0722349
-0.496803
0.150373
0.0641293
0.297442
0.0887234
0.396948
-1.77688
0.286133
0.233427
0.726182
-0.212246
-0.129435
-0.191909
-1.63197
-0.378319
1.72803
0.100769
-0.0469995
0.31859
0.0336047
0.315662
-0.955392
0.00363063
-0.0458822
-0.430476
0.0991098
0.113065
0.308523
1.70692
-0.876712
1.54073
0.326415
-0.550934
1.66383
0.460739
-0.0949188
-0.180921
-0.179711
-0.0434591
-0.298908
0.181723
0.380183
1.2638
-0.000528045
-1.017
-1.27218
0.144347
0.291322
0.22846
-0.00561316
1.25134
-0.0818269
0.476053
-0.310643
0.400681
-0.0877705
-0.0580328
-0.0283958
-0.294307
-0.839881
0.532019
0.786059
-0.0550197
-0.0669915
-0.0778514
0.133849
-0.0886768
-1.31263
-0.387494
1.85607
0.146131
-0.951732
-0.0717298
0.166687
-0.17693
-0.0599567
0.123701
-1.08378
-0.165375
0.248374
0.907372
-0.0636594
0.0224361
-0.826885
0.122567
-0.208353
-1.90093
-0.0993268
0.360316
1.4647
0.0347694
0.159358
0.103449
-0.192233
-0.190074
-0.687835
-0.142426
-0.258951
-0.0541074
0.0455257
-0.208308
0.0358775
-0.805436
-0.289562
0.248618
0.167996
-0.101715
0.282447
-0.255708
-0.871577
0.878441
-0.0542933
-0.0442199
-0.180535
-1.41834
-0.204185
-0.0430638
-0.13766
-0.23802
0.228393
-0.319874
0.216301
0.231224
0.935377
-0.139639
-1.16321
0.337841
-0.679537
-0.160698
-0.100919
1.94498
-1.47355
-0.266727
-0.135756
0.191483
1.57933
-0.620016
0.0285232
-0.127561
0.292414
0.250359
-0.27182
1.17868
0.42422
-0.222273
0.0314912
-0.13463
1.60173
0.00670805
0.858516
0.0836727
-0.00390075
1.04398
-1.16099
-0.289126
0.177083
0.880125
-1.30428
-0.333485
0.00668724
-1.36758
0.610119
1.15798
0.0331586
0.979662
0.118778
-0.209372
1.29024
-0.197332
1.60637
0.946885
-0.360964
1.46387
0.272962
0.335297
-1.52821
0.0505962
1.53859
0.0535808
-0.0997753
-0.113459
-0.0610279
0.0325052
1.01383
-1.33729
1.81101
0.494833
0.976127
0.308015
-0.0542757
1.07884
-0.826352
0.152969
0.171759
0.321682
1.1726
0.0678748
0.444682
0.118287
1.20636
-0.20859
-1.76105
0.126189
0.118977
-0.020073
0.0939297
-0.186291
1.68239
0.27298
-0.00337005
-1.21807
-0.172709
0.315079
0.305599
-0.422559
0.988635
-0.105571
0.570286
-0.235809
-0.0626372
-0.274849
-0.0694692
0.063193
0.269985
0.17343
-0.0132965
-0.591363
-0.0751416
0.0933718
0.103997
-0.103214
-0.0747704
-0.122287
0.169208
-0.125263
-0.192849
0.632063
-0.94635
0.121687
0.0979581
-0.569685
-0.24699
-0.175959
0.231867
-0.103972
-0.144675
0.0974667
0.0731993
-1.30841
-0.347012
-0.476807
-1.6962
0.0122324
-0.197985
0.340855
0.608872
-0.0427445
-0.605725
0.00987181
0.023728
-0.0225971
-0.558839
-0.107064
1.22863
0.30808
1.56986
-0.0113348
-1.62164
0.221858
1.20207
0.110582
-0.0309403
-1.25487
0.00236069
0.14417
-0.624619
0.134485
0.618844
0.0779829
0.137125
0.105227
-0.141478
1.93464
-0.127557
-0.524917
-0.0623443
-0.44528
-0.123915
-0.113292
-0.108937
-0.50956
0.382962
0.186752
-0.0745199
1.69504
-0.507762
0.139999
-0.398849
-0.16014
-1.99006
0.048891
0.545042
0.287978
0.0447034
-1.07403
-0.710405
1.91022
-0.0793358
-0.133655
-0.0832196
1.89509
-0.0405014
-0.100727
0.100372
-0.0596984
0.0201424
0.0743758
0.178911
1.75581
0.172526
-1.95088
0.00525238
0.743086
-0.0131991
-0.173404
-0.210425
-0.282155
0.193746
0.032788
1.50276
0.158639
0.00413733
-0.0267979
0.0260709
-0.128434
-0.0443055
-0.0491909
-0.222476
1.7449
1.04134
-0.0896651
-0.0686777
-1.24372
0.00088983
-0.167328
-0.297868
-0.421912
-0.140053
-1.84176
-0.0988048
-0.228538
0.900471
-0.172116
0.154869
-0.218515
0.100256
-1.33017
-0.923339
-0.0945939
1.30164
-0.0281315
-0.0930458
-1.24842
-0.165624
0.351127
-0.412009
-1.06458
-0.271985
-0.0426233
-0.757383
0.098907
-0.950008
0.224399
-0.129816
1.95087
-0.0332109
0.217978
0.891081
0.0175123
-0.141565
-1.93515
-0.0667381
-1.71155
-1.1097
0.146567
-0.241029
-0.131542
0.631711
1.50766
0.052107
-1.24878
-0.158859
-0.405203
-0.118763
-0.0974724
0.00485253
-0.162653
0.275923
-0.114249
0.262702
0.222688
1.87443
0.00639486
-1.31187
-0.0944272
-0.229173
-0.0117923
-0.00961959
-0.780221
-0.00547459
0.160973
-0.0322732
0.283243
-0.79982
0.00721652
-0.283705
-0.642789
0.178793
0.0922031
1.21829
-0.286728
0.070789
-0.097918
0.312558
-0.189994
-0.0401922
-0.0658652
-1.72721
0.118222
0.15802
1.24424
-1.32981
1.24188
0.330136
-0.297304
0.31892
-1.03645
1.31474
1.53979
0.403577
0.382564
1.07395
-0.0189898
0.0780091
-0.0303757
-0.170099
0.0190506
0.0842267
-0.382191
-1.87088
0.0964062
-0.880475
0.104107
-0.143733
0.20261
0.0416765
0.177744
-1.85396
-0.163649
0.168112
-0.152088
-0.233065
0.201508
-0.689695
-0.142663
-0.216477
-0.489592
-1.53294
0.0364202
-0.00766048
-0.109843
0.165927
0.150248
-0.149067
1.25476
1.26621
-0.0343079
1.58566
-0.570561
-0.216424
0.216896
-0.821389
0.102747
-1.86966
0.20927
0.0695293
-0.119935
-0.427064
-0.0178641
-0.300212
-0.00297258
-0.554591
0.386956
-0.0739076
0.153689
0.150745
0.728606
-0.0472137
-0.863921
0.142149
0.106497
-0.157675
-0.197066
0.0179923
-0.349371
0.192904
-0.020237
-1.02251
0.183772
0.0458938
-0.234489
0.646537
0.00877396
-1.57328
0.762083
-0.128976
0.0319344
0.193368
-1.56316
1.76827
-0.19609
0.372392
-0.169966
0.181388
9.05796e-05
-1.25755
0.135839
-0.637798
0.0504816
0.214584
1.74905
0.211215
0.471856
0.544142
-0.682372
-0.147863
0.0816004
0.0248361
0.33104
-0.0249428
-1.31764
1.28598
0.264679
0.071481
-1.18495
0.112646
-0.620916
0.156325
1.64867
0.0061987
1.84907
-0.0802522
0.00895826
-0.13483
0.338472
-0.0897965
-0.0938847
0.206135
-0.0938504
0.442042
0.534517
-1.94371
-0.935279
0.801493
-1.2706
0.0573834
0.463648
0.0255654
0.0556751
-0.059218
0.0516262
-1.39436
-0.181794
-0.0129195
0.160014
0.265473
1.03348
-0.0877526
-1.43281
0.0885671
-0.0387832
-0.030093
0.606728
1.78598
-1.56408
0.0126395
-0.173257
-1.95502
1.01134
0.281244
0.0344854
0.099928
0.403784
-0.258776
0.0882455
1.23215
-0.0883858
0.11106
-0.344934
0.169932
0.768484
0.85109
0.257538
0.0264261
0.231979
0.241757
-0.571855
-0.416331
0.827813
-0.073437
0.180801
-0.312507
-1.8536
0.142479
0.160432
1.87459
1.48799
0.0439006
0.225909
1.38781
0.300639
1.1679
0.269638
-0.0493855
1.63504
0.0873877
1.32939
1.67033
-0.156376
-0.255441
0.860004
1.55726
0.152501
0.0529517
0.103562
0.114512
-0.0295594
-0.0161619
0.119334
0.0406383
0.0196946
0.388672
0.31361
-0.350045
1.41618
-0.187941
0.238038
-0.235835
0.368097
-0.150649
-0.566471
-0.104611
0.0515954
-0.0974807
-0.0407128
0.0438197
-1.44956
-1.45337
0.702473
0.67643
-1.6998
0.229386
0.0180543
0.271213
0.184188
0.115307
-0.0465565
0.160402
0.783922
-0.0293235
-0.191859
-0.337156
-0.129757
-0.0873766
0.173774
1.39823
0.00941567
0.359008
1.69994
1.74409
0.79284
0.355844
1.53049
1.18504
0.948114
-0.242337
0.883949
-0.238745
-1.40346
-0.148822
-0.294604
-1.53558
0.346875
-0.00286124
0.0675727
1.60402
0.139604
-1.80063
0.99472
-0.0910741
0.0874665
0.643215
-0.0984858
0.0336138
-0.74323
-0.0631847
0.103159
0.658975
-0.244931
1.35815
-0.0504537
-0.899099
0.197427
-0.139151
0.111346
0.226438
0.217007
0.320185
0.0904942
0.0167916
-0.167845
-0.0315739
-1.80635
0.612486
0.45732
-0.0400737
-1.66132
-0.610011
1.76466
0.174318
1.4262
0.101928
0.198969
-0.0585036
1.43349
0.0814464
0.0515676
0.613732
-0.157168
-1.13176
-0.885627
-0.0715565
0.456291
-0.829803
-0.0448909
-0.270231
-0.0715498
0.122397
-0.205933
-1.3231
0.528694
-0.167905
-0.901909
0.0661585
-0.0610588
-1.7724
1.38512
-0.0311806
1.4153
-0.08548
0.0127195
0.90688
-1.38751
-1.95937
-0.120623
0.0648618
0.0716713
0.256783
0.536718
0.0139112
0.0776268
0.805391
0.967797
-0.157074
0.0456735
0.160938
-0.0713537
-1.97763
0.16141
0.826856
-0.345711
-0.128709
0.0576166
0.291546
-0.110184
0.185712
-0.00790519
-0.171878
1.1462
1.51629
-0.0217481
0.225093
0.26607
-0.980699
0.00296838
-0.0408595
0.31471
0.419631
-0.0303085
-1.79113
-0.0925424
-0.317488
0.419441
-0.0843063
-0.317242
0.171504
-0.646121
-0.19328
-0.0386896
0.0212306
-1.52988
-0.0777934
1.37605
0.0492103
1.1322
-0.0339419
-0.896387
1.19303
1.45788
-0.452846
0.192956
0.761686
-0.0402039
-1.58294
-0.0303676
-0.685675
-1.76424
-1.53141
0.120568
-0.146908
0.711745
1.68095
-0.0399125
0.148199
-0.0635999
-0.331898
-0.419877
-0.132904
0.0219171
1.57862
0.520317
0.165532
-0.632143
-0.725888
0.939467
-0.0491338
0.0978328
-1.61818
-0.221064
-0.16832
-1.87104
0.286931
-1.16398
0.120742
0.59324
-1.14648
-0.143517
0.0805902
0.15373
0.423553
-0.18795
0.143691
0.0125011
-0.0812656
0.0705172
-1.97092
0.128061
0.760545
0.118594
0.302533
-0.391719
0.264725
0.256412
0.21674
-1.20625
-1.72222
-0.0927362
1.52203
-0.262779
-0.535143
1.45423
0.0670481
-0.0919932
-0.166486
0.401627
0.245892
0.0840613
-0.0334923
-0.668992
0.240257
0.104285
-0.0226673
-0.336607
0.172455
-0.17504
-1.13953
1.99631
0.275328
0.452247
-1.91092
1.13385
0.0739457
0.0335258
1.39462
-0.076282
-0.210938
0.150815
-1.73699
0.0687468
-0.25616
1.28468
-0.296922
0.326508
0.28341
-0.163347
-0.102917
-0.978787
1.56361
0.164519
0.162098
-0.967261
0.3652
-0.78226
-0.051777
-0.00490421
0.0873523
0.17792
-1.13784
0.486984
0.20052
1.43737
-0.0107242
1.97126
1.8298
0.0813547
-0.171362
1.38345
0.0982914
1.62404
1.95474
0.200563
0.0898992
-0.0271214
1.69952
-0.335998
-0.3399
0.321402
0.36289
1.77439
0.210742
0.0884276
-0.174086
-0.0259658
0.0359983
-0.567657
-1.05074
-0.47861
-0.0862655
1.82414
0.739224
-0.146541
1.23809
0.242863
0.428713
0.0452971
0.0770967
-0.1755
0.227646
1.53879
0.0689904
0.809901
-0.218442
-0.740553
0.372806
0.951404
-0.737982
-0.965556
-0.177368
-0.0565926
0.0341626
-0.506413
-1.36262
-0.697894
0.152965
0.650184
1.05059
-0.0459805
-0.116316
-0.468842
0.429728
-0.374834
0.454328
0.330869
-0.18641
-0.07313
1.60628
0.360816
-0.242693
-0.107823
0.423362
-0.767027
-0.700074
-0.0820872
0.367236
-1.41721
0.208748
1.62387
-0.206136
0.00225726
0.0475249
-0.151538
0.0158461
-0.122541
0.0691873
0.216783
1.16877
-0.225168
-1.04466
-0.318418
0.0412085
0.0463396
0.212081
-0.112697
0.0774973
-1.28315
-0.035415
-0.322186
-0.0770758
-0.354927
0.0510956
-1.45975
0.159666
-0.556663
-0.118471
0.0459535
-0.10222
-0.134933
0.91851
-4.66391e-05
-0.0405949
0.15488
-0.112358
-0.243868
-0.519321
-1.92515
-0.104377
-1.40074
-0.176916
0.0139629
0.26002
-1.47312
0.0986208
-1.44242
0.150828
1.87231
-0.0179943
0.0776239
0.144117
0.125164
0.0731277
-0.332148
0.126648
-0.0752701
-0.0622825
-1.30742
-1.96405
0.903576
-0.134861
-0.118994
-0.245699
-0.042169
0.47963
-1.68155
-0.219336
-0.589574
-0.311625
0.0958789
1.73744
-0.382469
0.050047
1.70048
-0.106882
-0.345047
0.447581
-0.557287
-0.276875
0.0466947
-0.108969
-1.2581
0.308989
1.79617
0.0885614
-1.56347
-0.159
1.20976
1.5533
-0.031536
-0.227944
-1.67828
-0.0462723
0.0746105
0.137557
-0.0194415
0.749452
0.315004
1.98037
-0.223698
0.0345305
0.303354
1.87304
-0.0461351
0.240837
0.0813587
0.100461
-0.0360094
-0.214738
0.0240053
-1.95959
0.264258
0.192166
-1.58867
1.04412
-0.12932
-0.172296
0.360353
1.35365
-0.0222554
-1.41939
0.205015
0.960089
-0.807135
0.277138
0.906603
0.173346
0.108304
0.362026
-0.168601
-0.462534
0.459178
0.0552739
-0.0774702
0.0460782
1.43382
0.607559
0.88877
-0.0519838
-0.172829
0.101138
1.72179
1.02444
-0.14715
0.488686
-1.30945
0.0926943
1.95079
-0.162454
0.953386
0.619557
0.0573496
1.21339
-0.0474634
-0.279497
-0.00142283
0.785934
-0.0837806
0.141588
-0.101889
0.310621
-0.0349621
0.19179
0.0402233
0.152935
-1.99122
0.0138112
-0.0326025
-1.85352
0.0952347
-0.158774
0.0454413
0.0455531
0.996399
0.199578
1.89627
1.48064
0.155411
0.191356
-0.022976
0.230452
-0.456568
-0.495503
-0.13335
-0.0765012
0.0115523
1.60599
0.0930638
-0.028543
0.625781
0.200125
1.19592
-0.21521
-0.333867
0.0453798
-0.173292
-1.81034
0.880004
0.040258
1.77207
-0.0331288
-0.344317
-0.0350393
-0.0636166
0.0951125
0.527012
0.478425
-0.177518
-0.307005
1.18635
-0.185933
0.0878236
-0.0329202
0.097229
-0.373117
0.15501
0.0179828
0.189447
1.74615
0.210095
0.0422582
-1.48515
-0.0353852
0.118388
-0.0278936
-1.2218
-0.108212
-1.20459
-0.287695
-1.81769
0.00942332
-0.8567
-0.195449
-0.735438
1.46867
0.0570857
-0.103458
-0.149312
-0.0405474
0.171284
-0.0289227
1.59578
-0.0389525
0.0501091
-0.846818
0.191134
1.93838
-0.00445489
1.16446
-1.26168
-0.15414
0.195929
0.965194
0.194525
-1.51032
-0.188779
1.52709
-0.153103
0.387765
-1.73923
-1.26491
0.130078
-1.43801
-0.0578379
-1.67167
0.163042
0.141352
0.974072
0.132473
-0.111027
1.53418
-0.0078743
-1.59489
-0.199232
0.163157
0.0633643
-0.26447
-0.0171402
1.85201
1.55071
0.712751
1.35858
-0.0788702
-1.85397
-0.901411
-0.171184
0.082651
0.12856
0.175174
-1.82929
-0.106865
-0.22224
-0.0460607
1.51621
0.205583
-1.60785
0.245579
-0.157857
-0.360809
1.7635
-0.173532
0.205856
-0.0939529
-0.386029
-0.496257
-0.184998
-0.119278
1.83455
-0.0509563
1.50187
-0.18568
0.135166
-0.0490053
1.71407
0.933345
0.173999
1.57243
-0.368742
0.978742
-0.0607603
0.232287
-0.150143
0.194695
-1.07627
-0.0419241
-0.0495489
-0.382264
-0.0348465
0.0789399
0.0870578
-0.789607
-1.77128
1.87202
1.2488
0.107755
1.14834
-0.0292249
0.165514
-0.503652
-1.42517
-0.839073
0.0270413
0.111013
0.306741
0.174924
-1.39464
-0.0878466
-0.329506
-0.0696809
-1.34248
0.175731
0.542825
0.148063
-0.0973228
-0.123902
-0.0424184
0.219743
0.726583
-0.550363
-0.0664117
-0.155125
0.156039
0.330639
0.0464863
0.053307
-0.244474
-0.0205018
0.0884378
-1.06403
-1.75672
-1.30855
-0.0821901
0.127801
-1.23908
1.55142
1.65096
0.963231
-0.203578
-0.44727
-1.90778
-1.98609
0.0334109
-1.98791
0.120949
-1.74606
-0.0671854
-0.274083
-0.0311667
-0.532721
-0.135188
1.0175
0.379608
-0.207002
-0.250184
0.223345
0.159374
0.110865
0.158633
-0.135148
-1.32725
1.74199
0.743576
-0.138821
0.9322
-1.0503
-1.38499
0.147487
0.209898
0.0150398
-1.25159
0.129913
-0.142632
-0.030832
0.142367
-0.142339
0.590346
-1.99182
-0.800581
-0.0250977
0.231444
0.0459588
0.320873
-0.151139
0.224766
0.153343
-0.0255161
-0.0331926
0.507286
-0.214014
0.238833
-0.497033
0.185046
0.0324419
0.104966
0.881872
-0.0342624
0.0697786
0.105456
0.235748
-0.0214403
-0.354713
0.183518
0.160268
0.163623
0.98118
0.00156519
0.151201
0.138536
0.0329939
-0.0142859
-0.351729
0.0502437
0.214255
0.618914
-0.814997
-0.450351
0.205991
-0.344109
-0.06596
0.196869
1.56125
0.364043
-0.0644169
0.492291
0.237902
-1.71517
-0.0937942
-0.647511
1.22913
0.674938
-1.14068
1.16124
0.152198
0.124066
0.181776
0.225694
0.160191
0.468538
-0.794764
-0.288534
-0.127938
-0.393678
0.977919
0.0511758
-0.0482016
0.466244
0.344874
-0.249017
0.0666016
-0.0449168
0.264603
-0.250205
-0.114408
-0.10359
-0.0171591
0.502205
0.227792
0.13471
-0.758611
-1.09815
-0.175166
0.154517
-0.0996562
-0.544578
1.08309
0.806664
-0.0103631
0.14162
-0.0432643
-0.0643456
1.15106
-0.211575
-0.176554
0.205236
-1.89416
1.3924
-0.00678553
0.164562
1.61647
0.0587285
1.14166
-0.142658
0.582294
0.0228224
0.0382095
0.705612
-0.471043
0.0192479
-0.259143
-0.132371
0.0467213
0.124379
0.15711
-0.448803
-0.229057
0.0692382
-0.191582
-1.51491
0.0783588
1.27016
-0.086203
0.0407363
0.163497
0.739292
1.45703
-0.0126089
0.00577327
1.4628
-0.191399
-1.0757
0.458553
-0.785832
1.52421
-1.28529
-0.041191
-0.0781359
-0.15203
-0.13474
0.10768
0.152413
-0.139876
0.499205
0.00956723
-0.0719276
0.430065
-0.760598
1.17243
0.0669493
0.448316
0.0391637
-0.0272117
0.0680796
0.0499939
0.253373
-0.175944
0.733001
0.121729
1.82493
-0.142665
0.0124973
0.231307
-0.0319634
1.89895
-0.371171
-0.634482
0.592879
0.111137
-0.249918
0.18818
0.101937
-1.18641
0.0475671
1.14823
-0.332182
0.224156
0.0343573
-0.891559
0.12374
-0.0217653
1.48579
-0.995311
0.00925616
0.234233
0.405525
0.0836263
1.84229
1.07105
1.35188
0.0809324
1.63233
-0.00252294
-0.492862
1.39534
0.151146
0.432259
0.00732752
0.0516331
0.485553
0.105838
0.0663328
0.0431658
-0.493743
1.1551
0.962997
0.750819
1.26699
-0.151378
-0.0175185
0.0132529
0.119955
0.017232
-0.100564
-0.459086
1.01181
0.0528947
0.949852
-0.260605
-0.245933
1.91933
0.609392
-0.232783
-0.168248
0.41204
0.164126
1.2985
-1.39852
0.0425776
0.282539
-0.249429
-0.655375
-0.00494292
0.369473
-0.123176
-0.161629
1.24737
-1.0832
-0.0437291
0.100609
-0.0207738
-0.031802
1.43846
-0.992882
-0.150285
0.121927
-0.0338521
0.0506294
-1.13473
0.056093
-1.04912
0.127853
-0.0696041
0.957941
0.862986
-0.147361
0.0426653
-0.0233574
0.0576856
0.266334
-1.74765
-0.018025
-0.0552851
-0.142869
1.27898
-0.0484418
-0.0755625
0.0339465
0.0322659
-0.228889
-0.0367348
-0.158891
1.38287
0.618559
-0.450328
-0.252953
-0.064751
-1.52061
0.177464
0.702676
1.30639
-0.0257886
-1.04871
-0.140196
-0.252715
-0.0774983
1.7347
-0.185014
-0.260018
-0.0216764
1.70544
-0.113771
0.238592
0.80644
0.348859
-0.258599
1.11482
0.241015
-0.231509
-0.224101
-0.109706
-1.16254
1.86481
0.770902
-0.50054
-0.0271614
-0.319662
0.645033
-1.06867
0.0596504
0.248527
-1.04745
0.136699
0.219601
-0.0117361
0.0438954
-0.289676
0.0391069
0.178669
0.024107
0.251574
0.0843415
-0.796619
-0.423382
-0.159353
1.76095
1.83146
0.130053
0.038697
-0.231361
-0.762407
-0.11291
-1.48559
-0.18606
1.29888
-1.3587
0.230755
-0.0725875
0.223615
0.17748
0.142886
0.176459
0.146097
1.0177
-0.453532
-1.89408
-0.00458485
-0.145774
0.0772208
-1.01417
0.193702
0.141797
0.118151
0.086063
0.0975505
0.275979
1.30253
-0.113752
1.95465
-0.0664596
0.208527
1.73773
0.71767
0.392817
1.98624
-0.263492
-0.585448
-0.18565
0.378689
-1.45698
-1.12019
1.44887
0.0150136
1.61575
0.363004
-1.17994
-0.0386641
-0.0424661
0.235981
-0.121104
1.29676
-0.464464
1.48265
0.243369
0.225458
0.115708
0.147058
-1.91883
-0.144638
0.461302
0.142793
0.166583
0.329799
1.13452
0.244198
-0.168417
-0.0843139
1.72711
-0.0298589
0.177933
-0.162782
0.190906
0.772311
-0.0702682
0.175384
1.87149
-0.144173
-0.18947
-0.212216
0.39234
-0.364234
0.0206625
-0.0650309
-0.104776
-0.276727
-1.90229
-0.0481586
1.85663
0.079273
-0.271719
1.42039
-1.20225
0.0950925
0.681226
0.126723
-1.32001
-0.587042
0.411653
1.12073
0.123569
-0.709317
0.216357
0.52769
0.121174
-1.61973
0.749703
0.104449
-0.336701
0.657212
0.0820385
-0.535105
-0.870007
1.96141
-0.160415
1.01046
-0.24955
0.0767863
0.197688
0.280268
0.174724
1.14318
-0.136832
0.0821801
-0.00600949
0.0144943
1.68865
1.2461
0.0705694
0.0575897
-0.125458
-0.215023
-0.20989
0.260972
0.683494
0.0532256
-0.0444956
0.0654915
1.32175
-0.281384
-0.307909
-0.234138
0.170123
-1.50171
1.84189
-0.0807857
0.214904
1.19993
0.123885
0.251363
0.469006
-0.0115085
-0.142531
0.208438
0.0425079
-0.0514799
0.169635
0.225059
-0.526746
1.18708
1.51931
0.342063
1.25615
0.28089
-0.389156
-0.157868
-0.242145
0.782398
0.0548042
0.0954873
-0.176728
0.113978
-1.44433
-0.204917
1.85124
1.66279
-0.207117
-0.117094
-0.143268
-0.149744
0.0645757
0.926534
0.14408
-0.481681
-1.8083
0.0712242
0.0460553
-0.269844
1.5774
1.05631
0.135691
-0.129966
0.211849
-0.0237814
0.0967659
0.0294837
-1.419
-0.0882211
-0.0478907
-0.303453
-1.6458
0.0277867
-1.76685
1.33654
0.248869
-1.26408
-0.0550751
0.155522
-0.676335
-1.68763
0.375824
0.157767
1.29582
1.30059
-0.0287392
1.22987
0.705218
-0.258877
0.0430443
-0.0721227
0.0864806
-0.0702169
0.340088
-0.12703
0.0802813
0.590821
-0.464114
0.0777192
1.60206
-0.905323
-0.219501
-0.126322
-0.0956889
-0.70732
0.0890727
0.0921067
-0.191715
0.866873
-0.00429835
-0.0605737
1.14315
1.81477
0.79495
0.621712
0.146656
0.884722
-0.248897
0.175762
0.296191
0.414886
0.0660529
-0.281757
-0.0078372
-0.239169
-0.147578
0.140297
1.67952
-0.295836
1.86346
1.13886
-0.0175687
-1.1297
-0.106973
0.0866213
0.0793317
0.0608438
0.0468428
-0.226415
-0.775751
-1.66866
0.251086
-0.0906836
-1.25546
-0.330255
0.27932
0.233321
-0.123065
0.264749
0.199984
0.221896
1.02903
-0.164063
-0.224084
-0.00634472
0.746815
-0.391205
-0.182482
-0.154325
0.152434
0.0389797
-0.157826
1.96248
0.0527063
0.294176
0.02361
1.09286
0.141118
-0.870958
0.209377
-0.109752
-1.08754
-1.52389
0.0358097
0.153345
0.208473
0.263313
-0.0492607
0.0967215
0.117598
0.0656161
0.204432
-1.73631
0.395932
-0.0778091
0.0145164
-0.144623
0.0586577
0.0300302
-0.497383
0.205435
-0.864402
-0.0751923
-0.235729
-0.159861
0.874396
-0.213193
0.169824
0.149657
-0.167041
-1.33481
0.0248589
-0.0483906
0.0239096
0.252394
0.163127
-0.0400801
0.00318008
0.0661075
-0.0585938
1.12029
-0.0527711
0.1283
-0.0753626
-0.246918
-0.228414
0.238002
1.70953
1.45373
0.178919
-0.124644
0.160772
-1.49249
-0.0623088
-0.129223
0.997163
0.289079
1.33754
-1.17235
1.595
-0.252739
0.10216
-0.189894
-0.967707
1.81104
0.124071
1.23104
-0.545757
-1.27182
0.869896
-0.330222
1.66121
0.207768
1.43939
-0.131659
0.014734
-0.0637734
0.0680053
-0.0103199
-0.486742
0.230163
0.134039
-0.0948389
-0.20101
0.0881
-1.15872
-1.71384
-0.0301067
0.231563
-0.23149
0.232684
-0.034596
-0.253972
0.237871
-1.07652
-0.225464
-0.724999
0.105967
-0.336575
0.135556
1.69685
1.93261
0.0351974
0.0594911
0.190102
0.00691523
-1.66055
-0.213371
-1.83146
-0.0219358
0.141979
-0.125068
-0.402375
1.90297
-0.0604648
-0.330459
0.114859
0.0267944
1.32804
0.360185
-0.296716
0.664729
-1.10557
-0.036031
-0.150376
0.791851
1.82354
-1.72199
0.0633636
0.207839
-1.88999
0.029122
-0.495812
-0.0530038
-0.138688
-0.479783
-1.23123
0.179436
1.18269
0.303177
-0.356449
0.202859
-0.312233
0.122992
0.0811275
0.0167329
-0.0626867
-0.088431
-0.0147877
-0.299432
-1.06872
0.257787
0.130035
-0.321658
0.054673
-1.9284
-0.628555
0.181698
0.233447
0.0747675
1.51553
0.094206
-1.11432
-1.13439
-0.130062
0.0429573
0.385894
-1.87863
0.0874155
0.0573992
0.178073
0.243942
-0.0161658
0.0725475
1.84684
0.0769193
0.0494519
-0.102072
-0.0460921
-0.130293
0.861803
-0.161871
1.97862
-0.406317
0.492545
-0.901235
-1.22645
-1.46064
0.0243564
-0.0747028
0.128677
-0.00237721
-1.48423
0.0435462
0.0476984
-1.17102
1.78718
-0.0227075
-1.56414
-0.0145627
-0.0138714
1.60084
0.0770632
0.0636385
1.43438
-1.71057
0.317105
0.0781528
0.249568
-0.0861157
-1.21706
-0.0841636
-0.207242
0.149261
0.0993763
0.405897
1.11595
0.201818
1.4214
-0.219495
0.0184804
-0.451896
-0.611199
0.358328
-0.242651
-0.0910849
0.133704
0.0359801
1.13048
-1.28473
-0.0827999
0.0243664
-0.55409
-0.366946
0.104961
1.22642
-1.75342
0.15417
-1.06991
-0.166444
-1.49774
1.44958
-0.371933
-0.111508
-0.617629
-0.102245
0.257874
-0.521313
-0.482231
-0.260685
-0.178875
0.127493
-1.00182
0.172096
-0.309177
0.953684
-0.14558
-0.0952387
1.57754
-0.124224
0.870617
-1.8989
-1.86328
0.0379575
-0.178484
-0.0810741
1.41033
-0.10038
-0.120624
-0.1895
0.083085
0.277743
1.33358
0.157357
-0.0487874
1.79905
0.274153
-0.128879
-0.187064
0.104741
0.0898554
0.324031
0.000279468
1.28732
0.0799497
-0.0602602
0.342875
0.23536
0.326172
-0.306898
-1.94275
0.280909
1.93591
-0.125015
0.0537662
1.09033
-0.187362
-1.76779
-1.99905
0.0216609
-0.315797
0.133646
-0.507398
-0.163703
0.240631
0.146155
0.1245
-0.0439095
-0.41723
-0.436705
-1.03429
-0.0465231
1.37861
-0.202755
0.340523
0.251315
0.243716
0.0354562
-0.903223
-1.1506
0.219841
-0.159097
0.080765
-1.71424
-1.67261
-0.060503
0.390065
0.0631992
0.233415
1.68682
0.0442973
0.0843688
0.177311
0.165365
1.53762
-0.450944
1.79715
0.687559
0.419092
0.0538729
0.183778
-1.47118
0.366301
0.361421
-0.0430275
-0.0768992
-1.96562
-0.12498
0.0513924
-0.936306
-0.864361
0.154835
0.331353
0.0119329
0.166263
-1.0605
0.0401819
-0.306948
0.330969
-0.138341
-0.096092
-1.08845
0.0492927
0.0664904
1.14026
1.81898
1.42688
-1.12367
0.119021
1.61429
0.145204
-0.153797
1.96533
0.100154
0.0201521
-1.66493
-0.307245
0.109919
0.0377587
-0.0948471
0.243963
0.0685985
0.240238
-0.0117191
-0.550303
0.126429
-0.0359281
-0.414022
-1.06379
-0.157193
-0.115256
-1.05941
-0.977701
0.230567
0.363281
-0.294955
-0.0933866
-1.699
-0.166714
0.115468
-0.0480362
0.0981124
0.127632
0.67279
0.0451602
-0.239306
-0.27875
0.996506
-0.211882
1.23751
-1.82825
-1.01621
0.0856139
-0.430551
-1.308
-0.293562
-0.0484738
-0.245211
0.397695
-0.122484
0.0994
-0.286014
-0.0809047
-0.261362
0.161585
0.0119381
-0.117284
1.43595
0.0758022
0.425406
0.115108
0.0843647
-0.263448
-0.00528961
-0.431088
0.0601361
-0.37356
0.109793
0.151908
0.397528
-1.70548
0.141622
-0.33856
-0.471232
0.0452517
1.05931
0.262673
-0.0763598
0.274467
0.0786333
-1.17636
1.33422
-1.56268
0.448897
-0.306926
0.0988797
-0.679489
0.86138
0.0560599
0.0766486
1.44796
0.0841258
-0.11663
1.24214
-0.0125692
1.40587
-1.61318
-0.196525
0.0340685
0.866013
0.36798
-1.94959
0.463246
-0.170639
0.601589
-0.0145532
0.784656
0.389921
-0.958211
0.0680206
-0.134474
0.214055
0.094209
-1.63385
-1.61192
-0.0275497
-0.0240466
-0.733088
0.277819
-0.062679
1.62666
0.0284604
0.267401
0.894363
-0.183195
0.06831
0.311078
-0.159224
-0.236566
0.782366
0.202032
-0.164179
0.142168
-0.456336
0.198461
1.86138
-0.958635
0.0049079
-0.170855
-1.13261
-0.21406
0.129178
1.35861
0.273655
0.0047947
-0.025396
-0.080214
1.22044
0.00614714
0.0596853
-0.805237
-0.188635
0.259985
0.20134
0.048584
-1.40154
-0.222531
1.40641
-0.105455
0.171817
-0.133441
0.0191569
-0.52691
0.157579
1.58561
-0.0130564
0.195254
0.382008
-0.170969
0.131092
0.119941
0.018788
-0.00672808
0.0553016
-0.111384
0.0952155
0.11749
1.22256
0.275472
0.984896
0.226047
-0.0992212
0.18591
0.00515184
0.221645
-1.31136
-0.0853906
0.0803688
0.66659
-0.0797847
1.81687
-0.0231518
0.11736
1.29955
0.0855595
-1.01252
-0.971442
0.2528
1.02301
0.125863
0.170387
1.6746
-0.434831
0.131519
-0.927961
0.82229
0.10152
0.369184
-0.0629823
-0.0439231
-1.40092
0.899773
-0.128509
1.01987
0.0570501
-0.399242
0.128858
-0.276955
0.404105
0.863618
-0.198603
0.473188
0.220812
-0.855113
-1.68396
-0.38927
-0.03453
0.0449167
-0.0833691
-0.735631
0.0184807
0.0961767
0.0802693
0.153753
0.165149
0.0651015
-0.0379644
-1.16558
-0.24839
-0.384586
-1.65208
0.212421
-0.195696
1.71768
-0.140748
-1.49494
0.185771
-0.346728
0.0303096
-0.155167
0.268548
0.0160457
-0.258941
0.213636
0.231351
0.281806
-0.252169
0.280378
0.049196
-0.152947
0.0873193
0.737465
0.0235745
0.133927
0.0805793
0.0852112
-0.105788
-0.182186
-1.12591
-0.299238
-0.993711
-0.101419
-0.986838
0.237266
1.18901
0.0868814
-0.602879
0.166256
0.0761013
0.338345
0.0993427
-0.0534143
-0.900702
1.40015
0.230061
0.330034
-0.218595
-0.609726
-0.111128
-1.15044
0.235937
-0.154791
-0.155854
0.0608913
0.475422
0.0506277
-0.00210907
-0.217467
0.10992
-1.82834
0.00600565
1.78755
1.08165
0.0942295
-0.0107044
-0.118687
0.557485
-0.0492394
-0.126664
0.72849
1.06222
-0.349038
-0.0905698
-0.302358
0.278059
1.72188
0.0186208
0.264771
-0.35901
0.109567
0.0269484
-1.48817
-0.16362
0.150212
0.0424819
0.421969
0.0644801
-0.343257
0.158916
0.0874741
-1.0685
1.4067
0.0813356
0.120209
-0.309056
-0.612868
1.75725
-0.198369
0.0469658
0.0598694
-1.88063
0.287227
0.0974899
-0.433995
-1.7924
-0.347943
-1.45537
-0.255975
0.0525485
-1.96458
0.0794099
0.119255
0.0413584
0.196534
-0.0310031
0.163175
-1.80856
0.204135
0.0912166
-0.170548
-0.0385108
-0.0478703
-1.09594
0.336658
0.0228797
-0.067644
-1.35276
-0.161247
-0.182972
-0.0431751
0.33464
-0.451775
0.0360938
0.0067903
0.126041
-0.0102345
0.302368
-0.296893
0.948554
-0.159036
0.554604
-1.0357
-0.147693
-0.117367
-0.00597841
0.177901
1.39047
-1.0912
0.22502
-0.0540603
0.895853
0.0276667
0.0619411
-1.15458
0.281321
0.0693115
0.012308
0.247377
-0.272239
-1.81257
0.262171
0.401951
0.226152
0.952052
0.742142
-0.046275
-0.125139
0.149961
-0.111485
-1.30472
-0.160219
1.76541
-0.295514
-1.31691
0.0864565
-0.0598685
-0.605177
-1.9494
-0.0118929
0.213514
0.104935
-0.0341826
-0.235251
-0.992922
1.04428
0.301371
0.592037
-0.0684358
0.116203
-0.227114
-0.207049
0.538843
-0.626879
-0.025496
1.53503
-0.37687
0.0786341
0.204669
-1.31309
0.0211148
1.04192
-0.0111866
0.330218
0.0808248
1.57057
0.141296
-0.19162
1.89566
1.65096
-0.0251911
-0.0885451
-1.43386
-0.607851
-1.56495
-0.157422
-0.0276822
0.274701
0.764164
-0.578904
0.223618
0.386069
1.64054
1.49942
0.110547
0.192595
-0.411844
0.0903332
-0.0768138
-0.240553
1.10959
-0.947837
0.178625
-1.69263
-1.61957
-0.445499
0.338431
0.04384
-0.0496583
-0.144892
0.576912
0.0162558
1.13868
-0.377911
1.42771
-0.180552
-0.056214
0.128762
-1.11735
-0.981925
1.98727
0.152191
0.468011
-1.89291
-1.13769
-0.711319
-0.194404
0.757673
-0.223064
0.236025
1.33907
-0.0226667
0.0270169
-0.220428
-0.181356
0.332241
0.115127
-1.48013
0.139548
0.540227
-0.0598008
0.0894119
-0.0202335
-0.00700401
0.274974
0.0650752
-0.00105573
0.325722
0.172038
0.369492
0.121065
0.225349
0.0311879
0.498728
0.178571
0.0465302
-0.435508
-0.0709474
-0.458602
0.265981
-0.0574475
-0.994094
0.338285
-0.0380874
-1.957
1.90692
0.113061
1.49859
-0.183957
0.924134
-1.97105
-1.77365
0.208096
-1.00356
0.722996
0.696483
0.566896
0.384112
-0.483668
-0.0518798
0.293338
0.142332
-0.0578089
0.168399
1.52718
-0.0365478
-0.224254
0.123742
-1.4488
-0.927131
-0.103956
1.96134
0.240667
0.0647603
0.252303
0.0754202
-0.111127
0.180185
0.0434773
-1.46342
-0.179621
0.223209
0.437277
-1.66136
-0.0171437
0.229377
0.259053
-0.359775
-0.822245
-0.157825
-0.086573
0.31637
-0.196125
-0.081382
-0.119704
0.546342
0.140268
0.0535191
-0.0851037
1.56686
-0.285013
-0.0337392
0.0947969
0.730749
-0.698402
0.0756162
-0.149088
-1.29248
1.30116
-0.301963
0.362002
0.0541148
0.230802
-0.25498
1.38737
0.0752527
-0.212587
-0.358249
-0.199649
-0.110398
0.135202
-0.0758138
1.25251
-1.82822
0.458973
-0.38123
0.173642
-0.425728
-0.666044
-1.74402
0.157041
-0.589844
-0.260786
1.59454
0.667206
-0.23269
-0.226669
-0.0594201
-0.222161
-0.290567
0.218739
-0.267438
1.79367
-1.83788
0.190312
0.017379
1.12518
-0.0677307
0.595126
-0.103444
0.547278
-1.03405
-0.118879
0.263164
-0.425997
0.0360159
-1.75926
0.211467
0.121208
0.168856
0.107269
0.0322178
1.00532
0.0339908
1.25143
1.28564
1.34254
-0.79081
-0.171427
-0.128312
-0.00896324
-0.284158
-1.93208
0.627581
-0.209143
0.0824319
0.238022
-0.0829524
1.44736
0.442183
-0.263822
-0.154112
-1.39455
0.0339172
0.0350436
-1.15881
0.182133
-0.101061
0.176071
-1.47023
-1.4422
0.480578
0.0717955
1.47697
-0.0346304
-1.18535
0.0370475
-0.103575
-0.00709524
-0.817519
0.214402
0.134034
0.564195
-0.0623827
-0.0203421
0.161121
-0.28534
0.207799
-0.0623494
1.95444
-0.103732
-0.125971
0.335915
0.182206
0.594557
0.182154
0.00374503
0.155422
-0.0497593
-0.225374
0.647491
-0.151155
0.725411
-0.0890477
1.25092
-0.133043
-0.89089
1.08562
-0.12855
-1.60057
-0.110626
0.0639544
0.181984
1.64399
0.120978
-1.85777
0.697095
0.285598
1.03695
1.32678
-0.140149
-0.347631
-1.32771
1.14893
1.55618
0.0697841
-0.0681773
0.0289066
-0.276058
0.603997
0.0655816
-0.0989018
-0.146411
0.00499865
0.0802746
0.228608
-0.0381061
0.400646
0.105313
0.275136
-0.160645
-0.0125956
-0.191341
0.254638
-0.0235821
-1.88202
-0.0214475
0.318055
1.14284
-0.103656
-0.0464721
-0.0878405
0.694997
-0.0206834
0.62611
1.7619
0.0415236
1.85178
-0.095575
0.0172161
0.150897
1.39199
-1.47359
0.228333
1.07599
0.10763
0.72347
-0.418742
0.118908
1.30961
-1.64282
0.0397198
-0.265154
0.0821984
0.120204
0.213555
-0.170617
-0.101827
1.36411
0.29771
0.302272
-0.043935
0.20987
0.650521
0.441262
-0.0397851
1.71359
0.133947
0.549487
-0.149019
-0.0828224
0.178346
-0.518928
-0.0642393
0.375833
-0.286062
-1.46145
-0.164801
1.21465
1.36808
0.212379
-0.5747
-0.0263674
-1.95487
0.258093
-0.16052
-0.000517858
-0.00105573
-0.168585
0.224525
-0.56723
-0.169784
-0.323801
1.5286
0.953938
-0.259578
-0.471964
-0.721942
-0.344815
-0.299866
-0.223387
1.5834
-1.82031
-0.146713
-0.09561
-0.399513
-0.0474444
1.54668
1.91268
0.061893
-1.95513
-1.26061
0.273978
-0.0106022
0.370404
-0.0816638
-0.0744399
0.0126428
-0.141746
-0.183335
-0.024779
-1.69759
-1.93954
-0.740981
1.91387
-0.158958
-0.486961
0.161462
-0.247787
1.35693
-0.197027
-0.79165
0.0786214
-0.240728
-0.395124
0.767718
0.119632
-0.176761
0.416578
-0.66405
-0.104285
1.75626
1.22524
-0.237587
-0.275568
0.15111
-0.194617
-1.58799
0.132118
-0.168212
0.106576
-0.0874296
0.0496454
-0.151748
0.872499
1.47414
-0.265459
-0.0828477
0.219989
-1.38387
0.0918436
-0.15049
-0.142637
0.215913
0.259258
0.448585
-1.16414
-0.796521
-0.0777853
0.462566
-1.84076
-1.03679
0.297775
-0.0553786
-0.0210856
-1.05659
-0.459566
-0.516502
0.19021
-0.162014
0.703452
-1.80866
0.0569673
-0.153727
1.92133
0.0960054
1.33067
0.0545847
-1.84629
0.227679
0.0627551
0.365057
-0.311797
0.0921144
-0.248389
0.0518619
0.0485983
1.46455
-0.124037
1.53488
-0.0215561
-0.0118679
-0.154671
0.0392208
0.122319
-0.42696
-0.868256
-1.72055
0.308322
1.53451
-1.31625
-0.484541
-1.43465
0.170882
-1.95716
0.158778
-0.909679
0.50378
1.71909
0.066716
0.225634
0.170546
-0.103905
0.042518
-0.723981
-1.25074
-0.181154
0.200267
-0.0362076
1.27822
1.40166
1.02533
0.321004
-0.0335909
0.223881
-0.109472
0.632591
-0.838736
0.683896
0.268355
1.45517
-1.62552
-1.23004
-1.2009
0.0731542
-1.45758
-0.150615
-1.79193
0.113533
0.175114
-0.0485445
0.00608828
1.36841
0.10826
-0.250997
0.13761
-0.324994
0.148104
-0.201823
0.0377001
-1.28906
1.17517
-1.63657
-0.0759747
-0.170799
1.64855
-0.031992
-0.833114
0.0872874
0.190668
-1.92113
0.220848
0.362424
1.56385
0.831425
0.284071
-0.729195
0.0666389
-0.147978
0.274242
-0.116524
0.0678724
-0.000721065
-0.285586
-0.0603471
1.62605
0.386439
0.828375
0.00428356
0.145075
-0.248089
-0.0747348
-0.826632
0.654249
-1.4754
-0.161399
-0.100506
0.122008
-0.0220713
0.404621
0.1573
-0.266566
-1.62732
0.0781663
0.748807
-1.84485
-0.252737
1.27258
-0.555998
0.0907976
-0.114427
1.43423
0.407686
0.158804
-0.0987523
-0.0547009
-0.00613057
-0.0379721
0.807809
-0.183815
1.52836
1.1513
1.63954
1.77266
1.06688
-0.078754
1.79694
-0.118387
1.47407
-0.191114
-0.00171422
-0.0767542
0.0486009
0.0888006
-0.82555
-1.42286
-0.0280476
0.743421
0.0949492
-0.365166
-0.140796
0.107303
1.23646
-0.182952
0.0400676
-0.0830971
-0.153736
0.0692072
0.162442
0.0678629
-0.0957664
0.772362
0.0504561
0.239822
-0.0388115
-0.193264
-0.0883291
-0.144891
-0.0242835
1.80261
-0.358412
-0.0810804
0.01527
-1.57528
-1.10221
-0.754957
-0.0447346
1.53352
-0.27787
-0.0573087
1.46283
-0.470981
1.09229
-0.032351
-0.127943
1.31912
-1.10826
0.127449
0.0423433
-0.0599316
0.0588007
-0.67831
0.0269601
0.701724
0.701389
0.19687
0.276595
0.173877
-0.1024
0.00895229
-0.077768
-0.0737279
0.0142415
1.67503
1.71052
-0.0918566
1.70157
-1.81998
-0.0177681
-0.601807
-0.296798
0.0883393
1.98155
-0.357904
0.760605
-0.027696
-0.710761
0.768296
0.396825
1.83403
1.26283
0.0337167
1.32376
0.0727793
-0.241295
-0.267528
-1.60412
0.630904
0.276133
1.5882
-0.990001
0.630715
-0.16164
0.13387
0.127944
-0.0637156
-0.973821
0.125431
-0.160315
0.925783
-0.201317
-0.307899
0.200212
0.226026
-1.44711
-0.113022
1.89486
0.655663
0.0482476
0.969061
-0.367354
0.137227
-0.0895003
0.916024
-0.105445
0.0609851
1.22781
-0.0961938
-0.143607
0.0435574
1.23941
0.0899366
0.0608258
-0.904712
-0.895045
1.88689
-0.00697853
0.124304
-1.03596
0.923275
0.21363
0.0756666
0.0764473
-0.154081
0.74126
-0.0573225
-0.114152
-0.222123
0.0265582
-0.409657
-0.265863
0.113251
0.0555543
-0.0776251
-0.177955
-0.0662815
0.0967271
-0.506522
-0.258082
0.211162
1.485
1.96238
-1.10883
-0.00508637
0.0532535
0.029882
-1.27301
-0.0428427
0.0444383
-1.63325
-0.295719
-0.0257082
-0.261076
-1.14178
-0.282622
-0.132985
0.0381192
0.108284
0.0441742
0.433299
0.184999
-0.110727
0.187162
1.93123
1.87565
-1.445
-0.404391
-0.167994
0.079158
-0.500212
0.286284
0.00600091
0.129251
-0.845942
1.69795
-0.0243682
-1.27584
-1.43244
-0.671043
-0.217112
-0.414083
-0.0643141
-1.72677
0.214358
-1.73141
-0.083343
0.0923004
0.565043
1.36093
-0.754694
-0.235435
0.0114851
0.840189
1.46457
-0.0318023
1.78066
0.145731
-0.264528
0.151325
-0.081422
-0.0407158
0.742831
0.136992
1.43652
-0.128375
0.531708
0.212787
1.71462
-0.122071
-0.187613
-1.4403
0.214946
-0.061763
-0.155497
0.0129261
-0.0468324
-0.0434344
-1.24501
0.162597
1.08354
-0.00592253
-0.0627424
0.341892
0.0701546
0.470396
-0.182888
0.00294086
-1.52605
-0.0638204
1.45373
0.157694
0.486414
0.111963
-0.336679
0.18748
1.59276
0.0858485
-0.0941827
-0.428274
-0.0533039
-0.172082
1.32339
-0.333118
-0.35575
-0.186825
-0.474716
0.246541
0.471637
0.0773171
0.107889
-0.523608
-0.0403821
-1.15515
-1.415
-0.0640031
-0.198452
-0.0204307
-0.716485
1.88951
-0.123026
-0.239613
0.806472
1.85709
0.102192
-0.0821878
0.10547
1.26369
-0.43157
-0.0888373
-0.529014
-0.181205
0.618333
0.206403
1.6057
1.78971
0.114246
-0.0280875
-0.142174
0.000320154
-0.634011
-0.222331
0.125267
-1.43216
0.00304911
-0.301348
-0.714923
-0.182511
-0.0352907
1.98783
0.304285
-0.747908
0.861419
1.43118
0.301343
-0.701619
1.54246
0.151487
-0.164715
-0.0273597
0.167783
-1.48094
0.796859
-0.0443081
-0.0474967
-0.81749
0.0223126
0.096713
1.05519
0.0567998
0.255394
0.134051
0.24057
-0.0751658
-1.541
-0.4468
1.37801
-0.00878602
0.185762
-1.12447
0.233449
0.188702
-0.774957
1.82279
-0.203691
-1.6767
-0.133448
-0.233674
-0.0958659
-1.13615
-0.976626
-0.137155
-0.200229
0.0672866
-0.150323
-0.107177
-0.0842358
1.77831
0.20699
-0.698113
-1.2077
0.986911
0.108184
-0.00976875
0.379522
-0.0471451
-0.251062
-1.20042
1.18194
-0.019245
0.0482133
1.32783
0.201644
-0.448806
1.72321
0.136615
-1.06383
0.0728517
0.15309
-0.789531
-0.30619
-0.624363
-0.378406
-0.0701061
1.48686
-0.415337
-0.19829
-0.0744389
0.131762
-0.148698
0.13887
-0.316914
0.0816942
1.08677
-0.848933
0.147083
0.0236985
-0.0584617
-0.346186
-0.153872
0.717294
0.555438
0.34669
-0.186151
0.307795
-0.850498
0.271559
1.57627
-0.223015
1.45597
1.14798
0.031747
-0.145077
-0.0784608
0.270393
-0.000327751
-1.65473
0.0506966
1.41944
0.545714
-0.112249
0.120686
0.622171
-1.07363
-0.552424
-0.205709
-0.0158981
0.1933
-0.908583
-1.3252
1.52932
-1.53486
0.701915
-0.111481
0.146357
0.203505
-0.0421026
0.008547
0.018138
-0.286833
1.38208
-0.187738
-0.997279
0.0967306
-1.58839
1.32039
0.742396
0.223439
0.0402836
0.0905989
-0.206417
-1.80155
0.138636
0.167452
0.236694
0.0911861
-0.12032
-0.0129532
-1.0856
-0.0228246
0.981158
0.0753312
-0.0450594
-0.0612608
-1.00267
0.0125957
-0.11292
-1.9789
-1.30082
0.231315
-0.108298
-0.200765
0.287657
-1.02519
-0.0583571
-0.215264
-0.192597
-1.96955
-0.107121
0.31441
0.380295
-1.48261
-1.43371
-0.347314
-0.0368767
-0.0799655
-0.029581
-1.93767
-0.548087
1.93562
0.0494587
0.972794
-1.73169
0.200165
1.64076
0.0403858
-0.00561621
0.0615145
1.56342
0.0197002
0.187123
0.116343
-0.195502
0.889443
1.06436
0.022574
0.365414
0.18581
-0.170274
0.333364
-0.0422094
0.208157
-0.396898
0.0206143
1.72081
0.270472
-0.438451
-0.175017
1.7101
-0.114789
0.00113775
1.8228
-0.158752
0.692153
0.708688
-0.0317875
-0.0045785
-0.233555
-1.71943
-0.217079
0.12845
-0.267057
0.767666
-0.0727941
1.00673
-0.0998253
0.00708766
-0.220065
0.0992853
-0.115042
-0.232131
0.00955007
-0.167925
-0.0223085
-0.0264031
-0.00800435
-0.202389
0.724086
1.32282
0.144015
0.167538
-1.94163
0.207711
-0.250687
1.02946
0.0857654
-0.072396
-0.0141175
0.0213042
-0.0751675
-0.00143124
-1.22012
0.19332
1.81994
0.119626
-0.0352204
-0.0513954
-0.0775194
1.35609
0.929493
-0.0474375
0.0242544
-1.05319
1.67539
-0.999541
-0.169307
-0.433219
-0.41077
-0.0374078
-0.139934
0.281415
-0.196767
0.335205
-0.887683
-0.18651
0.195668
-1.24109
-1.59275
-0.0212038
0.5269
-0.781068
-0.437064
-0.74418
1.96816
1.79098
-0.0320602
0.0145616
0.338966
-0.092388
0.312857
-0.0623907
0.0974641
0.304973
0.284751
-0.197481
-1.52951
-1.88878
-0.114653
-1.62884
0.0162904
-1.61794
1.22135
0.0220383
0.282111
1.53319
0.0688993
-0.15487
-0.0991822
-1.57595
-0.279331
0.259065
1.10219
1.37252
1.04936
0.0102226
-0.545371
-0.166036
0.0929327
-0.193993
1.57311
-0.134015
-1.94052
0.0997986
0.0166768
-0.170471
-0.0347531
-1.35032
0.430608
0.175651
-0.182284
-0.123999
1.55057
0.287002
1.94195
-0.16843
0.0588773
-0.141802
0.163482
-0.0198861
-0.110912
0.163582
1.84905
-0.694201
1.99128
-0.0825787
-1.59687
0.20406
-0.109634
-0.263306
0.979152
-0.218319
-0.0927551
0.103696
1.37884
-0.839805
0.192268
1.83643
0.562624
-0.29269
0.018075
0.0620971
-1.369
0.0800055
-0.0752829
0.485055
-1.0699
0.18691
-0.183766
0.192326
0.459186
-0.0105349
1.00992
0.0549127
-0.161811
0.184927
-0.149223
0.038138
0.22492
1.06022
1.37113
0.0776141
-0.0429888
0.161977
1.9736
-0.00418038
-0.203302
-1.50203
0.0851934
-1.02121
-0.122775
-0.212942
0.130504
-0.139163
0.0219574
-0.535461
-1.54993
-0.764199
0.097837
1.15177
0.258912
0.0244169
0.388257
-0.250114
0.0627992
-0.124484
-0.292341
0.126008
-0.0284957
-0.854704
-0.204396
-0.225104
0.379865
0.102532
0.106263
0.920803
0.0294398
0.0351959
1.99655
-1.70234
-0.0802466
-1.32743
-0.203422
-0.055468
-1.82108
1.33871
0.00176098
-0.470672
-1.70561
-0.27995
0.0279711
0.0581392
0.465269
0.517123
0.265551
0.179454
0.925629
0.381556
-0.108793
-1.34458
-0.150242
-0.17657
-0.877425
0.098936
0.127025
-0.100261
0.974094
0.79826
-0.193686
0.26447
-0.0958943
0.822973
-0.000760878
1.72749
-0.0938779
0.246568
-0.185051
-1.00229
0.555941
0.252804
0.049296
0.188164
0.360467
-0.334609
-0.0655764
1.13287
-0.12758
-0.0549298
1.61009
0.107551
-0.139668
1.56043
-1.00287
-0.0493998
-0.0308031
-1.23522
-0.196192
-0.0496651
1.71797
0.191352
0.149291
0.719032
-0.120216
0.226149
0.0806082
-0.0526045
0.182026
0.0753593
0.133183
-0.254548
0.255568
0.0517401
-0.255191
-0.13373
-1.99967
0.126503
1.08045
-0.156991
-0.148513
-1.36575
0.831057
0.0134087
-0.0465389
1.62694
0.0987802
-0.260738
-0.589328
-1.13207
-0.0740939
-0.198328
0.22535
-0.093667
-1.4305
0.445875
0.581712
-0.195451
0.128026
-0.21182
0.116837
0.432885
-0.00852759
-0.272897
0.794438
0.00661699
-0.0930811
0.0398537
-0.286439
1.54889
0.364422
0.139298
-0.255448
-0.0389767
0.487307
0.148915
-0.129442
-0.0271189
-0.24294
1.61282
-0.348327
0.259685
0.0395899
0.226552
0.154274
-0.0307857
-0.146991
0.176446
-0.0485553
-0.115632
-0.190088
0.32736
0.145164
1.09687
-0.116509
-0.775324
0.143833
0.293262
0.409495
0.344332
0.0985287
-0.0600955
-0.294593
0.0323546
-0.255827
-0.185581
-1.60269
0.00854043
-0.00245927
0.292084
0.28497
0.126558
-0.115892
0.576281
0.20927
0.00937868
-0.811449
0.286068
0.283091
0.215221
-0.150764
0.194778
-0.0563922
-1.83771
-0.0442015
1.22572
0.162948
1.28878
0.0611739
1.67955
0.482391
-0.0436472
-0.154538
-1.31732
0.0501194
0.0131975
-0.00534644
-0.0875455
0.0575175
-0.224972
-0.259458
-0.306151
-0.449306
-0.10519
-0.144919
0.104843
-1.03376
0.508277
-0.130144
-0.144951
0.927462
0.313614
0.0321983
0.285407
-0.883743
-0.399167
-0.0743618
-0.121132
0.0810765
0.269562
0.173197
-0.440789
0.57195
0.361714
0.0482003
1.32086
0.795917
0.0986024
-0.680056
-0.139247
-0.0344575
1.74606
0.0570013
0.381106
-0.033709
-1.67787
1.49223
1.73353
0.171002
-0.149456
0.219781
0.130921
-0.836435
1.52853
-0.931439
0.0987025
0.0303826
1.87713
1.08394
0.0966855
-0.017486
-0.193809
0.236419
1.62003
-0.675597
0.0807235
-1.48344
0.295686
0.228936
0.20948
0.210525
-0.113391
1.30555
0.31157
-0.0791586
0.179905
-0.201712
0.516915
0.975611
-1.50431
-0.0834043
1.00428
1.5098
1.91522
-0.033794
-1.63963
1.19149
0.0589964
-0.0956413
1.8072
0.254731
0.0242866
0.0547244
-0.160223
-0.565081
0.0647171
0.22506
-1.25982
-1.02438
0.0202618
-0.415879
1.33919
0.0118892
0.0904754
0.0321214
-0.164797
-1.8708
1.02523
0.114507
-0.103033
-0.0335227
-1.3216
-0.100766
-0.361343
1.77706
-0.264149
0.53807
-0.024831
-0.152532
0.109919
-0.0810778
-0.074144
0.132875
-0.0196331
0.082814
0.209707
-0.0685938
0.157461
-0.213342
-1.10598
0.0794679
-0.060568
0.233634
0.00298938
0.264622
0.387842
-0.0426806
0.0822873
1.45265
0.163619
-0.422751
1.636
-0.0292039
1.06498
-0.0379261
-0.0496343
-1.81044
-1.01211
0.00458459
0.155833
-0.05499
0.0213741
1.62179
0.630824
0.783067
-0.0176968
1.12794
-0.0716429
0.0317065
-0.389944
1.60627
0.0496803
1.62263
0.106085
-0.142936
1.6924
0.0784447
-0.0688049
-0.0928687
-0.123884
-0.0991937
-1.55102
-0.348287
-0.303666
1.83837
0.145282
0.208737
-0.137572
0.193411
-0.392298
-0.156105
-0.14799
-1.51598
-1.45983
0.180277
0.107216
-0.688532
1.09503
-0.22932
-1.02104
-0.23597
0.146988
-0.0920145
1.75151
-0.140731
-0.500381
-0.0554889
-1.01325
-0.030762
-0.483002
-0.39267
0.0247178
0.215927
0.116377
0.125068
-0.0561299
-0.090708
-0.211163
-0.0590926
0.580309
-0.441848
-1.50596
-0.99363
0.0650265
-0.0827165
0.00714193
0.0167881
-0.439063
-0.157989
-1.26781
0.0169346
-0.0484756
-0.267815
0.00430578
0.151556
-0.0122977
-0.107296
-0.817856
-0.135862
1.00207
-0.310768
0.174075
0.0557658
-1.62387
0.3648
0.738535
0.0148979
-1.47971
-0.225012
0.21465
1.84689
0.111097
-0.564522
0.246772
-0.222371
-0.0297207
-1.88331
-1.62459
-0.0120463
0.108475
-1.07183
-0.585302
0.119919
0.463716
0.148543
-0.043137
-1.93
1.28814
-0.0601993
1.07847
0.831259
-0.113767
1.15689
-0.293125
0.0284676
-0.507933
-0.105176
0.136239
0.308696
1.75636
-0.0341926
-0.226699
0.594663
0.0621017
0.00749219
-0.0474225
-0.139805
-1.22138
-0.780797
0.766376
-1.576
0.594906
1.21011
-1.44448
1.89675
-0.107816
-0.193438
-0.0175636
0.408693
0.0361881
-0.208997
-0.118866
0.0458712
1.02045
-0.0296845
1.49803
1.45152
0.102907
-0.189441
0.253284
-0.0779516
-0.0614528
-0.0699346
1.82396
0.0357315
-0.175399
1.97766
0.267715
-1.77378
-0.0189176
0.057167
-0.0748438
-1.22872
0.162736
-0.146018
-0.0656454
0.206115
0.0250336
0.00497993
-0.00182876
-0.358253
-1.31522
-0.195014
0.119901
0.14107
0.00960565
0.706924
1.74833
-0.0214419
1.87803
-0.158559
-0.0854446
0.114367
0.299836
-0.0812468
-0.243339
0.0917109
-0.801182
-0.12849
0.055811
0.20712
0.0816433
-0.101572
-0.206891
-0.118114
0.902362
-0.211591
0.157432
-0.240126
-0.194593
-0.391937
0.204107
0.225599
-1.21554
0.0411482
1.69085
1.75475
1.31678
-1.73323
0.16882
0.0143834
-0.0338636
-1.03286
-0.67512
-1.3448
-0.0683715
-1.52663
-1.565
0.0571626
-0.226302
-1.91802
0.104056
0.194884
0.118949
0.027427
-0.767743
1.14366
-1.25661
0.0906437
-0.74494
0.37109
1.23556
-0.225587
0.816092
0.198997
0.0510121
0.286132
0.975203
-0.000291997
0.828134
0.156844
-0.937967
-0.00573656
0.0660736
0.00628145
-0.176563
-0.112442
0.0299617
0.130091
-0.0948469
-0.590787
0.168389
0.0534325
-0.0232159
0.339593
-0.371104
-0.515879
-0.154987
1.29789
-1.09188
0.120909
1.53978
0.0321639
-0.0444743
0.698447
-0.613271
-0.0987104
-1.23466
1.57508
-0.840055
-0.0361143
-0.0939788
-1.3292
-0.1123
-0.938433
1.8791
0.484622
-0.131003
0.0535927
0.00946723
1.29669
-0.769054
1.02133
-0.144096
0.125693
1.10393
-0.205976
0.275972
0.00907781
0.347985
1.94204
1.32429
-0.056402
0.247619
-0.025208
0.0178529
0.247504
0.193197
0.351777
0.173286
-1.01102
0.0193395
0.121957
-0.0994417
-0.226244
-0.0537184
0.778445
-0.0248657
-1.43153
-0.0434317
1.36563
-0.120062
-0.0331385
-0.224561
0.0864207
1.29581
-0.0502403
0.191419
1.29587
1.70244
0.0119204
-0.0195227
1.03791
1.38987
0.259495
0.496189
0.556216
-1.93559
0.233666
1.72115
-0.00402263
-0.0809711
-1.60069
-0.187067
-0.165899
-0.220326
0.0793848
-0.232708
-0.0332437
-0.455236
0.205006
1.76107
0.958968
0.267095
-0.315335
-0.208138
-0.0095292
0.0466905
-0.367975
0.130664
0.219441
-0.166081
-0.172947
-0.347957
0.036266
-0.2285
0.172754
0.101773
0.079363
0.249534
0.0820497
0.158283
-0.505553
0.177288
0.106791
0.126711
0.229129
0.302348
0.18458
-0.932228
-1.07169
-0.134074
-0.879661
-0.241132
0.166548
-0.352905
0.25254
0.0469195
-0.150955
-0.143327
-0.00516136
1.20283
1.67215
0.0700001
1.27182
0.225798
-1.7326
0.138594
-0.342172
-0.139836
-0.101293
-1.06836
0.175307
-0.132016
1.49701
-0.186363
0.0856763
0.0527192
-1.23953
-0.220536
-0.700613
0.293439
0.160329
0.222834
0.140895
0.00194297
0.222146
-0.573512
1.33032
-1.9037
-1.28698
0.283136
-0.0109288
1.67996
-0.0755401
-0.0880352
0.0494503
-0.260647
-1.70243
0.327184
0.212605
0.0749178
-0.126332
0.0910387
-0.123033
0.6759
0.00733351
-0.168787
-0.102651
-0.457516
0.0564082
-0.753038
0.209829
0.081049
0.133699
0.113912
1.4461
-0.153149
-0.0201856
0.176495
-1.30443
-0.221608
0.361798
0.0208686
1.4285
0.52028
1.75931
1.35916
1.2014
0.0845523
-0.132249
1.17086
-1.44116
0.0459678
-0.463548
0.0287251
0.066822
0.165766
0.154717
-1.85565
0.326092
-0.0359316
-0.0444264
1.19395
1.80912
0.340015
-0.964353
-0.0694394
-0.259627
0.278604
0.486872
-0.465109
-0.0990335
0.0179914
-0.150792
-0.0446045
-0.308779
-1.58376
-0.0856866
-0.635898
-0.103931
-0.0735136
1.6946
-1.05263
-0.0469019
-1.37734
-0.105408
0.101553
0.796766
0.0090095
0.189984
-1.88284
-0.112849
0.449083
0.00596238
-0.0578279
-0.00593148
-0.00373687
0.0183523
1.79091
-0.108447
-0.0600275
0.0467552
0.0343164
-0.405623
-0.106438
-0.00925223
0.097152
-0.191266
-0.0431354
-1.90895
-0.320518
0.925252
0.313123
1.64799
0.832047
-0.114717
-1.1999
0.0920652
-1.68938
-0.205041
1.58412
-1.13261
-1.47056
0.0644292
0.0967757
0.610069
0.0221602
-0.0552445
0.26766
-0.206654
0.177714
0.510772
-1.6598
0.133895
-0.116112
0.229033
0.0100174
0.781148
1.85732
0.021703
-0.30325
-0.0813678
1.33219
0.0827492
0.00719892
1.6576
-0.955798
0.0589186
1.60608
-0.374028
1.90145
0.200439
0.0265398
-0.286627
1.19083
0.128328
-0.236106
-0.415673
-0.174791
1.51795
-0.253727
1.94286
1.55729
-0.389535
-0.52711
0.144244
-0.101556
1.84512
1.18199
-0.154575
0.104132
-0.545084
-0.127306
-0.137373
0.128333
1.21103
-0.566739
-0.025285
-1.94262
0.030579
-0.194887
-0.00325196
-0.284645
0.151449
-1.50994
-0.0403604
0.0211085
-0.164147
1.2684
1.89002
-0.693019
-0.178823
0.0309305
0.000485234
1.10225
1.27507
1.8837
0.243615
1.71249
-0.281682
-0.00819215
-0.0606143
1.88817
-0.154331
-1.86087
-0.0416373
0.906809
-0.247152
-0.343452
-0.00862963
1.78003
-0.455
0.522389
0.556384
-0.525957
-0.276457
0.163462
0.121224
0.109082
-0.00296459
-0.17135
-1.4959
-0.204565
-0.0457983
-1.50372
-0.0488162
