0.0945847
-0.437169
1.51971
-0.136123
1.445
-0.349322
0.172989
0.327593
0.0236374
-1.57776
-0.0756975
-0.160358
0.673178
1.319
1.24452
0.0805203
1.09233
0.529299
-1.88673
0.0358642
-0.348526
-0.0408413
1.64222
-1.93475
-0.917255
-1.60931
-0.12181
-0.184965
0.306629
-0.2668
0.168195
-0.105486
0.0974577
0.155552
-0.211051
-1.25179
-1.83958
-1.30702
0.0913703
-0.194521
1.04376
0.0714753
-1.18399
0.0042186
0.0297368
-0.0705155
0.0110754
0.107833
0.0783023
-0.0154798
0.230885
0.155956
-0.0758772
-0.038099
1.69339
-0.200962
1.85315
0.291884
-0.0619604
0.176119
0.0767482
1.50248
1.14162
1.0999
-0.424359
-0.184253
0.148793
0.726173
-0.107012
-0.0221303
0.0191669
1.6703
-0.277187
0.949655
-1.21792
0.0324936
0.27029
-0.109748
0.115711
0.0905338
1.47974
-0.262993
-0.0525802
-1.23734
-0.0929499
-0.161516
-1.35299
0.0429452
-0.0365535
-0.2585
-0.836084
0.772915
0.25143
-1.54983
-0.000706196
0.220983
-1.82102
-0.186699
-1.71477
0.126512
-0.135447
-0.116292
0.0143094
-1.43373
-0.0739722
0.399193
0.0300291
-0.238576
0.118431
-0.0568713
0.0425126
-1.9339
-0.140125
0.0542038
1.66736
-0.33389
-0.016386
0.0715589
-0.124485
-0.00979105
-0.225323
1.67745
-1.39899
-0.0147915
-0.0778937
-0.69581
-0.0214749
-0.248487
0.280047
1.51146
-0.106961
-0.122294
-0.0552431
-0.363411
-0.0905324
-0.162966
0.0150069
-0.134389
0.0802345
-0.3021
-0.180194
-1.57476
-0.00442377
0.0858764
-0.023716
-0.0812758
-0.177226
1.50912
-0.0282995
-0.00687953
0.104118
-0.0331384
0.0490722
0.167115
-0.0617471
0.117016
1.78053
-0.415519
1.8167
0.0644118
0.0958743
-0.173715
1.32854
0.865121
0.0193494
-1.81595
0.194219
0.0678822
-0.0257313
-0.227868
-1.04154
-0.181773
0.0358895
-0.00178634
0.206454
0.167694
-0.0816359
-0.0341675
-0.193229
0.157574
0.0214019
-0.109592
-0.342969
-0.92416
-0.245655
-0.0239681
-0.00715958
0.123267
1.10782
1.24521
-1.8133
0.393683
0.0345849
0.191948
-0.153852
0.589999
0.0845924
0.0704544
1.70052
1.56142
0.121817
0.257889
-0.836165
-0.135624
-1.61246
0.122127
-1.90499
0.0809254
-0.0554681
0.160221
0.212117
-0.191888
-0.807462
-0.542341
-0.156851
0.0922791
0.0243792
0.308818
-0.0448494
1.63276
-8.29542e-05
-0.0208016
1.88038
-0.075004
0.144501
-0.0490887
1.69462
1.33197
-0.116689
-1.35151
0.111006
-0.0465787
0.274117
-0.191831
-0.227729
0.425238
0.220437
-1.37289
0.219092
0.0134197
-0.0615232
0.0104246
1.06794
1.23991
-0.831513
1.22631
-0.0891683
-0.0382444
0.198338
1.21453
-0.128814
1.14341
-0.706995
-1.3225
0.91418
-0.0194965
-1.22564
-0.645133
-0.0309537
-0.872088
-1.47986
-0.213021
-0.225851
1.67661
-0.278581
0.111829
-1.33588
0.911071
-1.91698
-0.01615
-1.79145
1.82909
-0.994367
-1.20883
0.516923
1.71605
-0.114243
0.885303
-0.070117
0.163552
-0.992134
0.130632
-0.150398
-0.0736279
-0.0565335
0.606978
-0.565696
0.239475
0.0296929
0.262388
-1.19857
-0.709735
0.0639256
0.292483
1.54985
0.205462
-0.508256
-0.215639
-0.145609
-0.46931
0.575289
-1.13353
0.948988
-0.205236
-1.33691
1.64237
-0.19763
1.1213
-0.00652803
1.18535
1.4579
0.869674
-0.0760356
1.36204
-0.0266121
1.05633
-0.148349
-0.180155
0.493991
-1.74287
-1.44384
0.0488606
-0.17726
0.0232833
-0.10466
-1.18871
-0.32976
0.155912
0.0598149
0.40052
0.120538
-0.236861
0.263152
0.398556
-0.109756
1.49024
-0.131801
1.81642
-0.0736999
0.0885961
-0.884674
-1.43071
0.109509
0.0140634
0.393247
0.0505715
0.446459
1.82513
-1.226
0.0181089
-0.0800646
0.611236
-1.14231
-0.0945214
-0.0489522
-0.0657737
-0.995931
-0.0356728
-0.111159
-0.77225
-0.503714
-0.238101
1.8979
-1.45434
0.034771
-0.105967
0.943239
0.404411
-0.495486
0.0120236
-0.285342
0.0840047
-1.30537
-0.0652891
1.85054
-0.699265
0.111472
-0.269367
0.0223589
-0.0983763
1.26857
-0.0372934
-0.572196
-0.245683
0.0222955
1.79336
-1.80052
0.444601
-1.24946
1.11458
0.0471843
-0.644407
0.102694
0.0124538
1.39862
0.400476
-0.207822
0.0229713
-0.0736928
-0.00308342
-0.915521
0.105165
0.10526
0.0429491
-0.831655
-0.0652165
-1.55564
0.0192518
0.772215
-0.130523
-0.415811
-0.764907
-0.0952192
-0.00179867
-0.183144
0.0922812
0.262976
0.0337587
1.92986
-0.0569949
-0.138813
-1.35083
-1.81946
-1.66387
-0.782479
0.879065
-0.0337049
0.346042
1.52012
-0.0476063
-0.301561
-1.28777
-1.55176
-0.00895238
1.21718
0.11769
-0.940562
-0.213262
0.0163892
-1.47839
0.681487
-1.8408
-0.510217
0.134413
-0.04889
-0.244741
-1.45162
0.666975
1.74057
1.29796
-0.0535504
-0.117506
1.10647
-0.00839266
0.278267
-0.135199
-0.00115574
-1.06448
0.966631
-0.085114
1.87862
1.12146
0.129764
-0.0728118
-0.186256
0.0597429
-0.0640969
1.40319
-0.3199
-0.850043
0.186486
-0.152181
0.349021
0.0891453
0.0939498
1.9899
-1.95697
-0.118745
-0.0783792
-0.161899
-0.240304
-0.0831091
1.60736
0.152553
1.45883
0.271413
-0.0822051
-0.143501
-0.057438
-0.0716377
-0.235252
-1.55439
0.10991
0.0633101
-0.208036
0.044547
-0.0306032
1.05334
-0.0605791
1.74766
0.0225763
-0.26699
-1.82331
0.0631733
1.1773
0.0615601
0.450897
0.0502479
0.112092
0.895531
0.462917
1.71624
0.16404
-0.559404
0.446665
-0.0943005
1.92036
-1.3825
1.23001
0.0976437
0.173174
1.9662
-0.256834
0.301773
1.86845
-1.64856
0.25852
0.0677169
0.512359
-0.0994449
-0.0698217
0.95914
-0.0671634
0.727943
0.53012
-1.31818
0.13618
-0.44683
-0.102975
1.40983
0.6713
-1.85875
1.59404
0.208986
-0.096225
-1.98473
0.356765
0.625049
-0.0924518
1.16684
0.626778
-0.28146
0.229719
0.116716
-0.156395
1.98699
-0.770134
0.35896
-0.467361
0.145237
-0.607086
0.179951
-1.46382
-0.0961806
-0.793121
-0.326804
1.17654
-0.155552
-0.0481431
0.0228938
0.0553054
-1.09694
0.0475199
1.17213
-0.0204258
-1.63819
-0.667819
0.364958
-0.674814
-0.150062
0.191111
0.0917179
-0.0684714
0.0390498
0.0771612
1.3333
0.234404
0.050145
-0.644727
1.22158
-0.0265477
-0.0143529
0.309569
-1.36665
-0.80047
-0.042501
-1.69731
0.220407
0.128806
-0.0593425
-1.45914
0.0100429
-0.226918
0.0174544
0.0529614
-0.141324
0.418761
0.0622868
-1.08123
-0.719618
1.25727
-0.659135
1.48759
0.130702
-0.0593211
-0.0275806
1.51599
-0.102911
-1.48891
-0.12315
1.62092
-0.0535603
0.0697953
0.0982993
0.240674
0.0829707
0.727973
0.18352
0.228135
1.41739
0.00880733
-0.237216
-0.510904
0.0753774
0.137191
0.0762818
-0.101116
-0.403167
-0.233553
-1.16761
-7.80603e-05
0.214744
-0.382107
1.50505
0.0545881
-0.867045
-0.0433441
-0.020883
0.066076
0.0304292
0.380345
-1.8166
1.26547
-0.0940438
0.133327
0.194032
-1.8417
-0.0924407
0.0281692
-1.08179
0.206226
0.0898442
-0.176758
0.0672481
0.245224
0.493092
-0.0904989
1.22204
-0.220587
-0.0770607
0.0574783
0.0187297
-0.000369078
0.279619
0.314327
0.0164284
0.447374
1.73741
0.0745938
-0.0766964
-0.178119
0.151439
0.189801
0.167599
-0.60488
-0.155119
-0.108842
0.646133
-0.0155379
-1.62511
-1.82573
1.51241
1.71067
-0.997036
-0.557083
0.784848
0.235311
1.92659
-0.084926
0.15952
-0.576221
0.591858
-0.118212
-0.0527485
-0.458425
0.312367
-0.139919
0.114295
0.00467961
0.0125773
1.64791
-0.394842
-1.44077
0.104176
-0.101964
0.0676708
-0.241687
-0.855692
-0.605082
-0.955518
0.0166623
-1.44905
0.856435
0.192653
0.218317
0.7123
-1.0556
0.0724429
-0.0890697
0.277844
0.27935
0.27762
0.145012
1.24548
0.0647608
0.213781
0.903166
0.625689
-0.580146
-0.0263067
1.24486
1.43452
-0.033943
0.0932685
0.112343
-0.0817957
-0.0225751
0.166628
0.0384509
1.80955
-0.258841
-0.105361
-1.249
0.302686
1.29579
-1.44407
0.285066
0.401993
1.09571
1.84313
-0.298335
-0.317162
0.211071
0.146939
0.00959069
-1.63429
-0.0664575
1.2875
-0.0388364
-0.0956724
1.46007
0.111408
0.0663546
1.0876
-0.0541229
0.656973
0.00425899
-0.215136
0.222667
0.100411
-0.143549
-0.241418
0.00683388
-0.232858
0.673753
-0.169483
-0.199341
0.138793
-1.31904
0.876342
-0.0676684
-0.0422605
-0.545236
-0.0614969
-0.6297
0.267431
-0.621401
-0.116204
-0.0874013
0.335761
-0.33502
-0.225382
-0.0542153
0.44113
-0.221593
-1.2287
0.932942
-0.0635529
-1.46001
-0.0959319
-1.54744
-1.54686
0.0145821
-0.0730537
-0.142476
0.0196
-1.68639
0.1898
-0.0682579
0.0217609
-0.0243806
0.0159284
-0.117104
-1.15284
1.12852
-0.769729
-0.0248015
1.98215
-0.000641938
-1.07223
0.705276
-0.0686926
0.374736
0.12811
-0.617837
-0.328356
-0.0265703
0.286343
-0.258616
1.63582
0.144606
1.20257
1.76814
0.0888522
0.0670168
-0.0179817
-0.364958
-0.163875
-0.00910865
-0.147456
0.101809
-0.462277
-0.093378
1.78769
1.73483
-0.234847
1.0586
0.651009
-0.0875759
1.50583
-0.495944
0.0254693
-0.0586345
0.220015
-0.0580837
1.60845
-0.993446
1.62902
0.262265
0.285726
0.197279
0.134834
1.04318
-0.00905519
-0.0987426
0.22061
-0.104096
-0.137476
0.230266
0.124028
0.235319
-0.129099
1.34602
0.859308
0.0325364
0.125801
0.0568276
-0.8352
0.0401242
0.022877
0.0518353
1.74418
-0.09317
1.48343
0.154963
0.163796
0.0767667
1.20284
0.0549603
0.117606
-0.106298
-0.380106
0.198872
1.50411
0.875796
0.111591
-0.0950424
0.0520494
-0.151783
1.06723
0.0342835
0.0471649
0.126984
-0.0106927
0.242849
0.120497
0.0846838
1.00534
0.654299
-1.2583
-1.91688
0.878445
1.03174
-1.45306
-1.38995
1.45932
0.112256
0.138324
-0.325683
1.01837
-0.619944
-0.0352642
-0.108476
0.0690966
-0.0796151
-0.803047
-1.90523
-0.636284
0.10922
-0.0390671
-0.0815824
0.12214
-1.82427
0.374832
-0.0797884
1.30942
-0.126146
0.890375
0.292687
-0.0508741
0.072965
0.0578782
0.0567179
-1.25379
0.389288
0.0909843
0.243116
0.207752
0.13508
-0.304509
-0.711566
-0.0658648
-0.592277
1.29971
0.139919
-0.130659
-0.0592804
-0.701446
0.0239859
-0.236913
-0.190624
-0.034325
-1.39694
-0.366245
0.00467709
-1.62403
-0.158934
-1.10918
-0.0229239
-0.0248055
-0.0189476
-0.0564059
0.0274804
0.82563
0.979247
-0.118293
1.79618
0.201033
-0.0775446
0.10054
-0.750492
-0.249613
1.84562
-0.250021
0.0467945
-1.43125
0.340189
0.255194
1.22367
0.208847
-0.320717
0.631781
-0.0577574
1.80947
1.84348
-0.0370836
1.41328
0.210956
-0.353423
0.0600557
0.272158
-0.155782
-0.545349
0.112617
-1.59757
0.0372855
-0.215175
-1.09221
-1.3246
-0.0892746
-0.0693675
0.963549
0.965191
0.460769
-0.0827733
-1.21501
1.18614
-0.163713
0.217332
1.47278
0.958628
-0.0307682
-1.58077
0.250207
-0.121299
0.529563
0.545028
0.576225
-0.911598
-0.309284
0.356561
-0.565929
0.632973
1.34152
0.478333
-0.319472
0.846779
-0.826691
0.154366
0.142259
-0.350527
0.0796142
-0.103087
0.0176466
-1.11946
0.0151888
0.382842
0.0468338
-0.88447
-1.34179
0.00337263
-0.0836841
-1.49223
0.0972268
1.57041
-1.78824
0.00838492
0.555892
-0.847977
0.0641947
-0.0301907
-0.146577
-0.721418
1.27334
-0.0417995
-1.3669
0.0963983
-0.156824
0.0796714
-0.117835
-0.168067
1.6419
1.78739
0.0877395
0.670395
0.942422
-0.22052
0.0219392
1.13359
1.07003
-0.292705
-1.48394
1.31233
0.308026
0.163268
-1.26634
-0.103978
-0.208662
-0.58853
0.0535255
0.0642302
0.0733692
-1.79102
1.8463
0.203751
0.121579
-0.390322
0.126712
0.492118
-0.122438
-0.0425557
1.6961
0.0578982
-0.00969428
-0.091322
0.45924
0.08653
-1.61486
-0.0263814
0.0213815
-0.323743
-1.27819
0.150477
-0.136258
-0.0643043
0.47896
0.647878
-0.111313
0.0357382
-0.0157671
0.248645
-0.117302
-0.385067
-1.75263
-1.2872
-0.0273793
-0.196439
0.0787099
-0.700767
0.317801
0.0945241
-0.284345
-0.811746
-0.890347
-0.0168316
1.52351
-0.156416
0.291451
0.134032
0.0802181
-0.110752
0.44776
0.220385
0.0596027
0.211227
0.505658
0.404549
-0.141808
0.360769
0.0934412
-1.45875
1.6882
-0.285848
0.120166
0.348544
-0.363451
0.139915
1.26286
1.2949
-0.243651
-0.310143
-0.0104397
0.117745
-0.115188
-0.0412587
-1.11826
0.0109053
0.0422822
-0.0729156
-0.617297
0.295793
0.524356
0.170594
0.072894
0.0622973
-0.116929
1.45812
-0.0736059
0.365903
-0.467738
-0.734534
0.124009
0.0791872
0.34512
0.168617
1.98586
0.117734
1.61841
0.058814
0.117252
-0.0354582
0.388252
-1.24304
-0.924828
0.00242619
-0.140007
1.51542
1.03997
-0.0178932
-0.319624
-0.638469
-0.250888
0.26311
-1.78417
-0.910598
-1.33058
-0.104196
-1.60954
-1.58567
-0.00159281
0.211516
0.0563436
0.447026
0.0300049
0.115026
-0.707739
0.257637
-0.0767646
-0.288026
-1.94015
-1.42435
0.135185
0.19509
0.175944
-0.301104
0.169233
0.238682
0.217821
0.122694
1.2859
0.219078
0.114626
0.0933113
1.92755
0.0640697
-0.219753
0.134699
0.505321
1.93845
0.805513
1.64593
0.171534
0.105492
0.314284
-0.144513
1.74092
0.0177859
-0.0542399
0.175632
0.540167
0.196035
-0.0326404
0.307634
-0.562364
0.261713
1.97569
0.0667677
0.288456
-1.33199
-0.0431783
-0.227199
0.294644
-0.830646
0.15235
-1.59353
-0.157227
0.396538
-0.105656
1.40714
0.159628
-1.41203
-1.86926
0.11565
0.25202
-0.142019
0.164778
0.288535
1.87545
0.756436
0.0368678
0.849223
1.2847
0.257776
1.25975
0.131844
0.242669
0.113
0.0226098
-0.146028
-0.247686
0.208685
1.38611
0.0658783
-0.743422
-1.25125
1.30122
-0.0255341
-0.053013
1.17084
-0.203757
0.124635
-0.0203631
1.00033
-0.00734229
-1.59263
0.184438
1.99923
0.0350257
0.0207174
1.99064
-1.54073
0.300262
0.0206274
0.0602127
-0.0528518
-0.291469
1.46049
-0.425052
-0.10145
0.888996
0.453522
-1.44446
0.0672682
0.0778506
-1.53425
0.10446
1.52844
0.195827
0.0567423
0.367948
0.553257
0.0542143
-1.91647
-0.137614
0.141482
1.2685
-0.383579
0.0281523
0.00673269
-0.0532347
-1.12075
-0.151224
-0.328346
1.94514
-1.70357
0.0582917
1.8346
-1.54379
0.689878
-1.31788
-0.167097
-0.139092
-1.74958
0.0894065
0.0185372
0.0507635
0.639162
0.341554
-0.977293
0.0541773
1.10377
-0.707289
-0.246485
0.991874
1.49121
0.307672
0.706025
-0.189104
-0.102045
0.0392075
0.0741731
-1.88675
1.11117
1.88664
-0.0471442
-0.0719537
0.0709148
0.31901
0.0601695
-0.136881
-1.53035
-1.76167
-0.186041
-0.379021
0.358138
0.150105
0.134419
0.169105
-0.376573
0.921539
0.0610959
-0.351634
0.150297
0.0232975
0.189292
-0.16008
-1.58517
0.169446
-0.4066
0.936917
-1.42483
-1.63236
0.235634
-1.03166
0.0649079
0.0834647
-1.58689
-1.42245
-0.0520653
-1.29419
1.81738
-1.70306
-0.184849
1.02369
0.0517864
-0.410363
-0.0829661
-0.289809
0.125297
0.115872
-0.286658
0.341293
0.162956
-0.251932
-0.21582
0.161284
-0.193371
0.0981145
0.118256
0.230097
-0.174986
0.168296
0.363449
-1.80551
-0.0989935
0.131209
0.0389192
1.63074
1.88368
-0.94737
-1.62218
-1.30533
0.444241
1.78952
-0.108675
1.08974
0.173019
-1.19892
-0.0731915
-0.000441963
0.168533
0.0706712
-0.113195
0.105711
-0.168664
0.283103
-0.148575
-0.301964
0.253991
0.016778
1.84328
1.09905
-1.50871
-1.86027
0.124158
-1.33429
1.19566
-0.652663
0.092967
0.163015
0.70306
-1.3164
-0.294547
0.112113
-0.853773
0.130846
-0.504825
-1.76227
-0.270203
-1.97741
0.0721936
-1.1488
0.129725
0.404305
-0.108627
-0.397517
-1.42536
-0.297893
0.168268
0.252448
-0.172836
1.33415
-0.0246574
0.110108
-0.0955443
-0.240366
0.130946
0.0238282
-1.58816
-0.0648648
1.48376
-0.181545
0.0433757
-0.980858
-1.71828
0.197898
-0.121776
0.102712
-0.0190705
-0.0497467
1.13283
-0.0863669
-0.103432
0.169571
-0.561769
0.061984
-0.437049
0.0965151
0.16124
0.238954
1.98002
0.292368
-1.53365
1.33315
-1.2116
-0.17631
0.83331
0.45493
1.99449
0.0371536
0.177304
-0.349095
0.00857254
-0.0172331
-0.146109
-0.0288878
1.05767
0.539007
0.0672204
0.163695
0.231893
-0.161142
-0.681848
-0.059267
-0.0977815
-0.023291
1.22775
0.211559
0.228375
-0.180559
-0.532251
-0.210876
-0.00888314
-0.322822
-0.121249
-0.240265
0.982325
-0.294811
0.0768846
-0.125592
0.906051
1.68313
0.598107
1.13527
1.68565
-1.43204
0.0469142
1.49756
-0.0994649
-0.757959
-0.0291748
1.1672
0.535293
0.0846362
-0.108024
-1.49996
0.213645
-0.0711061
-0.254055
-0.191397
-0.014851
-0.192371
-0.0974856
-0.0037463
-0.131086
-0.537921
0.457201
0.142825
0.04184
-1.71206
-0.080394
0.0465824
-0.394896
0.592477
-0.0695847
0.0147499
0.0660153
0.246881
0.561924
0.758716
-0.0287242
-0.174372
0.782075
0.127667
-1.65323
-0.354081
0.610719
-0.134985
0.0849288
-0.0456606
-1.44779
-0.090967
0.211094
0.161777
0.174287
0.277529
1.31355
0.0441029
-0.972562
-0.101642
-0.206637
0.241007
0.157831
0.213455
0.678656
-0.0883191
-0.0386614
-1.52929
0.957387
0.111585
1.95723
-0.131271
-1.23393
-0.00271018
-0.0937297
0.505819
0.051899
0.106275
-0.0389343
0.130753
0.0789944
-0.0316395
0.126351
0.00329386
0.108519
-1.78991
0.211543
-0.11869
-0.128563
-0.0680517
-0.915176
-0.00715634
-0.391774
0.19541
-0.125499
-0.281354
-0.627452
-0.0583476
-1.60433
-0.276334
1.98842
1.30913
-1.3651
0.101078
0.257433
-0.408353
1.56233
-0.00933947
-1.93781
-0.0739913
-1.91008
0.0114903
0.144043
-0.0219145
0.00408859
-1.67714
-0.00837676
0.0468283
-0.00306548
0.00838707
-0.114842
-0.0572532
1.70688
0.33024
-1.54345
1.32153
1.81425
-1.62761
0.149989
0.220179
-0.13809
0.0662793
0.256256
0.144901
0.86061
0.750996
1.27378
-0.582796
-1.7462
0.33711
-0.0651248
1.11805
-0.0760763
-0.00450637
-0.0767148
0.0453881
-0.214507
-0.0221838
0.257761
0.0556988
0.119528
-0.0202554
-0.992482
-0.203455
0.231677
-0.148364
0.014972
0.29647
-0.425156
-1.03703
1.03842
0.0402409
-0.896052
-1.91725
1.883
0.5685
0.0699276
0.0328454
-0.238382
-1.30018
-1.89307
0.116533
0.0726196
-0.11502
0.141563
-0.213235
-0.0177848
-0.325367
0.231865
-0.268961
-0.217034
0.762907
-0.0303553
1.0271
-0.635085
1.27506
0.274457
0.000250953
0.112463
-0.0144127
0.0552925
-0.331568
0.27838
-0.157219
0.275752
-0.0531788
-0.233488
1.76854
0.449936
0.320619
0.0993331
-0.2546
0.156981
-0.05599
-1.52389
0.0527672
0.0956742
0.742659
-0.163436
-0.253221
1.46042
-0.554475
0.153361
0.330732
1.01003
0.0632757
0.75875
0.206648
0.157755
-0.140969
1.0697
0.109159
0.0222256
1.5113
1.28424
-1.63023
-0.0365447
0.0623437
0.154525
-0.0444038
-1.90388
0.00699615
0.235657
-0.611666
-0.190523
-0.154356
0.0987318
0.182862
-0.121794
-0.0707144
1.55033
0.159273
0.075943
-1.70735
-0.00484613
-0.138148
0.397617
-0.22347
1.26738
0.253566
-0.691007
-0.890605
-1.84671
1.31561
0.0926888
0.539565
0.181292
1.66296
-0.225061
0.0443318
-1.68063
0.112718
-0.191223
-0.0886886
0.242262
1.12505
0.175524
1.15648
0.0158982
-0.704692
-0.919479
1.25285
-0.0251283
-1.7519
-0.27981
0.121395
0.2331
-0.275584
-0.0796887
0.212929
0.139711
0.0455013
1.31685
-0.0392884
0.144882
0.271349
-0.469926
-0.758752
0.0899109
1.93539
1.31075
1.20841
0.0685751
1.31729
0.115293
-0.222474
-0.269412
-1.61659
-0.667824
0.108202
-1.27576
0.0299479
-0.749131
0.253782
-0.0324717
-1.45617
-0.303388
-0.00870585
-0.335826
-0.0621507
-0.805047
-0.852633
-0.47438
1.53171
0.0435747
0.0708032
0.0562938
1.09236
-1.72835
-1.65156
-0.970986
-1.46013
-0.324541
-1.06778
0.741124
0.166664
1.07397
0.0617575
-0.210088
0.291498
-0.0977383
0.113443
0.297525
-0.921847
0.0261838
-0.363776
0.376388
-1.05157
-0.058181
0.129074
1.72171
-0.160626
1.54688
0.280108
0.127694
0.572459
0.493839
0.0717335
-0.035194
0.268558
0.622045
0.178573
-0.830948
-1.67519
0.20944
-0.344109
-0.229706
-0.114851
1.22786
0.0739491
-0.153377
-0.0611167
-1.13723
0.0843707
-1.31862
0.2303
1.09536
-1.23011
0.31279
0.0911988
1.98398
0.018518
0.172355
0.142623
1.31981
1.41207
0.136939
-0.0136431
0.00525106
0.108509
0.113532
-0.209367
-1.37018
0.294942
0.299069
0.400203
0.35806
0.568701
-0.957159
0.108898
0.767038
-0.171193
0.0368989
-0.307531
0.803899
0.00815501
-0.0467319
0.378403
1.34253
-0.63805
-0.064971
-0.0046564
0.050129
0.120798
1.13706
0.234136
-0.228868
0.920809
1.11822
-0.0188622
-0.438227
-0.115055
0.0734838
1.15728
-0.180707
0.323805
1.33972
0.161777
-0.0688256
-0.585133
-0.0505702
0.170555
-0.168947
0.0452135
0.307279
-0.0557468
-0.817177
0.353728
-0.250169
-0.260156
-0.0488429
0.00386691
-0.00485724
0.502916
0.320192
-0.152197
0.984744
-0.0209528
1.18146
0.412058
-1.89188
0.30245
-1.25584
-0.0975082
0.182453
-1.81792
-0.183012
-1.06866
-0.267955
-1.90286
-0.120701
0.068117
0.167328
1.03858
-1.8923
0.14853
-0.00557775
1.05436
-0.0933614
-0.314477
-1.01837
-0.439383
1.96497
-0.00307044
0.200012
1.69897
0.191981
0.0831953
0.0285958
0.106231
-0.140295
-1.07185
-0.254751
0.134286
-0.00658863
-0.187517
0.268333
-0.133762
0.808276
0.205461
0.180226
1.61014
0.12651
0.25427
1.28253
-0.00132973
-1.00144
1.79077
-0.396766
-0.800059
0.0869793
1.91354
-0.835092
-0.681864
-0.17385
-0.122192
1.90096
-0.109852
0.540671
-0.257199
-0.0311787
0.113403
-0.100842
0.00662095
-0.290862
1.85791
-0.0657189
0.0822354
0.184328
0.249651
0.0646347
1.43193
-0.42148
-0.0120288
-0.50221
1.96994
-1.00768
-0.0657901
-0.486142
-0.0178775
0.0598884
-0.137761
0.0145628
0.571077
1.31891
0.0986684
-0.00698798
0.11871
0.0652087
1.81849
-0.150561
-0.0659731
0.209934
-0.440877
0.00399357
-0.0824557
-1.056
0.102304
-1.701
1.46144
0.626895
0.129169
-1.44584
0.163478
0.221622
0.624395
-0.0225615
-0.0500446
0.0787096
1.80207
-1.18456
0.0355473
-0.00417844
0.0636779
1.37777
0.0439511
0.252353
1.06777
0.206773
0.171415
-0.0340561
0.153368
0.21644
-0.0978912
-0.104468
0.387424
0.0173346
0.344471
-0.00734029
0.0448431
-0.190533
1.32395
0.371927
0.193905
-0.269579
0.0769737
1.7912
-1.42517
0.0136206
0.301351
0.185354
-0.12515
0.0800229
-0.964224
-0.0983069
-0.244906
-0.131007
-0.0648186
0.17075
0.00564746
0.767731
-0.469173
0.21103
0.0276014
0.547629
0.671815
-0.0909907
0.628911
0.264838
0.27831
-5.72494e-06
0.959367
-0.178135
0.307781
-1.07474
0.154484
0.120844
-0.195485
-1.29018
0.0105655
-0.442769
0.0786939
-0.0980309
1.03218
0.326109
1.67971
0.121091
0.749895
1.04182
-0.30079
-1.62115
-1.27775
-0.111503
1.42583
0.373836
-0.122162
0.0716548
-0.00897314
0.0264761
0.195334
0.193944
0.944756
0.192477
-0.240828
0.184883
0.0628927
-0.201198
-1.4696
1.25811
0.673038
0.105589
0.607984
-0.0166216
-0.12351
-0.0620518
-0.238658
0.249419
0.137143
-0.214492
0.0934185
1.79532
0.922254
-0.340898
0.164866
1.99409
0.00784013
1.9143
-0.0450881
-0.00605492
-0.0365749
-1.72347
1.0536
-1.03203
-0.634961
0.0680929
-0.213741
0.255439
-1.18114
-0.300582
0.109416
0.00777857
-0.530289
-0.181186
-0.0588481
-0.0558141
0.0387592
-0.0343168
-0.234232
-0.538462
0.0970601
1.27322
-0.0283154
-1.92929
-0.166918
1.38892
-0.305689
-0.0375605
0.227919
-0.221845
1.0329
0.267876
-0.173735
0.0819743
-0.27014
0.0133029
0.141782
-0.0233045
-0.188279
-0.663872
-0.796625
0.187967
0.126323
0.339497
0.0200053
-0.112395
0.00904577
-0.124413
0.07763
-0.652432
0.0312777
-0.187368
-1.24839
0.144492
1.81415
-0.0204678
0.190332
0.0785226
-1.86308
-0.0296786
0.600162
-0.274591
0.0978752
-0.212145
-0.659067
-0.16838
-0.253608
0.215628
-0.143065
0.182685
0.102002
1.96267
1.6314
0.926004
-0.140719
-0.706654
0.266212
0.226366
0.658578
0.134676
-1.21351
-1.32534
-0.222046
1.65087
0.0978631
-1.28601
0.94727
1.44602
1.69115
0.0039629
0.00117163
1.6924
0.582997
-0.267037
-0.894187
-1.7621
-0.211707
0.50861
0.0979111
0.135328
-0.0474706
0.559469
-0.0549072
-0.0290115
0.105016
1.08729
0.307405
-0.0254213
-1.91267
1.00177
0.238873
-0.171481
-0.016977
0.900283
0.339686
-0.0580449
-0.146529
-0.319087
0.177515
0.272573
-0.765427
0.25423
0.0616417
-0.0282464
0.017014
-1.55366
-0.0558722
0.147786
0.286815
0.240841
-0.132911
-1.55612
1.9749
0.523036
0.0911435
-0.390093
0.127238
-1.11919
0.0304726
0.312932
1.61322
-1.25397
1.1778
0.0112748
0.773137
-0.0433388
0.682907
0.0601555
0.15409
-0.369771
-0.104043
0.0317111
-0.935415
-0.138986
1.86468
0.0631378
1.76852
0.00253894
-1.39851
-0.101931
1.76548
-0.132354
0.253058
0.0227146
-0.00788713
1.04516
-0.0597001
0.0126118
0.00132258
-0.12539
-0.324898
0.0719517
1.11092
-0.414881
0.0725285
1.01387
0.261987
0.245661
-0.137912
1.46491
-0.618115
0.581599
-0.0402535
-1.14271
-1.5545
1.83478
-0.97636
-0.113556
-0.475116
1.9912
0.680394
1.13967
-1.01412
-1.64171
-0.0994623
0.0731737
0.0564792
0.192165
-0.488792
-1.03751
-1.93031
0.756217
-1.96701
0.149005
0.06953
-0.10563
-0.144548
-1.42179
0.874027
0.906528
0.121328
0.044124
0.0844666
1.86303
-0.127942
0.16519
0.015052
-1.5266
0.163289
0.337122
-0.029514
-0.608508
-1.93633
0.236148
-0.724735
0.137475
-0.114927
0.126195
-0.0539234
0.0121348
-0.0546977
-0.821455
0.635696
0.624064
-1.06271
0.0649458
-0.362784
-0.174199
1.9787
-0.0140789
-0.947863
1.29435
-0.188814
1.63689
0.180004
-0.213453
-1.70124
-1.29277
0.215788
1.38516
-1.70973
0.906314
-1.34502
-1.19748
1.2608
-0.0294036
-0.0487957
-0.0931476
0.134554
-1.78104
-0.196758
0.213809
1.8696
0.0944202
0.0805325
-0.0204712
0.0604581
1.59431
-0.215171
-0.0840101
-1.40238
0.368694
0.0813855
-0.903313
-1.67867
0.135095
0.0436084
1.97296
-0.828417
-0.0794506
0.155356
-0.0819014
0.0893543
-0.0791789
0.189169
0.0844091
0.406627
-1.72416
-0.155577
-0.0403091
0.097286
0.00929408
-1.43915
-1.5328
-1.39209
1.27182
-0.0397388
0.0855763
-0.148816
-1.2448
-0.864064
0.0996923
-0.170858
-1.41252
-0.866448
-1.01329
0.183593
0.166629
0.0550393
-0.699801
-0.048573
0.224177
1.73789
0.0756221
0.0174725
1.73768
-0.137501
-1.5485
-1.30364
-0.112438
-1.83536
0.248088
-0.183713
0.121903
0.101611
-0.0378077
-0.227169
0.880134
0.0165189
0.0117405
0.0759372
0.115398
0.506899
-0.0752943
1.71289
0.549512
-0.0697461
-0.0532649
0.180157
-0.171127
0.629074
0.172312
0.315199
-1.13587
-0.307035
0.89107
0.0308772
-0.178871
0.0767481
0.106428
-0.244981
-0.101366
0.117307
1.17544
-0.0861863
-0.18343
-0.0719899
0.0405755
0.0259225
0.0263245
-1.05353
-1.03494
0.0596767
0.101651
0.0222831
-0.428734
0.282352
1.50844
-0.298953
1.13057
-0.114426
0.708329
0.235616
1.17245
0.0361247
-0.141477
0.0140099
0.372186
0.116032
0.0806788
-0.265087
-0.639176
-0.513758
-0.0429158
-0.11721
-0.388009
0.000967953
0.205387
-0.0982734
-0.0260679
-0.490563
0.255576
1.01224
-0.245866
1.14771
-0.121236
0.123793
0.0802046
1.97115
-0.0191914
0.0519166
-1.50198
0.231829
0.0701424
1.96889
0.222611
-0.122196
0.137935
0.119983
0.153738
-1.15769
-0.176556
-0.124114
-1.00426
0.620364
0.0509418
-0.0754711
-0.197204
0.0184781
0.063193
-0.14651
0.0183971
1.15361
1.98595
-0.200727
-0.0668096
-0.58409
-0.232074
0.153847
0.048404
1.30026
-0.153152
-0.1158
0.0907304
-0.842597
1.03801
0.13131
-0.186547
0.188558
-0.523612
-0.123295
-0.110803
-1.77775
0.0619611
0.0867504
1.75353
0.110657
0.665009
-0.0474857
1.46623
-1.6712
-0.899674
-1.4309
-0.144777
-0.0481152
-0.276891
1.01359
0.112686
0.746906
0.187459
-0.149022
-0.0220092
0.0233131
-0.0738632
-0.177259
-0.122408
-0.295866
0.228708
-1.04896
0.536777
-1.4009
0.388418
-0.23289
-1.76279
0.113521
-0.0505815
1.83219
1.67075
-0.230508
-0.270627
0.153428
-0.0444664
-0.0369136
0.223433
0.14231
-0.0283682
1.99234
0.458751
0.294602
-0.184296
0.0652764
-0.225163
0.285034
0.125782
0.0716432
0.034333
-0.047992
-0.224813
0.581967
-0.0816512
0.176936
0.204792
-0.0505617
0.000428503
0.102524
0.120151
0.0902653
0.191803
0.114514
0.154544
0.0931128
-0.28592
1.2338
-0.0748917
-0.698451
-0.0116955
-0.593368
-0.0432434
1.76476
1.7188
0.0358875
-0.0730679
1.66629
-0.0410173
-0.0363598
0.310616
1.78438
1.37489
-0.0318719
-0.0189772
-0.132855
-0.109358
-0.934149
0.0670658
-0.00890474
1.0115
-0.0868628
1.90946
1.37657
-0.224454
0.162104
-0.157245
1.05484
0.943318
-0.20994
-0.856047
-0.221423
-1.4037
0.125508
0.522854
-0.7185
0.143691
0.267056
0.280211
1.38377
0.282555
0.262091
-0.593483
0.681456
0.0494842
0.101794
-1.85319
-0.21121
-0.0252678
0.0582579
-0.511777
-0.203825
0.912983
0.00214981
0.254899
-0.112555
-0.279835
-0.00905443
-0.776704
0.527066
0.480138
-0.273417
-1.16693
0.304868
-1.95214
0.254883
0.21765
0.0440814
-0.152603
-0.337179
0.0802557
-0.283088
-0.746828
0.203831
1.17133
-0.450719
-0.173152
1.26762
0.298773
-0.165638
-0.119201
-1.87987
0.163028
-0.223351
1.81237
-1.63615
-0.0154574
0.0567213
0.268905
1.15301
-0.00795163
-0.113316
0.0568505
1.04119
-0.446208
-0.137471
0.00549202
0.11134
0.403212
1.08788
-1.91398
-0.0395392
0.101499
0.0914219
0.0679844
-1.89103
-1.30531
0.035648
0.016284
0.32056
0.0293593
0.325868
-0.468139
1.2371
1.18305
0.147252
0.304916
0.271979
-0.32016
-1.97661
-0.266685
-0.0145807
1.37087
0.22876
-1.23536
-0.00207299
0.0952712
0.00951218
-0.369375
-1.71518
0.202817
-0.193569
-0.138974
-0.375122
0.120424
-0.143293
1.72124
-0.284849
0.207883
-0.154038
-0.289557
-1.7159
-0.228543
-0.523638
-0.164037
-0.0363224
-0.277878
1.81296
-0.0199116
-0.057214
0.0509124
0.250085
-0.168295
-1.66723
-1.80244
-1.30726
-1.17947
1.85651
-0.135593
-0.0301839
0.222264
-1.09314
0.0690935
-0.106816
-0.127581
0.100011
-1.3945
0.118279
-1.43263
-1.83016
-0.0665699
-0.664902
1.79533
0.103263
0.463223
-0.263018
1.32742
-1.22262
-0.171373
-0.0407309
1.98247
0.12998
0.253412
-0.119886
-0.143814
1.99166
-0.0268671
-0.188649
-1.64004
-0.0721009
0.966904
-1.66726
0.189828
-0.175332
-0.785936
1.48312
1.80998
0.814357
-0.0160492
-1.32197
0.176231
-0.0772153
0.18164
-0.283666
-0.0795801
0.312969
0.188766
0.0213498
-0.192299
-1.09438
0.333623
1.25032
0.751752
-0.674533
0.0976648
-1.32871
-0.0487787
0.217039
-0.140813
-0.428963
-1.57253
0.725478
0.308802
-0.687218
-0.300172
-0.215438
-1.44345
0.223803
0.0512026
-0.279316
0.107398
1.26642
0.112797
1.11535
1.16549
0.158325
0.225626
-0.0385667
0.00728185
1.48085
0.90087
-0.0433335
-0.141077
0.146343
0.953335
1.06435
0.277833
0.107338
1.2682
-0.093146
1.08521
0.309601
0.206901
0.0221212
-0.220727
1.66761
1.75037
-1.4385
-0.339646
-0.22001
-0.132107
-1.29698
-0.153504
1.20602
-0.0648504
-1.81228
0.934575
0.155938
0.845554
-1.9426
-0.0331359
0.19175
1.38133
-0.0739392
-0.22406
0.115146
0.113412
-0.0847591
0.809796
0.957925
0.2139
0.183467
0.401197
-0.420774
0.120265
0.0774748
0.584762
0.81043
-1.66393
-0.156376
1.87713
-0.0582862
0.0621813
0.082502
-0.365588
-0.0832901
0.0131583
0.289063
-1.3829
1.41754
1.06684
-0.107158
-1.76632
-0.202999
-0.14182
-0.161703
1.72546
0.259682
-0.160813
-0.309406
1.09198
0.0708392
-0.0653219
0.520138
-0.217415
0.122014
0.109096
-0.0446685
0.0163509
-0.113545
1.07769
-1.94633
1.69788
1.97824
-1.62462
-0.0307674
-0.247828
-1.02787
1.8997
-0.129551
0.365612
0.202192
0.00521485
-0.270858
0.0764668
-1.34994
-0.0156387
1.87076
0.898546
-0.260139
0.10651
-1.52345
-0.0781109
0.278138
0.19037
1.02948
0.766653
-1.61921
-0.277531
-0.128115
0.334866
-0.584931
0.207048
0.153924
-0.12195
-0.965104
1.45664
-1.08079
0.121777
-1.77813
1.51571
0.742845
0.00701123
-0.931424
-0.252357
0.158733
-0.282967
0.25254
-0.0146011
1.58971
-0.145253
-0.0540092
1.20692
0.0610374
0.0340667
1.86296
-0.237752
0.147831
1.91248
0.2969
0.323767
0.276493
-0.0262555
0.722673
-1.31292
0.050177
0.364099
0.962787
-0.938264
1.5401
0.0807143
-0.14709
0.0809079
1.23183
-0.00792179
0.23675
0.136353
0.285941
-0.0712433
0.209837
0.193315
0.0506851
1.3288
0.0524408
-0.220703
-1.84327
-0.00471555
-0.562332
1.47731
0.147692
0.0769439
0.0419854
-0.793148
-1.92302
-1.9931
0.927724
-0.508799
-0.0904208
0.234479
-0.0991287
-1.61383
0.117106
0.0563682
-0.0544866
1.27737
-0.319152
1.81258
-0.83695
-1.83834
0.0389714
-0.0334045
0.1394
-0.239943
0.574184
1.55544
-1.81406
-0.0423879
-1.2206
-1.25641
1.46354
0.117788
0.274056
0.0401916
-1.61216
1.50765
-0.408497
1.45728
-0.647587
-0.117777
-1.01074
0.0186853
-0.0435542
-0.0973314
-1.0322
-1.75167
0.091612
0.33719
0.228879
0.491267
-0.0923336
-0.969207
-0.267328
0.253961
-1.96304
-0.64131
-0.287198
-0.146809
-0.146447
-0.864889
-0.0964923
0.952693
1.66121
1.3805
-0.0316997
-0.65246
-1.83882
0.0596267
-0.263199
0.0402554
0.624493
-0.00569908
-0.38454
0.0906236
-1.12751
0.203185
-0.663856
-0.180173
0.134453
0.187413
1.95366
0.322789
0.768889
0.0593932
0.267551
-0.0624882
-1.86633
1.98067
-0.211254
0.0912685
1.69245
0.156158
-0.013756
-1.79741
0.919771
-0.78517
0.239898
1.68054
-0.462285
-0.209589
-1.59372
-0.0417188
0.169062
1.69652
0.131244
-0.0354854
0.00573189
1.49308
0.796668
0.0624998
1.87592
-0.0279795
-1.92687
-0.0149191
-1.50599
1.35034
0.758172
-0.34351
0.000583303
0.0578949
1.11852
0.501974
-0.106155
-0.069393
0.30189
-0.142236
0.194728
-0.293452
-0.11207
0.00863309
0.377549
1.15146
-1.05501
-0.125149
-0.496594
-0.0823182
-0.419362
1.10922
0.208798
-0.00631645
-0.136428
0.166262
1.23006
-0.136673
-0.444663
1.84329
-0.0336803
0.10853
-1.82472
-0.0556795
-0.503414
0.525426
0.887943
-1.43713
-1.78218
-0.901548
0.740984
-1.17565
-0.192455
-0.219588
-1.88635
-0.0388447
-0.0605878
-1.10793
1.01737
-0.0299272
-0.149734
-0.793426
-1.12439
0.0610899
1.76466
-0.213856
-0.392959
0.0932688
-0.118416
-0.0809956
0.188173
-0.725751
-1.13135
0.105874
0.198919
-1.1801
0.305705
-1.51662
-0.0101624
0.222559
-0.13425
-1.44711
0.400354
0.123947
0.735775
1.35377
-0.190701
0.231957
-0.122962
-0.0620357
0.944729
0.138575
1.56664
0.43183
-0.140172
0.808718
-1.38384
-0.0365159
1.73522
-1.5601
-0.185532
-0.11175
0.0734184
-0.113363
-0.0391188
-0.654315
0.263987
-0.174541
0.145731
0.571528
0.455893
0.0784917
-0.244918
0.370253
0.0830489
0.557251
1.53343
0.0540731
-0.542536
0.111947
0.0674341
-1.42381
-1.12699
-0.394518
-0.0374517
0.571361
-0.140133
-0.151502
-0.404855
-0.0887891
-0.023882
0.249278
0.363868
1.11121
0.167138
1.55329
-0.707443
-0.144357
-0.282901
-0.201088
0.165586
-1.41069
1.78644
0.0828578
1.7929
-0.221866
-1.93072
-0.765279
-0.215197
0.237991
-1.92507
-0.365867
0.172966
0.0385336
-0.00563586
1.73964
-0.0794709
0.422876
-0.707282
-0.115822
0.0199236
-1.36319
0.098613
-0.0591548
0.561169
-0.032424
-1.95218
-1.02243
0.316431
0.186189
-0.30591
0.496172
-0.302957
0.0168787
0.0655088
-0.785332
-1.79004
-0.00054202
-0.512238
-0.936392
1.28344
0.119134
0.573389
0.0317945
1.25127
-0.167962
0.056123
1.93275
-0.247298
0.125647
-1.05343
-0.210629
0.0130407
-0.0131072
-0.209105
-0.0174581
-1.60861
-1.21679
-0.319009
-0.167834
1.75678
0.0448805
-0.0869882
0.356684
-0.194268
-0.0183263
-0.10204
0.120656
0.044709
-0.0932129
-0.216106
0.0585658
1.59484
-0.00865595
-0.0109281
-1.194
0.00678233
-1.67693
0.277822
-0.115904
-1.01306
-0.115059
1.454
0.12124
0.144389
0.0803673
0.16443
-0.0723985
0.0831839
1.94307
0.627341
-0.0944688
0.0714839
-1.26484
0.125777
0.00326507
0.123739
-0.254366
1.36051
1.23486
0.156855
-1.70976
-0.199024
0.141067
-0.113605
-0.0352194
-0.149948
0.0826943
0.318256
-0.011875
1.44856
-0.0545782
-0.198239
0.0319139
0.178687
-0.0703805
-0.0393213
-0.65483
-0.116426
-0.0490679
-1.09752
-1.39083
0.577169
0.255813
-0.0955099
-1.33818
0.0731547
-1.65938
-0.544238
-0.782121
-1.27727
0.247851
-0.107431
0.650626
0.0400548
0.368423
-1.67471
-0.073815
0.101162
-0.201277
0.0782368
0.275421
0.0121849
-0.523669
-1.69204
-0.132983
0.099212
1.0602
0.00947568
-0.31657
-0.0175734
0.0398632
0.0442809
0.0196401
-0.703265
0.0441937
0.422553
-0.15584
-0.333819
0.464023
-0.138567
-0.0680785
-1.28989
-0.725258
1.34579
-0.00704878
0.64958
-0.0612366
1.16473
0.932694
0.288538
0.284352
0.188384
0.102941
0.056888
-0.144679
0.0965309
-0.136187
-0.0958842
0.296354
-0.120924
0.0290507
0.133446
0.0497721
-0.466747
-0.185933
-1.61003
0.0762242
-0.0251236
-1.6175
0.0201565
-0.0300685
-0.173808
0.188178
1.64306
-0.0338816
0.909123
-0.161508
-1.29935
0.12422
1.52313
-0.0270387
-0.0283307
-0.490656
-0.686407
-0.722939
0.124443
-0.594846
0.895091
-0.12704
-1.34871
1.31477
0.0203991
-0.0573439
-1.50375
-0.0360498
1.11876
0.597115
0.0105495
-0.128038
0.163319
-1.50577
-0.288921
-0.106798
1.55311
-0.0163519
-0.0703679
0.088156
1.65059
-0.0368261
-0.143648
1.01916
0.0963091
-0.133465
0.583894
1.93753
0.0967318
-0.170287
0.0385281
-0.187131
1.62602
0.0233372
1.57147
-0.0371157
-0.150103
0.0639668
-0.0361817
0.0191097
0.148951
1.41004
0.0652147
0.662346
-1.13421
-1.04254
-0.0973856
0.133972
-0.00270334
0.147498
0.34617
-0.0130329
-0.230615
-0.138804
0.447705
1.83003
0.397897
-0.103697
-1.2738
0.790829
0.0307324
0.0450411
0.153247
0.278003
-0.00561815
0.167428
-0.23873
1.02909
0.189782
0.0484685
-0.0337869
0.133033
1.59466
-0.0868239
0.193992
-1.11386
-0.333691
0.00760266
1.08099
-0.630497
-0.172364
-1.23587
-0.322218
-0.0554316
-1.69114
-0.01159
-1.09759
0.471588
0.422891
-0.120996
0.607329
-0.759566
-1.97072
-0.974029
0.623298
-1.92332
0.186903
-0.0462567
0.031117
0.0289428
0.373005
0.143343
-0.859881
0.810497
-0.0285995
-1.61747
-0.870684
0.256988
0.396199
-0.282673
0.220828
0.0783078
0.876303
-0.336989
0.164524
-0.925841
-0.0756828
-0.282299
0.132141
1.38287
0.546127
0.434218
-0.0220652
0.200438
1.25776
0.0125483
-0.520312
-0.129973
0.469983
-0.0090592
-0.00679036
-0.160057
1.09072
1.53846
-0.256137
1.32124
-1.878
0.0864191
0.31639
-0.15591
-0.943373
-0.359028
-0.169018
0.176564
1.29865
-0.0903891
0.0539577
1.8404
-0.241202
-0.232193
-0.209588
-0.095614
-0.148069
-0.04219
0.847167
-0.103354
1.94704
1.47302
-1.48408
-1.57248
0.101745
1.77317
-0.124461
-0.000532492
-0.16933
1.30492
0.136502
0.193448
0.193202
0.428159
1.6447
-0.224946
0.142785
0.161855
-0.381853
-0.123736
0.195114
0.13628
-0.155879
-0.533953
-0.0826074
0.00705469
0.199856
-0.138078
0.100952
1.91805
-0.295584
0.161516
-0.0143041
-1.27421
0.000947509
-0.638414
-0.0884926
-0.527831
0.987133
0.0399754
0.357674
-0.0698656
0.200708
0.0232293
0.163485
0.307856
1.69487
-0.280304
-0.199969
0.113582
1.3362
-0.0801536
-0.167618
-0.247403
0.189181
-1.2559
-0.371429
1.743
-0.156136
0.0426703
0.200397
0.288254
0.308926
-0.0522764
0.25324
0.582951
0.543056
0.0803118
-0.212959
-0.352792
-0.0124039
-0.114502
1.94274
-0.103485
1.24049
-0.199898
-0.412362
1.08522
-0.378883
0.195413
-0.011858
-0.275728
1.94952
-1.79075
0.538789
1.32116
0.236734
0.255403
1.97345
0.213435
0.87467
-0.147826
0.0748047
-0.201177
0.60602
-0.0583108
0.0481322
0.121565
0.407534
-0.641851
-1.98528
-0.383065
0.0126016
-0.715901
0.0850884
-0.172666
-0.196995
0.0961757
0.121318
-1.90937
1.81461
-1.19093
0.0715883
1.91871
1.32753
0.105754
0.0546401
-0.626305
-0.0735219
1.24071
-0.0881961
0.0185633
0.0883623
0.778589
0.60994
-0.316297
-0.153713
0.4767
0.157021
0.0526174
0.336637
0.0953379
-0.135393
-1.42906
-0.205231
0.342117
-0.0309676
-0.224152
-0.0291081
0.0508061
0.995125
-0.039075
1.77511
-0.0567846
0.880787
-0.23461
-0.0453104
-0.0759752
-0.247939
-0.0241162
1.5512
-0.745707
-0.0646848
-0.674872
0.404227
-1.34719
-0.865988
-0.215344
0.803608
1.96858
-1.82118
-0.907219
0.0272758
-0.114817
0.284474
0.121121
0.227311
-0.0471852
0.117865
-0.127915
1.9
-0.213448
-1.4767
-0.16905
-0.17775
0.23454
0.509533
0.0379523
-0.178611
0.0327896
0.118492
1.33389
0.775598
1.24672
-0.245329
0.108806
0.912369
1.94504
0.153556
-0.226633
-0.0318072
0.0389274
0.0953467
-0.194399
-1.54408
0.139832
-1.26724
-0.148654
1.18724
-0.0805815
-0.115674
-0.14026
1.1322
-0.0688893
0.275281
1.81177
0.0292846
0.091731
1.47777
0.256306
-0.0690073
1.06453
-0.180291
-0.000336547
0.273447
0.0183863
-0.0733878
-0.059967
0.0414132
0.019136
0.0938728
1.15275
-0.100386
0.343209
-0.0850937
-1.9064
-1.42985
0.0205457
-0.117284
1.54168
-0.00645035
0.164681
1.9681
1.02469
-0.149231
1.08895
-1.75995
-0.160006
1.9103
1.92
0.152878
-0.799875
0.303848
-0.0172495
0.0341601
1.76231
-1.90171
-0.256169
0.15939
-0.019906
-0.256816
-1.24222
-1.61307
-0.197989
-1.79325
-0.154195
1.03992
0.0510728
0.179466
1.65892
-0.214119
-1.7345
0.108738
0.494317
-1.06015
0.00757735
-0.257988
-0.0232836
-0.311533
-1.23595
0.135126
-0.385785
0.0990343
0.336567
-1.19605
-1.70576
-1.4905
-0.0971958
0.0345612
-0.160468
1.33946
-1.2808
1.02987
0.0567485
-1.10992
-0.00982804
-0.109583
-1.23744
0.567976
-1.86234
0.654944
0.982123
1.66786
-0.814805
0.901782
-0.0268233
-1.45648
-1.43549
-0.284377
-0.263061
-0.350852
-0.211022
0.307091
-0.0202865
0.138844
-0.952794
0.231296
0.61074
-0.338222
-0.0760525
1.7143
-0.132775
0.217741
-0.883476
-0.428034
1.03587
0.150755
0.0691909
0.0783011
-0.111609
-0.309175
1.45497
0.0598206
-0.0621247
1.76312
0.162502
-0.0788073
-1.46526
1.8296
-0.0178865
0.0965986
0.577515
0.0306793
0.0518502
-0.000694693
0.0895433
-0.00510047
0.183529
1.04819
-0.226012
-0.0632863
1.93929
0.379642
-0.109579
-0.0660749
-0.172692
0.719657
1.59693
-0.209713
0.703507
0.0474779
-0.0310297
0.054494
-1.31444
0.0429945
-0.162419
-0.152696
0.052549
-0.174981
-1.31388
0.707868
-0.31653
-0.417127
-0.0477485
0.138807
-1.7491
1.38441
0.0427497
-0.113054
-1.44481
-0.00393822
-0.169691
0.362668
0.0590724
0.0265751
0.0989888
0.376028
-1.01391
0.138799
-0.941801
-0.592518
0.0417021
-0.391398
1.14272
-1.25592
-0.249458
-0.163158
0.0912311
-0.0287008
0.18409
0.141797
-0.0211438
0.225608
1.22348
-1.39573
0.930902
-0.212101
-0.120727
-0.0430291
0.087268
-0.114654
-1.82123
-0.0328555
0.254615
-1.55244
-0.0593623
-0.262131
-1.92178
-0.187599
1.68762
-1.04351
-0.852818
-0.135525
0.198879
-0.121818
-0.219441
0.135358
-0.589873
0.0757234
0.443305
0.01921
-0.28682
0.230089
1.79781
1.38736
0.136938
-0.923085
1.35752
0.0560727
-0.101037
0.325178
0.307862
0.860732
1.5295
0.881188
0.0226966
-0.49677
-1.39754
0.443397
0.11249
0.00689368
-0.757823
1.02365
0.436144
-0.185844
-0.299603
-1.24367
1.56806
-0.203414
-0.493065
0.251344
-0.0670626
0.171631
-1.42485
0.182051
-1.04683
-0.151019
0.0262515
0.0786764
-0.0639592
-0.311312
-0.100717
0.0391049
-0.11463
0.161426
-0.783199
-0.0150254
0.0428506
-0.0877074
0.367146
-0.0947086
-0.133613
-0.0531289
0.172572
-0.0158924
-1.76579
-0.0478229
0.549541
-0.142319
0.0272038
-0.10769
-0.0411291
-1.49031
-0.193282
-0.342993
-1.66744
0.223731
-0.000271125
0.616945
0.276669
0.211597
-0.303531
0.147023
-0.0683033
-0.121163
-0.19515
0.279837
-0.106816
-0.0912349
-0.111977
-0.712575
-0.241295
0.0548446
0.141129
-0.923061
0.0814129
-1.11005
0.0140945
0.14563
1.52222
0.122247
0.143477
-0.161212
-0.300067
-0.157849
-1.93962
-0.181172
-0.976975
-0.134438
0.192205
0.0799084
-1.93546
-1.1393
0.0535957
-1.08155
-0.180423
-0.131562
0.0597829
-0.017436
1.06345
1.6354
1.1402
-0.110812
-0.0148511
-0.265916
-1.43709
-0.370121
-0.0858178
-0.0407014
0.0511032
-0.166217
1.62277
-0.042528
0.281283
-0.306414
-0.300806
0.0390987
-1.85583
-1.0869
-1.13978
-1.89313
-0.00577885
-1.7454
-0.578902
-1.44901
0.376644
-0.693453
0.140269
-0.416543
0.0484907
-0.247823
-1.19473
-0.177507
-0.159931
-1.8458
0.19777
-0.0256727
0.391514
-0.0253412
0.131372
1.07113
0.0539356
0.423562
0.190913
-0.116538
-0.251105
-0.340006
0.53743
1.73031
-0.0752194
-0.900161
-0.156092
1.04957
-0.116373
-0.0287105
1.16763
0.128885
0.256243
0.710543
1.75023
0.16123
-1.00884
-1.26967
0.0883911
-0.0638224
-0.2333
1.70525
0.112114
0.140041
0.928513
1.03459
-0.499684
-0.217791
0.0646134
0.343901
-0.0937889
-0.171425
1.115
0.0427668
-1.90405
0.186564
-1.58046
0.176606
0.479047
0.0162271
0.871465
0.447235
-0.288405
-0.178946
0.171336
-1.38983
1.96217
0.809774
1.98014
0.216328
-0.374734
0.0896841
1.12321
-0.0847449
0.165587
-0.663306
-0.0992479
0.20982
1.78376
-0.134113
-1.62181
0.248236
-0.0976711
0.277663
0.695727
-1.81938
-0.241782
0.601098
-0.269312
-0.0483438
-0.256222
-0.0551629
-0.809252
-0.585036
-1.06837
-0.0145312
0.255301
-1.40827
-0.768481
-0.134497
-0.0545726
0.957814
-0.825259
-0.0323523
-0.0918038
0.114602
0.0271758
-0.00603941
0.126464
0.657649
-1.17818
1.98147
-0.0629698
0.128406
0.144395
-0.035121
-0.0509135
0.167695
-0.449417
0.606261
-0.165073
0.0201058
1.45625
-1.76007
1.33051
0.0933704
-0.353376
-0.071138
-0.0663595
0.434065
-0.13623
0.0651625
-0.0368995
0.0131737
0.778523
0.308325
0.298298
0.246925
0.286229
0.139279
0.555771
0.739117
-0.103457
-0.40407
1.25881
0.0721615
0.0566521
1.08353
-0.349559
0.839953
0.0374659
-1.41635
-0.138398
1.11447
0.266878
0.0541743
1.17376
0.057969
-0.0126278
0.176527
-0.326034
0.147648
0.358743
0.191497
-0.191151
-1.71868
1.24285
-0.0235397
1.67661
-0.547127
-0.0531781
0.559162
1.38402
0.023137
0.0932768
-1.01964
0.314751
0.196714
0.276792
-0.0293337
0.929917
0.145527
0.252053
-1.02197
1.36721
-1.64058
-0.310821
0.236894
0.0884749
0.0887533
-0.874076
0.0605175
0.12604
-0.0452278
0.0583888
0.0755338
0.22071
-1.81685
-0.0380624
1.24088
0.0763108
0.363806
0.0815463
-1.80367
0.276494
-0.0235859
0.217627
-1.87731
0.322123
0.057603
0.478058
1.80577
0.129318
-0.182788
-1.11579
1.34892
-1.80699
1.99835
0.237125
0.306764
1.85604
-0.158587
-0.995329
1.01179
0.188854
0.140351
0.186625
-0.0225948
0.164731
1.9036
1.19761
-1.27097
0.221571
0.103533
1.51698
0.223106
0.0529575
0.267557
-0.449782
-0.43025
-0.00412945
0.212909
-0.237456
1.63517
0.0902648
0.607461
-0.102885
0.142852
-0.17047
-0.0213224
0.59285
-0.143801
0.0125009
-0.0602994
-0.520378
-0.395807
-0.394088
-1.05086
-1.46095
1.75476
0.0891442
1.12346
-1.73009
1.79853
-0.332877
0.0140004
0.498858
-0.345263
-0.07354
0.69946
-0.0622778
-1.8764
0.248949
0.100451
0.0075359
0.0196655
1.8107
-0.0195787
0.22001
0.178149
-0.0802905
-0.0874593
1.06641
-0.105931
0.0777491
-1.12895
-0.976725
0.855722
-1.45327
-0.241543
0.998699
-0.136221
1.29128
1.22531
-0.116601
0.0308786
0.0727537
0.0163772
-1.38593
0.177079
1.86268
0.722453
0.325257
0.249669
0.076367
0.0828591
-1.46532
0.954663
0.225633
-0.999588
-0.251482
-1.08564
-0.952962
0.167297
0.0410688
0.0650562
0.057448
0.316342
0.00561661
-0.150015
-1.53985
-0.0963102
0.0325587
0.250532
1.38249
-1.40223
1.26656
-0.150235
0.228522
-0.145225
-0.149658
0.000969095
-1.57512
-0.999935
1.42681
-0.0173149
-0.0799674
-0.305119
0.289623
0.139915
-0.955412
0.0287202
0.180459
0.186894
0.187979
0.079894
0.115587
1.49033
-0.227354
-0.226606
0.047854
0.145573
0.0742051
-0.140698
-0.065943
0.152729
0.0407655
0.157916
0.126175
-0.169724
-1.02447
-0.31051
-0.0725045
-0.449917
-1.69898
0.0376762
-0.0296944
0.0784686
-1.45741
0.559848
0.0312843
-0.237077
-0.00281552
-0.816758
-1.68888
0.0821749
0.0710614
0.0111956
0.152522
-0.114505
-0.0498273
-0.0453276
-0.163619
-1.3266
-0.17307
-1.71722
-0.0774674
-0.779272
0.490314
-0.474967
-0.166039
-0.217206
0.188453
-0.00764883
0.0277945
-0.187479
-0.300956
-0.414219
-1.78128
-0.19863
0.0869752
-0.0562521
-1.11124
0.00632013
1.08247
-0.165617
0.143005
1.34502
0.234373
0.0490907
-0.00467791
0.505675
1.93302
0.0153187
-0.291167
-1.08831
-0.408077
0.0634666
-0.071899
1.42735
-0.129106
1.96985
1.39446
-0.0949266
-0.0548065
0.0342464
0.184992
-0.0439225
-0.0785014
0.868618
-0.526806
-0.0745118
0.302655
-0.0660788
-0.0944405
-0.391682
-0.171041
0.0219758
0.0648482
1.66767
-0.0771325
1.88027
-0.0840255
0.0894729
0.267892
-0.407513
-0.127651
-0.00101338
-0.101441
1.48987
-0.085433
-0.430022
0.309668
1.15178
0.0766446
-0.212429
-1.3685
0.342308
0.0671485
0.0925549
-1.33514
1.05487
-1.27527
-0.122153
-0.410733
0.408902
1.69313
-0.0720012
-0.357379
0.342388
0.209568
0.0206332
-0.0745035
0.0289143
-0.144913
-1.53876
-0.462809
-0.875433
-0.105554
0.0476898
0.13045
-0.877399
0.877714
-1.92892
0.137132
-1.44216
-0.0155217
-0.069694
-0.0851837
0.690753
0.0168498
0.154714
-0.86655
-1.2791
0.577778
-0.0591762
-0.118614
-0.143911
0.186155
1.82731
0.739575
-0.282411
0.0960457
0.0398295
0.0951106
-0.285002
-0.238173
-0.242503
-0.565768
1.80885
-1.15094
-1.55266
-0.131465
0.0906455
-0.0812896
-0.0027204
-0.046618
-1.20811
0.207927
-0.0972911
0.0169698
-1.79873
-0.000474521
-1.68091
-0.622482
-0.116495
-0.0138613
-0.0997965
0.0815603
-0.044452
-0.229487
-0.309838
0.106063
1.67868
-1.10443
1.08717
1.57518
0.0546437
0.265815
-1.99606
1.97663
0.371237
-0.269765
-0.397363
-0.233498
0.190298
0.0400086
0.331455
-0.579428
-0.100933
0.0172783
-0.676308
-1.97134
-1.0973
1.64079
0.465317
-0.653509
0.728407
-0.207227
-0.124636
0.104421
0.200739
0.209174
0.0603915
-1.41775
-0.881616
1.9049
0.498892
-0.197382
1.41706
-1.49888
-0.112597
0.0864905
0.0150997
1.27516
-0.255927
0.19258
-0.00466155
0.0563353
-1.8831
0.95085
-1.80538
0.22544
-1.30554
0.127043
-0.842686
-0.134962
1.76448
0.143555
-0.282532
-1.55343
0.0933606
-1.66194
-0.239773
-1.14083
-0.16434
-0.0344542
0.0803876
0.177973
-0.0563195
-0.151915
-0.125173
-1.35061
0.0115299
-1.37012
-1.35516
-1.81357
1.24
-1.52991
0.0101775
0.209363
0.627438
0.263357
0.350937
-0.0317641
-0.0491505
-0.0740447
-0.469297
-1.24742
-0.469076
0.0692276
-0.965853
0.142931
-0.0335434
-0.10516
1.62243
-0.0402652
1.09459
-0.0114159
-0.0822047
0.183294
-1.01649
-1.5148
1.46806
-0.0645093
0.0276397
1.49365
-0.120354
-0.196217
-0.0970959
0.0406432
-0.0424611
1.16583
0.184027
1.67488
1.20701
1.06249
-0.132619
0.106646
-0.218076
0.100058
-0.240707
-1.8055
-1.51153
0.0662545
0.629082
-0.29486
0.294507
-0.0727644
-0.0450109
-0.761975
-0.950613
0.36728
1.30306
0.505506
-0.728124
0.0965812
-0.18239
-0.183726
0.382546
1.02337
-1.06318
-1.84605
-0.905128
0.246001
-0.0552654
-0.0268845
-0.0882854
0.186843
-1.94698
0.244325
-1.92557
1.39649
0.219898
0.255224
0.159145
0.363536
-0.374745
0.208501
1.51627
-0.129199
-0.049952
1.15174
0.0197237
-0.108568
-0.122065
-0.198177
0.217683
1.08939
-0.948315
-0.186883
-0.00133798
0.0966878
-0.406058
0.101156
-0.287513
-0.11219
-0.147206
0.0207698
-0.0167716
0.198907
-1.3501
1.22155
0.753333
0.603907
0.00683735
-0.0421296
0.79165
0.167861
-0.0178954
-0.706768
1.30637
0.0495112
-0.197381
0.200402
-0.0555945
0.217773
0.0699313
-0.0292351
-0.156733
-0.0692105
-0.0684405
-0.0433492
0.608781
0.0571632
-1.27301
-0.142421
0.974769
1.50893
-0.157836
1.53698
-0.322549
0.182508
0.205715
-1.64457
0.288271
-0.165655
1.54344
1.86215
0.0633169
-1.02802
0.833641
-1.59811
-0.0602327
0.387793
-0.123735
-0.00760758
-1.05386
-0.0808038
-0.0813509
0.554065
1.17663
-0.117677
-0.0587921
-1.48634
0.217587
-1.18527
0.21597
-0.00753965
0.00679039
-1.228
-0.296082
0.266239
-0.288516
1.94179
0.227375
0.158654
-0.139108
1.82215
-0.122215
-0.0491796
-0.521669
-0.143813
-0.0201022
0.0161216
-1.32502
-0.895801
0.126909
-0.0861138
0.77423
-0.0838792
-1.3101
-0.196726
-1.75936
0.0774285
-0.078911
-0.0968686
0.928393
0.0118291
0.177173
0.0613377
-0.287203
0.321303
-0.334976
0.00654766
-0.0427789
0.0305863
0.316535
-0.638152
0.167647
1.70886
0.341996
-1.09126
-1.88514
-0.360379
0.0527898
-0.176988
1.28585
0.455342
-0.0204499
0.407779
-0.246741
0.106759
0.025924
-0.409222
0.0150208
0.05225
-0.250966
0.603466
-1.26081
0.0269015
-0.060789
-1.43948
1.24087
-1.05243
-0.222782
-0.0800665
0.0619825
1.51673
0.137361
1.83929
0.15909
0.041176
1.00118
-0.0278654
0.0477141
-1.38668
0.255804
0.200613
-1.55895
1.95854
-0.0959922
0.279069
0.118073
-0.0238953
-0.624309
-0.765064
-0.171692
0.0410621
1.24036
-0.00139116
0.27665
0.346952
1.76943
-0.0639342
0.75729
-0.0771976
0.0155681
-0.00943842
-0.195675
0.0445543
-0.700253
-1.60987
0.56631
-0.721736
0.139151
-1.38963
0.70263
-0.15322
0.0840673
1.35245
-1.27616
-0.0405224
0.297638
0.142658
0.0583284
-1.88022
-0.218415
-1.83713
-0.291744
0.0374812
0.875075
0.0759619
-0.658702
-0.0558313
-0.856171
-0.299877
-0.472715
0.0452437
1.05717
0.350214
-1.50569
-0.126501
0.122713
-0.0539556
-0.247262
0.361139
0.230226
-0.0349801
-1.23282
0.139072
0.060642
-1.1654
-0.0572237
0.842994
-0.0149569
0.218514
0.529283
-0.240375
-1.6881
0.100732
-1.96706
0.145342
-0.00711083
0.108324
-0.429426
1.28445
-0.014101
-1.82735
0.0656072
-0.889194
0.0177236
-0.219061
-0.0572275
1.56696
-0.114405
0.491552
0.164639
0.151991
-1.25147
-0.246981
0.181653
1.92907
0.107147
0.251716
0.15701
0.760466
0.0554119
-0.777841
-0.0466749
0.0260727
-1.11628
0.501806
-0.0744667
0.243125
0.0944558
0.00266117
-0.203497
-0.226283
-1.49238
0.0596575
-1.03048
-1.70065
0.152565
-0.334308
0.151045
-0.193569
-0.101556
-0.93651
-0.107792
0.156927
-0.0496581
0.118537
-1.32302
0.249819
-0.041128
0.471428
1.22866
1.51441
0.185845
0.0153007
0.0513024
0.510756
-0.0306571
-0.0215717
-1.73986
1.67118
0.105437
-0.0531263
0.144409
-1.44966
1.52838
-0.95525
0.0928331
0.550853
0.149013
0.297801
1.65952
1.60741
-0.0443632
-0.263108
0.117652
-0.0171292
0.0875977
-0.014322
-0.14222
0.11833
0.00311441
1.54293
1.46149
0.500002
-0.0364381
1.85615
-0.17829
0.411635
-0.210913
1.26968
-1.65816
-1.27542
0.0384651
0.134511
-0.674136
0.60485
0.0853149
-0.0713283
0.0771927
1.39732
0.0315538
-0.651562
1.80164
-1.12483
0.0490304
0.299868
0.184194
1.10023
-0.309183
-0.208866
-0.124089
0.032786
0.023343
-1.79446
0.427642
0.240714
1.29794
1.82686
1.91667
-0.937374
0.184306
0.0027947
-0.148329
0.231394
-0.428546
0.186974
-0.541198
0.101612
-0.611296
-1.00301
0.825539
0.229754
-0.0356212
0.600684
0.511895
-0.109261
0.239524
0.377525
-0.0821527
-1.88663
0.154911
-1.94277
0.0496432
-0.00972168
-0.343323
-0.0793046
0.392069
0.156756
0.0158026
-0.158141
-1.96204
-0.796459
-1.48961
-1.20095
0.0804689
-0.390963
-0.0604382
-0.975305
0.906256
-1.04609
-1.99697
-0.603919
0.0957667
-0.0234491
-1.8462
-0.057635
-0.113272
1.59206
0.312398
0.0842223
0.250425
-0.121647
0.146286
0.135234
0.0225429
1.73964
0.33139
0.0510077
-0.281287
0.19507
1.67671
0.0409435
-1.82587
0.400592
0.11383
-0.203675
-0.780801
-0.110305
0.0292088
0.0615647
-1.96455
0.213567
0.486304
-0.120293
1.03937
-0.889666
-0.950599
-0.150041
-0.13575
-0.445811
-0.0363462
1.70496
0.332394
-0.489035
0.303051
1.93302
0.13984
0.357195
-0.104686
-0.308288
1.78623
-0.203876
-0.171071
-0.702968
-0.0244727
0.122464
-0.226194
-1.5693
-0.110833
0.112544
-0.170661
-0.00580881
0.112719
0.0195684
-0.108059
0.378917
1.62638
-1.9322
-0.0935114
-0.16043
-1.12591
-1.07046
-0.0883592
-1.48471
0.135595
0.0681735
-0.468925
-0.0471679
0.133961
0.200857
0.0515121
-0.185291
-1.54445
-0.555612
-1.26977
-0.138897
0.19758
0.0250227
-0.869717
0.542498
-1.48965
-0.195
-0.159498
0.203015
-0.0213756
-0.692366
-0.201392
-0.0295562
0.169599
0.146542
0.0892983
-1.76728
-0.881159
-0.134586
-0.126753
-0.474972
-0.0212064
0.0577466
-0.014253
0.194535
0.882583
-0.111909
0.294025
-0.174399
0.0143985
-0.139692
0.000151484
0.0907887
0.171797
-0.240345
1.68247
1.21964
0.864905
0.0518097
0.153024
-0.132143
0.0571726
0.0551828
0.998439
-1.77111
-1.62761
0.145048
0.0221602
-0.119822
-0.100847
-0.11892
-0.0255447
0.0776411
0.309982
-0.222548
0.0820527
-1.49209
0.0879309
-0.241038
-0.00916277
0.894523
-1.52828
0.176158
0.151261
1.89218
-1.24077
-0.0331637
-0.432716
-0.636539
0.122039
0.991615
1.01448
1.46342
0.302224
-0.896451
-0.0633227
-0.066187
0.154238
0.189062
-0.0589883
-0.619248
-0.197063
1.37237
-0.745794
1.31785
-0.410333
-1.82083
0.170135
-0.0653483
0.191207
-0.342559
-0.352258
-0.123471
-0.0925958
-0.00447997
0.507317
-0.228711
0.100082
-0.160133
-1.9169
0.701411
0.375863
0.0660037
-0.123001
0.708178
1.86111
-0.0843342
0.0903905
1.12066
-0.277508
1.90889
-0.0186497
0.0312949
-0.177989
0.176185
-0.223502
1.35325
1.52481
0.0121179
0.378753
0.0417293
0.25841
1.83449
-0.114656
1.86303
0.0805499
1.37798
-0.877884
-0.00946711
0.766294
-0.173182
0.213603
-0.257474
-0.0512013
-1.91007
0.116397
0.187324
1.15954
0.131146
1.7648
-0.24281
0.0705403
-1.0201
0.244321
0.0561105
0.339478
1.17227
0.0905338
-0.803603
-1.22824
0.245883
0.202323
-0.453225
0.106382
1.51424
0.365283
0.0707978
-0.0690611
-0.027124
-0.0634912
0.210707
0.0439545
1.12518
-0.816765
0.107713
-0.623996
1.13941
1.76694
-0.951487
-0.00854164
-0.171486
-0.758304
-1.9015
0.251639
1.07335
-1.02636
0.188795
-0.101487
-0.0039924
-0.396554
0.141484
0.0077593
-1.07317
0.128609
0.480843
-1.16125
-0.626683
0.115828
-0.829457
0.161536
0.2689
1.05056
0.190289
-0.246527
-0.115
0.145699
-0.129879
-1.93159
-1.6746
0.933205
-0.0402408
0.0548029
0.154334
-0.0789561
-0.537598
1.54917
-1.21074
0.0468803
-0.11068
0.169214
-1.97188
-0.216983
-0.146808
0.179345
0.155584
0.0590063
0.288213
-0.801032
0.757123
-0.135293
-0.110322
0.641202
0.00665174
-0.0524805
1.15625
-1.7857
0.0734179
0.976528
1.24895
0.165488
0.960835
1.54446
0.289956
0.221106
-0.40871
-1.57451
0.112132
-1.5136
1.34673
0.200663
-0.146417
0.21947
-0.015998
-0.192915
-0.887576
-0.239534
1.65163
-0.0505095
0.0149698
-0.456734
1.33301
-0.12071
0.805886
-0.417513
-0.618459
0.0546945
0.375798
-0.62759
-0.0895524
-0.776561
-0.308393
1.04466
-0.113734
-0.0965075
1.84884
1.29344
-0.00265984
0.130986
0.139101
-0.00866249
-0.0534353
-0.82673
-0.568978
-0.0788774
0.0403001
0.565933
0.111648
-0.0202247
-0.2902
0.166874
-1.94511
-0.98921
0.0806924
-0.110615
-0.240918
-0.0117635
0.143985
0.0885541
-0.00484034
0.0221395
0.228581
-0.97877
-0.138166
-0.84802
0.201111
0.233507
1.93575
0.107539
0.171796
0.0963825
0.000762567
0.89598
1.8926
-0.0315743
-0.00502365
-0.985657
0.0767622
-0.372911
0.0558523
-1.2036
0.354521
0.104905
-0.0815009
0.0499857
0.103532
-0.124354
0.0618408
0.0045761
0.0574446
0.0778527
0.697393
-0.42434
-0.0830851
0.920148
-0.25208
1.80083
-1.43542
-0.302605
0.0586032
-0.105215
0.0849835
0.123213
0.133374
0.1431
-1.67948
-0.155253
0.62166
0.0729226
-0.124579
-0.294361
-0.0486769
0.149916
-0.324238
-0.207666
0.0104213
0.117179
0.132004
-0.202438
-1.28633
0.981719
-0.125305
-0.0242652
1.88094
0.0407597
-1.42408
0.044716
0.216386
-0.125456
0.151759
0.120516
0.837528
1.75001
-0.041089
0.0370951
-1.46437
-0.525803
0.164865
-0.561513
0.0191044
-1.34222
0.180382
0.57884
-1.21407
1.362
-0.114285
-0.129046
0.0168597
-1.48755
0.0768635
-0.249996
-1.18827
-0.0720253
-1.63103
0.263771
-0.73663
0.797439
0.186238
0.265836
0.450977
-0.0905761
-0.16631
0.0778585
0.839846
0.258958
0.108986
0.479984
-0.205297
0.0261961
-0.10764
-0.038984
-1.23433
-1.62433
0.271826
-0.0688081
0.0567542
0.0565322
-0.284885
0.0285887
-0.22644
-0.0497552
0.105305
-0.236096
-0.0343676
0.99812
0.212353
-0.16071
-0.12612
0.0574243
0.00337427
0.511448
1.22722
-1.08646
0.0919784
0.22434
1.44774
-1.66112
-1.03856
-0.359244
-1.72857
-0.341797
-0.481684
0.102074
-0.121805
-0.000258942
-0.211951
-0.830501
-0.06292
-1.73661
0.202372
0.247314
0.229153
-1.99358
-0.00341649
-1.07689
0.0813675
-1.58248
-0.0551203
-0.114182
0.467227
-0.0298192
-0.077616
-0.226214
0.345161
0.997316
-0.894571
0.407676
0.000665134
0.37693
1.07008
-0.28642
0.039143
0.404023
0.199723
0.106023
-0.991677
-0.0385664
-0.399113
0.0688725
0.135451
-0.0593757
0.0515885
-0.207749
0.128904
-0.0724977
0.0302628
1.75511
0.0666856
0.318157
-0.0114672
-0.629416
0.121066
-1.05724
0.182146
-0.151304
-0.14547
0.0195249
-0.00229411
1.87438
0.0870653
-0.0881008
0.101361
0.173182
0.0787225
-0.0399103
0.624156
1.66908
-0.0694621
-1.17823
0.148144
0.0864015
0.181827
-0.237638
0.234742
-0.0487793
-0.196708
-0.20404
0.0523282
0.633475
-0.17247
0.116488
0.233716
-1.45057
-0.438486
1.24338
0.0628695
-1.59624
-0.154366
-0.0408185
-0.356915
0.0560315
0.26352
-1.48698
-1.01657
-0.182929
0.834761
0.0138105
0.242026
-1.66192
1.7056
-0.120762
0.919608
-0.375662
-0.972802
0.746816
0.313018
-0.529388
0.0641011
1.41495
0.0941324
-1.23481
0.0571003
0.107635
-0.59614
0.0390895
0.0525316
-0.131996
0.268728
-0.255057
-0.275203
-0.182618
-0.0752279
1.46692
-0.177315
0.00087421
0.364722
1.31528
0.5877
0.123525
1.25068
-0.155923
-0.264736
0.254289
-1.13396
0.216673
-0.794305
0.00762186
0.129653
-0.0214339
-0.0532808
-0.139644
-0.720206
0.81898
0.844832
-0.0299135
-0.540829
1.3167
-1.98924
-1.50552
-0.240965
0.332987
0.186963
-0.551297
-0.0612773
-0.0419518
1.87783
0.155685
-0.640877
0.0884677
-0.0893361
-0.0817162
-0.0704246
0.144171
-0.182981
-0.0677582
-0.224664
-0.672614
-1.48892
-0.174818
0.0285005
0.0100943
0.475059
0.165312
-0.807568
-0.18494
-0.273746
0.0733495
-0.485254
0.185615
-0.515191
0.886228
-0.025866
-0.127537
0.0336551
-0.086129
-0.549065
0.00791587
0.175896
-0.0726065
0.602483
0.117761
0.101297
-0.318846
-0.0465456
0.151915
-0.195055
0.0630376
-1.60194
0.175947
-0.109324
0.239211
-0.11578
-0.231917
-1.4507
0.363926
0.0250763
-0.147699
-0.304052
1.21313
-1.85572
-1.55479
-0.0481517
0.302091
-0.826014
0.11878
0.151367
0.104674
-0.0185356
1.57901
-0.0357422
0.273301
-1.93439
0.253951
-0.0126061
-0.191416
-0.0606966
0.357057
1.37925
-0.00865055
-0.0110425
-1.61954
1.89198
-0.188707
-0.112073
-1.85394
0.0794158
-0.307221
-0.946927
0.175248
-0.0472319
-0.0555254
-1.01755
-0.0771441
0.0991071
-0.86415
0.326272
-0.128834
1.83634
1.13767
-0.0225698
-0.663455
0.169625
0.0302155
0.855149
-0.628285
-0.218475
-0.268684
-0.244055
-0.0865377
-0.240501
1.95648
0.692088
-0.167861
-0.0747556
-1.2199
0.0220014
-0.050719
-1.8768
-0.587095
0.129572
-0.141493
0.0897203
0.277595
0.11369
0.745361
-1.12214
0.0677007
0.0439514
-0.113639
0.0653724
-1.23966
-0.03322
0.360418
-0.0540935
0.115792
-0.288383
-0.108041
-0.0108097
0.00850959
0.210082
0.102412
-0.975342
-0.766058
-0.110288
1.0691
-0.592639
0.117701
0.224639
-0.495869
-0.495091
-0.286801
0.0440885
1.21986
1.38479
0.0880964
-0.280809
-1.2994
-0.0664015
0.0885657
0.0848355
0.0458308
-0.110271
0.0244724
-1.51426
0.0367709
-0.0742185
-0.0217956
1.91392
0.349532
-1.04942
-0.260093
0.721809
0.234442
-0.0245672
0.109322
-1.84034
-0.0376232
-1.16782
-0.158337
-0.223642
0.00456334
0.0664924
0.932023
1.40881
-0.170717
-0.0463688
0.0516435
-0.00956705
-1.09596
-0.938885
0.125191
-0.0760274
-0.235907
0.419397
-1.16264
-0.214183
-1.40972
0.118839
0.336287
0.138601
1.50312
0.163504
0.0701211
0.137361
0.170401
0.0167127
0.351298
0.10986
1.53134
0.184482
0.0204508
0.0638876
0.151325
1.18324
0.0513657
1.37553
-0.306016
0.74197
0.0521533
-0.0159422
0.000560032
-0.161261
-0.0505429
-0.230762
-0.940386
-0.0541068
-1.64457
-0.531319
-0.0754542
0.185686
0.123265
-0.418227
0.54375
0.288967
0.219727
-0.0874529
0.151412
-0.329399
-0.107099
-1.05733
0.235734
0.0765369
-1.5831
0.00242259
-1.23112
0.0615119
-1.72022
0.103915
1.09711
-0.329274
0.132344
1.19372
-0.125585
0.0997374
0.0188495
0.0229249
0.0449687
-1.67417
-0.00941558
0.142814
-0.0129629
0.225404
1.95229
-0.0334295
-1.97568
1.28356
0.0716686
0.177418
-1.44801
0.792822
0.266157
1.6791
0.057666
-0.0101731
-0.185448
-0.0126854
-0.0938378
-0.0493705
-0.333397
-1.78055
-0.139195
-0.208231
-0.0807457
0.188382
-0.040235
0.10929
0.429607
1.18555
0.0167015
1.54828
-1.66894
0.0496728
-0.200715
1.31295
-0.846526
-0.446359
-0.36293
0.0259118
-0.193529
-0.0313619
-1.72826
0.199036
-0.0174866
-1.90037
-1.66469
0.0173276
-0.0143881
1.66376
-0.0442408
1.25669
-1.54248
-0.0634548
1.22541
-0.0958898
0.661602
0.0238598
-0.10975
1.98021
0.0785561
-0.832781
-0.99488
-0.686297
0.0432403
0.244295
0.00117636
-0.265039
0.0290669
1.02052
1.25457
-0.0796099
1.37179
0.177731
-0.0862342
0.0223407
-0.183298
0.00837554
0.243335
-0.176509
-1.90203
-1.36375
0.151924
-0.132674
0.473999
1.02072
0.586929
-0.208686
0.0544839
0.260957
0.140658
0.106718
0.0884816
-0.250033
0.18487
-0.113198
-1.631
-0.110117
-0.0573118
1.85395
1.94382
-0.255368
-1.2595
-0.0486502
-0.0305629
0.561716
0.113504
-1.37821
0.170767
0.382462
-1.39541
-1.66153
1.57986
0.340783
0.311888
0.0946077
0.440548
0.392886
-0.824274
0.941407
-0.0776737
0.113011
-1.62893
0.406212
-0.171868
-0.136053
-0.0877241
-0.0914534
1.99337
-0.611918
0.422658
0.125128
0.4407
0.264544
1.98206
-1.53079
-1.25851
0.0604986
-0.345545
-1.85246
0.905156
0.12918
-0.0627795
0.00970207
1.727
0.13278
-0.956168
-0.0269829
1.89611
0.920422
-0.304359
1.86651
-0.0233314
0.141632
0.0576441
0.354391
0.440353
1.40676
-0.0238726
-1.80681
0.164623
0.0403059
1.32125
-0.283694
-1.98336
0.00258254
0.875785
-0.10281
-0.0199204
0.234795
0.454336
0.132638
0.0810135
1.37025
-0.16437
-0.179844
1.64083
1.43904
1.73408
-0.830675
-1.4792
-0.059318
0.0662297
-0.223648
-0.113571
0.292982
0.127907
1.47844
1.52521
-0.193492
-0.935798
-0.0845708
-0.0950231
-0.0782001
0.949987
0.179505
0.619822
-1.47804
-0.20801
-0.833793
1.00974
0.19531
0.0155083
-0.0715989
-0.982095
-0.85145
0.413935
-0.569043
0.0089312
-0.683172
0.134695
1.55722
0.0722184
-0.297639
-0.00223965
-1.53258
0.879307
0.663948
0.107102
-0.143474
-0.231605
0.227611
-1.04526
0.246329
0.161504
0.0956985
0.136544
0.116055
0.0998894
-0.0474611
-0.527591
0.226399
-0.0583508
1.59368
0.0563286
-0.0123828
-1.36722
1.95973
1.32744
-0.296374
0.726707
-0.0187288
-0.426736
0.19335
1.89308
0.523481
0.171642
0.0852736
1.00798
0.0583475
-1.33643
1.083
-0.0131949
0.0878264
0.114041
-0.0190709
0.138147
-1.35784
0.203914
-1.84166
0.125228
-0.0536086
-0.279676
1.05481
0.326788
1.37196
0.264542
-1.36241
1.9409
0.617529
0.00551671
-1.76105
-1.2998
0.00438528
1.7085
0.700281
0.380908
-0.0563696
0.264677
-1.4847
-0.29913
1.03312
-0.0396853
0.163754
-0.0639617
0.219675
0.25222
-0.370048
0.0542133
-1.77626
0.0789292
0.493962
-0.499257
-0.0661531
0.317438
0.0702334
1.36204
1.95271
1.82222
-0.894769
-0.30073
-1.53845
-1.04699
0.16923
-0.014436
-0.293877
-0.377686
-1.26327
-0.115063
-0.0403416
0.439291
-0.41109
0.430875
-0.230734
-0.0579579
0.145118
-0.270006
0.0246164
1.51485
-0.0474413
0.044272
1.37909
-0.0774207
-0.0031797
-0.235804
-1.45936
-0.125337
1.72431
0.964158
-1.04405
-0.966593
-0.188872
-0.145364
-0.173995
0.591083
1.16474
-0.161483
0.161833
-0.0115528
1.61246
-1.31956
1.04978
0.0163923
-0.00247558
1.58148
1.63431
0.133181
-0.820319
-1.957
-0.244397
0.100439
-0.220478
0.106235
0.550199
-1.42681
-0.177373
0.0856213
0.119187
-1.99312
-0.0916165
-0.235427
-0.298964
0.164742
0.981099
1.89832
0.17853
0.246466
0.27668
0.389961
0.300401
-1.16941
0.0734464
-0.0608906
-1.11986
-0.0248266
0.0283075
0.446755
0.899284
0.0915389
-1.01625
0.301372
-0.17935
-0.326109
-0.491434
0.533282
1.14372
0.0725724
-1.74865
1.91097
0.22201
-0.0632517
-0.21729
-0.340186
0.193855
-0.635518
-0.0419422
0.0504516
1.14365
-0.0589175
-0.156621
0.104729
-0.367654
-0.796308
-0.0648878
-0.0732035
0.198106
0.132994
-1.05838
0.016159
0.0954834
0.125867
0.118103
0.186999
-0.140925
-1.43417
0.364516
-0.465979
-0.0637114
0.200458
0.0138725
0.095009
1.66659
-0.143539
0.0360668
-0.993231
0.387395
-0.304192
1.75216
1.63331
-1.93234
-0.168152
-0.982298
0.241284
-0.0284954
0.0277418
-0.119277
1.63479
0.321859
-1.23321
-0.138299
0.243228
0.178078
-0.372676
-0.756094
-0.657529
-1.57093
-0.154857
0.190917
-0.00726479
-0.0112913
0.0960662
-1.0792
0.18109
-0.114011
-1.26106
-0.509926
-0.18119
-0.0366874
-0.137506
0.88398
0.623784
-1.1103
0.148898
-1.04571
0.382138
1.90526
0.191973
0.901967
0.0616738
-0.133929
-0.0820024
-1.47278
-0.0288611
1.01693
-1.4334
1.01605
-0.183127
1.55865
-0.0701211
1.83646
-1.20971
-1.45677
-0.0361862
-0.144903
-0.0243772
-0.40754
0.170663
0.0866857
0.0247929
-0.987878
0.561658
0.892415
-0.346755
0.224793
-0.123146
-0.227936
0.0187847
0.6639
-1.74106
0.10753
1.28098
-1.51664
-0.260375
0.0793332
-0.685141
-0.1932
0.376521
0.184896
0.286585
-0.0126442
0.0308943
-0.0741523
0.0492866
-1.81919
-0.0909166
1.72472
0.149039
0.0135062
0.497513
1.88204
0.199964
-0.0890328
-0.278345
-1.45679
-1.71913
-1.81152
-0.116135
0.122544
-1.89529
-0.0373397
1.39944
0.884595
1.96955
-1.57105
-0.659039
1.99865
-0.0885413
-0.136439
-0.578305
-1.39492
0.787754
0.104086
-0.984225
-0.111923
-0.196986
1.53346
0.0202754
0.86668
1.40135
1.21307
-0.0180975
-0.342424
1.35553
-0.663576
-0.0180059
-0.00323876
-1.21935
0.25441
1.0501
0.1906
-0.158216
1.67492
-0.0745028
0.0392123
-0.809882
-0.283971
-1.00903
-0.822564
-0.0115416
-0.241662
0.0340074
-0.116457
0.0608262
0.599684
0.0742265
0.473699
1.34301
0.102655
-1.51744
-0.143975
0.281735
-0.0693869
0.51742
0.0308135
-0.174601
0.0522515
-0.213014
-0.0335812
0.111049
0.238546
0.0808699
1.61971
1.74643
1.36471
-1.35743
0.169451
0.0411953
0.0294846
-1.88056
0.341157
0.25759
0.046485
-0.298057
0.0550104
1.70105
-0.255751
1.1371
-0.111623
0.219939
0.0305063
0.226188
1.66997
-0.160247
-0.0955908
-1.03244
0.395631
-0.196205
0.0142152
-1.12347
-0.0783643
-0.226696
0.98918
0.157917
-0.846363
-0.141311
-1.93816
0.0239991
1.81044
-1.3324
0.00530269
-0.247214
0.119697
-0.340307
0.561788
1.61474
-1.21923
1.38285
-0.0194938
1.53179
-0.0411216
1.67702
-0.201564
0.0410414
0.00328655
0.308089
-0.218039
1.27554
-0.534605
0.234669
0.0805259
-0.230282
0.303483
0.0920921
-0.103796
-0.106086
-0.0353438
-0.202583
0.233577
-0.0529095
-1.56081
0.267736
-0.0909227
-0.0705769
-0.117559
0.0207154
1.99016
0.173817
1.24972
-1.37806
0.80634
-0.0476624
1.063
1.67859
-0.0174719
-0.950184
-0.00422275
-0.456086
-0.0958529
-1.65316
-0.760848
0.0443984
-0.415375
-0.0884596
-1.09962
0.221112
-1.88549
0.0693091
0.00229465
-0.181549
0.0895443
-0.658817
0.106298
1.04794
-0.253142
1.98565
1.90669
-0.126127
-1.46803
-0.11124
-0.778478
1.63262
0.207066
-0.0279266
0.874688
0.344295
-0.390982
-0.763358
-0.21778
0.0133751
1.75452
-0.881217
0.187309
-1.07769
1.70217
0.346611
-0.0998291
-1.39493
-0.0614363
0.14682
-0.108508
0.0119574
0.150105
-0.261853
0.226503
1.79767
0.225342
0.0802609
-0.116697
1.29745
-0.217893
0.0869973
-0.297347
-1.70232
-1.00984
-0.147921
1.49859
-0.14129
0.0108366
-0.0614137
-1.27835
8.98159e-05
1.80266
0.115819
0.046878
-0.034395
-1.72383
-0.136413
1.02596
-0.844639
0.0532976
-0.888102
0.0851782
0.0940958
-0.098042
-0.252006
0.13073
0.0265973
-1.09398
-0.163129
-1.92272
-0.18088
-0.153717
-0.0157599
0.492672
-0.227147
-1.7332
-0.324225
-0.231226
0.544991
0.820471
-0.32235
-1.99897
-0.833678
0.00302479
-0.0102937
-1.04624
-0.940567
0.0171572
0.0323284
-0.356806
-1.55807
0.10995
0.0994834
-0.000989121
-0.0544487
0.0804438
-0.0732419
-0.521443
0.0186791
1.80599
-0.768448
0.057059
-0.392467
0.0415727
0.132987
-0.0492129
0.104415
0.78937
-0.0160377
0.188606
0.430631
-0.290766
0.130546
-0.0805544
-0.0254893
0.318001
0.168453
-0.224513
1.55151
0.222398
0.00372054
-0.0554271
-0.275209
1.9364
-1.84669
-0.265994
1.61406
1.30799
-0.049042
1.94837
0.510355
-0.621597
-0.271466
0.0685735
-0.0446582
0.725019
0.849945
-0.0373955
0.00311162
1.45619
-0.191316
1.45515
0.0571236
-0.107251
0.360978
-0.144776
0.151468
-0.845838
0.171376
0.187985
0.028298
0.188303
-0.64791
-0.0110871
-0.249729
-1.21431
1.71087
-0.288649
-0.434273
-0.0835918
-1.69457
-1.43739
-0.154514
0.273156
0.281172
-0.00505989
-1.84151
-0.102575
-0.0560481
-0.0705136
1.17604
-0.0853539
0.138499
1.25344
-1.7833
-0.185991
-0.700832
-1.42049
0.237784
-1.12509
0.27389
0.521774
-1.775
0.23178
1.06778
-0.29457
0.10894
-0.0771062
0.0968008
-0.638684
0.250798
-0.0224469
-0.118207
-1.10439
0.251708
0.226834
0.308472
-0.0181869
-0.0235801
0.365369
0.0700107
1.11417
1.74142
0.265236
0.662972
-1.66274
0.104098
-0.212684
-1.66411
0.214913
-0.23523
1.15345
1.05682
-0.228546
0.24915
0.0251416
1.47675
1.81105
0.239466
-0.0687339
-0.902038
-0.260208
0.327806
0.318429
-0.703372
0.478063
-0.315635
0.236089
-0.0373224
-0.191704
-0.868148
-0.032308
-0.0130552
-1.3828
-0.0215077
0.890508
1.66047
0.0829389
-0.077306
0.586524
0.100324
1.50132
-0.0504611
0.218102
-0.174443
-0.514699
0.125895
0.336386
-0.677193
0.200566
-1.08535
-0.102485
-0.161166
-0.00484859
-0.0753544
-0.144511
0.87543
0.150232
-0.14508
-0.156402
-1.39418
-0.0343758
-0.238729
-0.219952
0.113822
-0.241437
0.01255
0.000264783
0.0954217
-0.253406
0.198194
0.23552
-0.186887
-0.00352127
0.0950429
-0.330784
-0.0637203
-0.0222226
-0.147923
-0.018422
1.39435
-1.47659
-0.445698
-0.0534086
1.11134
0.209157
0.271657
0.085159
-0.195522
0.4491
-0.295619
0.0370666
1.08447
-0.624963
0.239228
1.67573
-0.260613
-1.32707
0.618001
-0.237483
-0.140524
0.221534
-1.41492
1.33497
1.5988
1.12452
-0.114518
0.154097
-0.233241
-0.1045
0.145377
0.0719439
0.0395907
-0.0158701
-0.404676
0.18272
-0.101007
-1.47723
0.0722591
-0.0900636
0.253722
0.376759
-0.0025576
1.11431
-0.122313
-1.56077
0.19731
-0.072463
0.00720191
-0.0410117
1.47977
-1.04639
-0.121123
-0.159004
0.0622431
0.520563
-0.092463
-0.588456
-0.044773
1.02133
-1.54405
0.253931
0.179424
-0.0576663
-0.0831411
-0.126843
-0.316199
-0.0443465
-0.179725
0.377451
-0.0813018
0.300536
0.0202743
-0.0316573
0.736033
-1.65437
0.0753709
0.750736
-0.0101832
-0.016219
0.0258419
-0.0536262
0.132018
-0.134027
0.0779551
0.25473
-0.190472
-0.175779
-0.0296696
0.143636
1.19681
-1.66249
-0.0590139
1.20001
-0.00870726
0.230557
0.0255157
0.044739
0.00765784
-0.0317829
-0.0196013
-1.94136
-0.00206124
-0.143533
-1.60939
0.282274
-0.242603
1.36931
-0.0987733
0.138909
0.0891622
-0.155081
-0.232307
1.13311
-0.074677
1.2334
-0.175209
0.226827
-0.11314
-0.0227548
-1.25763
-0.134701
0.0492091
0.637892
0.125193
-0.305552
-0.245297
0.230274
0.0797543
0.361818
-1.75643
0.127631
0.0542716
1.37485
-1.97743
-0.0487576
0.205515
1.48046
0.734943
1.79617
0.11086
1.60071
-0.145865
0.0382221
1.35283
-1.88824
-0.0439222
0.0382963
0.179255
0.124251
-0.0728002
-1.7057
0.066948
0.131375
-0.105122
-0.0855034
1.94117
0.277705
-0.0102083
-0.114566
0.500758
-0.200247
-0.455783
-1.31428
-0.983796
-1.45077
0.0969247
-0.279344
-1.94781
1.47401
0.113577
1.35774
-0.0684793
-0.328595
-0.0461178
-0.0405748
0.0214156
1.3274
0.64757
0.177771
1.41396
0.0875977
0.230478
-0.249102
-1.44263
-0.21507
-1.0407
-0.175607
1.06904
0.217258
1.16931
0.208302
0.13811
-0.215991
0.101381
1.74575
0.0861843
-0.0936099
0.718949
-0.143293
0.181898
0.210914
1.71895
-0.234268
-0.536197
-1.81154
0.396198
0.0810173
0.0901162
-0.516006
0.105766
-0.109719
1.09327
-0.836397
-0.00812944
-1.48602
-1.56903
-0.2283
-0.182653
-0.867639
0.148728
1.69328
-1.77376
-0.0896467
0.142262
-0.572395
0.366598
0.204166
1.49084
1.95562
-0.174053
-0.216431
0.060827
-0.0925025
-0.0561199
-0.356122
-0.0314635
0.102349
-0.0661625
-0.234212
0.0772268
-1.1222
-0.205756
1.81486
1.04024
-1.24156
0.127524
-0.149053
0.120128
0.0285533
0.807992
0.0444228
1.60205
-0.214315
0.110559
0.346494
-0.205786
-0.350945
0.028744
1.84809
0.0973119
-0.195806
0.0168525
-0.133599
-0.118934
-0.057531
-0.0295495
0.797774
-0.179915
-1.60012
1.06729
-0.193964
0.0876091
-0.187962
-0.01504
-0.0425323
-0.15457
-0.00471765
-0.353414
-1.82968
0.549356
-0.19286
-1.24055
1.18094
1.09302
-1.63329
-1.16865
1.54938
-0.12533
-0.0924986
-0.142925
1.57489
0.187993
1.14396
0.370682
-0.192644
1.59646
-0.263254
-0.0501473
0.242757
-0.42159
-0.319267
-0.442757
0.0191764
0.0767339
1.77515
-0.0402504
-0.0119158
0.134919
0.060273
0.0859675
1.31654
-1.41286
-0.671236
1.67921
-1.43121
-1.48986
0.217174
0.0874556
1.18598
1.49426
0.143685
0.0590694
-0.290927
-0.827592
0.0112402
0.0921175
0.0724406
0.129964
1.5129
-0.0148115
-1.15345
0.0345247
0.254692
0.234729
-0.640413
-0.227137
-0.319305
-0.0189358
-0.221626
0.0571381
-0.294613
0.007798
0.316334
0.415142
-0.370314
-0.0926182
0.194907
0.0246772
0.0835031
0.567267
0.0664681
0.318866
-0.339142
-1.34896
-0.069918
-0.0578652
-1.56759
0.265545
0.180273
-0.10613
-0.141699
0.0670673
0.273514
0.0163136
-0.137023
-0.65569
0.515895
0.00430334
-0.119912
0.296475
0.784242
-0.46343
-0.0192321
-0.00300025
-0.022465
0.140922
-0.248899
0.114931
-1.53433
0.0126337
-1.87799
0.230903
0.922001
0.0527105
-0.669508
-0.0236312
-0.171976
1.03711
-1.70272
0.137211
0.042919
1.1968
-0.0732196
1.96476
1.72841
1.42496
-0.246179
-0.166154
-0.202407
1.1949
1.35491
1.79222
-0.183049
-1.88163
0.0803311
-0.214939
0.861354
-0.00682268
-1.76803
0.0612496
-1.2767
-0.0909966
-0.75008
0.394149
0.0977851
0.341481
0.258728
-0.229142
1.42421
1.08338
-0.369411
0.164926
0.15288
1.55837
0.179253
-0.36927
0.0970839
-1.09947
0.116471
1.71017
0.137768
-0.0346668
0.0439779
-0.242807
0.242432
1.453
0.186264
0.173695
0.225822
0.403364
0.72073
1.37982
-0.168614
1.16475
-0.10247
-1.08676
-0.202055
0.149157
0.0342185
1.5934
-1.00049
0.24082
0.0868207
-1.85394
0.999454
0.673901
-0.111531
0.313887
-0.00447334
0.376436
-0.402776
-1.52994
-1.9501
-0.0994473
1.41621
-1.76836
0.0980883
-0.0654064
1.38324
-0.107666
-0.110135
0.310214
-0.0206366
-0.038161
0.337613
-0.028024
0.0544053
-0.136684
0.073985
-0.277012
-0.0515633
0.148849
0.17801
-0.115425
-0.123591
1.17195
1.66041
0.0451682
0.0565877
0.228396
0.129668
0.25831
-0.00163647
-1.80907
0.0138026
-0.0541206
0.0342591
0.137987
-0.570527
0.100641
1.95136
-0.099419
0.133606
0.0618764
-0.89346
-0.146764
0.191842
1.87491
1.62334
-0.926366
0.509491
0.0798983
-1.00044
-0.00765333
-1.06106
0.12743
-0.0996431
1.54236
0.111513
-1.95339
-1.10429
-0.00096192
1.40747
0.040973
0.0993869
0.101113
0.0348126
-1.56589
0.0594629
0.158328
-1.84507
-0.967004
-0.504059
1.62538
-0.428951
-0.294962
1.10858
-0.504477
-0.548679
-0.142698
-0.83295
-1.44643
0.0527191
-0.184627
-0.0241451
-0.0165311
-0.5473
0.152588
0.0720723
0.581958
-0.111812
0.0277094
1.78375
0.000453094
-0.104334
-0.348313
0.000384783
-0.244218
0.575012
0.0344742
0.454709
-1.50884
-0.137329
1.48724
-0.00348358
0.0455116
0.719468
-1.70311
-0.0496207
-1.02577
-0.177276
-0.168102
-0.0637476
0.101041
0.227239
0.0934792
0.26982
0.0773215
-1.13328
-0.215545
0.0288641
-0.0396531
0.142443
0.0795851
0.0312045
-1.71318
-0.0582921
-1.56991
-0.0213334
0.222401
0.0156923
1.41294
-1.72912
-1.31542
-1.7485
-1.58025
1.02688
0.00401704
-0.301497
0.283239
0.723865
-0.612463
0.170818
-0.370628
0.493911
-0.130411
-0.0794138
0.94578
-0.0284219
0.0279211
-0.788925
0.128977
-0.674312
-0.662267
-1.51122
0.177509
0.133669
0.898053
0.175378
0.134445
0.0826465
0.256534
-0.675892
-0.141901
-0.507444
-1.45975
-0.200332
0.324229
-0.136574
-0.200939
0.519525
-0.176802
-0.0783628
-0.544809
0.0756087
1.61784
-0.751917
-1.39869
1.40498
0.0870093
1.9584
-1.23791
-0.038248
0.151048
1.32754
-0.681049
0.178377
-0.0709699
-0.916961
-0.0773875
-0.150506
-0.052964
-1.31268
1.15667
0.00117799
0.026991
-1.5734
-1.23381
-0.555314
-0.469609
-0.706851
-1.35062
-0.0274643
0.066712
0.0221679
0.0154855
-1.52036
1.69439
-0.0427729
-0.17372
0.494182
0.188433
-0.10996
1.87151
0.409889
-1.87238
-1.48015
0.164634
0.188397
0.0375409
-0.188299
0.260346
0.311322
0.058289
0.0127148
0.765531
-1.49745
0.18795
0.0522912
-0.124495
0.313312
0.0488253
-0.024747
0.187261
0.204619
-0.00160298
1.34319
1.5663
0.0180961
0.254231
0.109441
0.0147735
-0.0320445
1.03305
-0.0521508
1.46475
-0.967641
0.291356
-1.70804
-0.487134
-1.21688
-1.27167
-0.164559
0.607078
-0.185547
0.27653
0.252818
0.763701
0.0142927
0.0432649
-1.83557
1.57113
-1.91553
-0.05831
0.16685
1.59554
-1.45035
-0.0933038
1.67087
-0.0522201
-1.09368
1.50903
-0.132252
-0.226912
0.0669488
-0.0487691
1.68036
-0.26417
-0.0340849
-0.185112
0.115156
-0.0321556
-0.108541
1.39981
0.0974755
-1.84644
-0.150813
-1.98498
-0.00997534
-0.123983
0.139796
0.188844
0.212816
-0.0825885
0.0952634
-0.0338093
-0.223888
-0.0541891
-0.224322
0.0955332
0.172442
0.945803
-0.065378
-1.43261
-0.447793
-0.4445
0.120029
-0.125057
0.0558503
-0.14029
1.59705
0.105758
0.0614479
1.30116
1.97072
-0.0173687
-0.216005
-0.353266
1.38845
0.140731
0.207608
0.239737
-0.18773
-1.59063
-1.44124
0.0551578
0.0421495
1.11552
0.944974
-0.0719403
-0.0350407
-0.222016
0.0462575
0.0794159
0.0428391
1.63045
0.0356785
-0.0909792
0.00393377
-0.138126
-1.36729
0.311362
1.02411
-0.0943598
1.10417
0.271862
0.1548
0.0189965
0.00466841
0.0962812
0.0992499
0.271667
-0.163826
-0.472727
0.208677
-0.134772
0.0144143
-0.0974119
0.00978737
0.0346408
0.605525
-0.0976895
-0.0990258
-0.264507
-1.31998
0.0782981
-0.96744
-0.0690136
0.062147
-1.16992
0.0254026
0.617196
1.62761
1.04037
-0.736219
0.0948236
-1.84909
-1.38182
-1.24648
-0.163158
0.0133749
-1.94723
0.198696
1.48684
-1.32124
-0.11063
-0.0303496
-1.65037
-0.947123
0.0499122
0.165879
-0.240351
-0.0709575
-1.93529
-0.385608
-0.0471703
-1.64185
1.18162
-0.339111
-1.32757
0.314327
-0.0759549
1.64694
0.847212
-0.247768
1.50875
-0.105559
-0.0614202
0.0784843
0.0818793
0.773672
0.00929326
0.111594
1.16181
0.030105
-1.97863
0.0629527
1.40279
0.0305982
0.0915378
-1.69856
0.0992593
0.161762
0.224669
-0.148875
0.676512
-0.833684
0.00214615
0.2328
0.340275
-0.208124
-0.721303
0.578358
0.151265
-0.0300851
0.30129
0.0885466
-1.82352
1.38821
-0.0169838
-0.0115371
-1.4159
-0.652658
0.0394461
1.02579
-0.19848
0.327692
0.904689
0.329443
0.0631511
0.173255
-1.55959
-0.134563
-1.89263
-0.082128
0.139845
-1.11399
1.94806
1.7768
0.403254
-0.451054
-1.41228
-0.166643
-0.302895
-1.59793
-0.00416607
1.31709
0.125297
-0.0605652
0.48821
-0.272228
0.25694
-1.06707
-0.0123527
-0.463777
-1.23491
-0.112631
1.82684
0.212993
-0.208147
-0.345853
-0.121433
-0.0658064
-1.60425
-1.2484
0.985933
-0.33685
-0.02197
0.444241
0.809902
0.165736
-0.601905
0.674301
-1.75623
-1.40519
-1.00658
1.29053
-0.274209
0.0755703
-0.0461158
-0.271338
-1.20017
-1.83289
1.60569
-0.0213945
-1.80209
1.33039
-0.210939
-0.0858702
-1.30544
0.560252
0.0876058
-0.089245
0.056307
0.312371
0.608883
0.145887
0.0957105
-1.14252
-1.50835
0.350488
-1.46418
0.148665
0.116744
1.84375
-1.08167
0.16975
0.0775788
-0.159918
-0.312343
1.82823
-0.141526
0.216517
-0.350462
-0.675506
-0.171128
-1.71667
0.262083
-0.149377
1.13241
-0.095968
1.97207
-0.651124
1.12304
0.498917
0.0196285
-0.0824229
-0.0810199
-0.203485
-0.403914
0.296236
0.048848
0.0167478
-0.0175813
-0.200007
-0.151582
0.0729467
0.167488
-0.0238617
0.999
-0.0535293
0.168755
-0.79755
0.225507
1.13229
0.0536626
1.86736
-0.15065
-1.86798
-1.39456
-0.0587524
0.183855
-0.0820693
0.425667
0.4631
-0.164994
0.133841
-1.77236
0.0561308
0.0965305
0.507071
-0.0449832
-0.979064
0.159309
0.250511
-0.137248
-0.94306
0.0957614
-1.70474
1.28644
1.10452
1.90319
0.0442537
1.91742
-0.815173
-0.0147951
-0.000912343
-0.170612
-0.359231
-0.0673954
-0.00289648
0.517084
-1.02291
-0.099199
-0.238364
0.0343424
-0.866259
0.0954929
-0.0264318
-0.251224
-0.303116
0.692088
-0.11394
-0.0808727
0.312046
-0.0717849
-1.22449
-0.204782
0.104622
0.109624
0.208001
-0.968701
0.284682
-1.05751
-0.273588
-0.478725
0.0619839
-0.0294641
-0.742665
-0.0432832
0.237195
-1.3233
-0.149648
-0.189617
0.0343601
-0.138079
0.128027
-0.144264
0.0113615
-1.94166
0.0458066
-0.812914
0.451828
0.206937
-0.102586
-0.100485
0.872401
-1.3529
-0.170474
-0.0896502
-0.0715749
0.202002
-0.694318
0.217526
-0.00784212
0.0118639
-0.0324662
0.279262
-0.0316919
-0.271295
0.0730356
1.08679
-0.184966
-0.0943017
-0.021766
-0.501582
0.327658
-0.235425
0.710034
-0.089587
-0.127635
0.115827
1.82166
0.0128996
-0.139994
0.225875
0.358068
-1.86702
-0.207895
-0.480434
1.20619
-0.0797447
1.85872
0.780121
0.247003
0.239135
0.25844
-0.146067
0.0341225
0.32944
1.92096
-0.129938
-0.246386
0.0897765
-0.0448856
-1.08525
0.159029
0.408254
1.48522
-0.0875596
0.0766691
0.0456807
-1.44526
1.63231
0.0135727
1.80122
-1.04022
0.186841
-0.167843
0.380059
-0.0873909
0.062292
0.135262
1.85611
-1.20576
0.249533
0.456788
-0.247183
-0.240972
0.267249
0.425325
-0.076516
-0.207748
-1.62469
0.392751
-1.03186
-0.0772935
-1.72521
-0.0535263
0.0300589
0.0351966
0.275594
-0.0518858
1.62312
-0.0782087
0.638536
-0.325023
-0.0582536
-0.101817
-1.07681
0.276275
-0.457247
1.90774
-0.411709
0.126819
-0.138409
-0.209456
0.0160345
-0.0852977
0.101448
0.0702635
-0.37856
-1.72288
-0.962064
1.00857
-0.973991
0.178733
0.105094
-0.0572711
-0.0880527
-0.317536
-1.14037
-0.851147
-1.04575
-1.41838
-0.106982
-0.475785
0.726634
0.561066
0.139261
-0.231533
-0.186152
-0.901848
-1.98174
-0.0285334
1.73211
-0.273589
0.180832
0.880965
0.135736
-1.98492
-0.0998255
0.139548
-0.178337
0.390485
0.0982697
-0.0759422
-0.000739491
1.416
0.255604
-1.19791
0.0439827
-0.0955351
0.0929397
-0.0673306
-0.61378
-0.0851117
-0.0900861
0.922637
0.0703212
1.48082
-1.08474
0.203966
1.81318
1.93197
-0.33262
-0.253833
0.0346238
0.0176411
-0.465371
-0.265517
-0.0984985
-0.0248837
-0.466023
0.187906
-0.327102
0.0433587
0.464165
0.522092
-0.793791
1.56612
-1.20252
-0.0434538
-0.0819388
1.00953
-0.0298
-0.103
-0.209588
0.0340651
-0.524264
-0.148921
-0.16787
0.0694445
-0.0333062
-0.139759
-0.0716686
-0.479126
-0.0523135
0.139
0.177303
-1.43212
-0.237846
0.0811537
0.322994
0.147182
0.301667
0.00877326
-0.0318764
1.05715
0.314408
1.74923
-0.0471141
-0.0986254
0.059097
1.63451
1.67505
0.901023
-0.137142
-1.48982
0.208818
-0.543167
-1.42688
1.19002
0.0216156
1.58126
-0.0905816
1.04326
0.0832239
0.11927
-0.0286132
0.12199
-0.177054
0.102089
-0.0210593
-1.28994
-0.0770428
-0.120819
1.94574
0.00781235
0.116667
0.929814
-0.231832
0.19228
-1.94046
0.354773
-0.429046
0.0320578
-0.158257
0.168189
-0.0645211
1.65641
-1.37438
-0.334645
1.49348
0.270779
1.35958
-0.0883107
0.208998
-0.0715882
0.470588
0.0738166
0.168359
-0.114868
0.0853997
0.205353
-0.186159
-1.58112
-0.103656
1.39142
-0.295717
0.896173
-0.076394
0.308477
-1.60597
1.75892
-0.316589
0.0243546
0.303307
-0.213168
0.0515384
-0.546389
0.00137623
1.56084
-0.018549
-0.00407716
0.340896
-0.486677
0.410942
0.696856
-0.259694
0.144815
0.749646
-1.77756
-0.101258
-0.155129
1.28459
0.0384046
-0.0027743
-0.0832342
-0.0652495
-0.00655397
1.70574
-0.0258022
-1.61554
-0.82663
-0.739788
0.921834
-0.382252
0.0309838
-0.7409
-1.65117
-0.0629135
0.226109
-0.0394654
-1.72718
0.0154359
-0.852479
-0.325526
0.104036
0.442898
1.75731
0.122517
0.077941
0.481131
1.94672
1.27916
-0.256928
1.06959
-0.993682
0.0381526
0.173697
1.27549
0.175984
-0.123754
-0.127467
0.142437
-1.17459
0.148082
-0.89012
1.21067
-0.101832
1.68705
-1.74502
-1.11392
0.213207
1.21352
1.49663
1.60625
0.236393
-0.152649
-0.0804028
0.00880074
0.144908
1.84357
0.0912832
-0.177892
-0.111515
0.160232
-0.0627847
-0.166315
0.161993
1.17907
0.28048
0.0492776
0.10353
0.264837
-0.0888227
-1.9832
0.0397697
-0.775331
-0.277314
-0.348534
0.299357
0.609206
0.228934
-1.31341
1.20036
-0.516185
0.0021508
1.96608
0.0749268
-0.294306
-0.0753909
-1.47452
-0.34345
-0.19223
-0.561621
0.0259259
0.0417766
-0.0778594
0.19538
-0.0819292
-0.60042
0.137744
-0.0336479
0.23154
1.98171
0.210151
-1.29141
0.0185524
0.0524693
1.17682
-0.0367506
0.309595
-0.0579381
-1.67077
-0.14352
0.0391527
1.33682
0.124088
-1.48396
0.960309
0.151366
0.0157344
0.2119
-0.0484596
-0.0474338
-0.370767
-0.187595
0.674989
0.188094
-0.0699492
-0.187274
0.0327299
0.152874
-0.110211
-1.63081
1.93717
-0.221964
1.54007
-0.147756
-1.46744
0.196387
1.9671
0.0268104
-0.122049
1.67606
-0.0123601
1.66859
0.0110842
-0.671378
-0.00868811
-0.381992
-0.231905
0.909007
-0.660484
-0.175562
-0.657162
0.0605553
0.00346109
0.154368
-0.678986
-0.337925
0.00678087
-1.51171
-0.42669
0.271449
0.0991955
-1.42895
-0.0373645
0.228032
-0.86568
-0.320896
1.89773
0.000394979
1.56591
-0.206883
-0.0657546
-0.273655
1.52425
-1.43524
1.87398
0.347959
0.216552
1.84252
0.16491
-0.270389
-0.202523
-0.121119
0.0592943
1.46328
0.29843
0.750307
-0.0224735
-0.0500926
-0.056391
-0.0415548
-0.533007
-0.314905
1.1525
-0.448121
-0.706786
-0.0430434
1.6984
0.130338
-0.136137
-0.365391
0.746431
-0.336835
0.301201
-1.83093
-0.0330204
1.65548
0.892312
-1.24817
-0.0732314
0.997759
-1.38538
-0.0906614
0.187645
0.0388195
-0.00300138
-1.63589
-0.202931
-0.0201879
-0.172449
0.166934
1.35018
-0.00487491
-0.220757
1.06969
0.0762831
0.0120525
1.48739
-1.433
-0.159107
0.0473328
-0.173738
-1.97598
-0.122395
0.0878907
1.96203
0.348822
0.363477
0.462248
-1.80675
-0.00410511
-0.0156503
0.173106
-1.76524
0.0805243
0.616483
-0.00979981
0.0512984
0.943976
-1.09304
1.64172
0.0908959
0.266128
-0.289432
0.10533
-1.6144
-1.58099
-0.111128
0.0541417
-0.130002
-1.97122
-1.05035
-0.0869527
0.0513307
0.729248
-0.626599
-0.186859
-0.214846
-0.000796853
1.05986
0.0661101
-0.172478
-1.15288
0.98941
-0.391234
-0.1381
0.0513031
0.294826
-0.034716
-0.0159146
0.168926
1.33682
-0.975922
-1.29859
0.033188
-0.186269
-0.0623014
-0.516225
0.183423
0.0790109
1.25862
-0.0115843
0.0397309
0.0555981
-1.57988
-0.0445228
0.249261
1.38087
-0.0764198
-0.14812
0.791545
0.129526
0.365068
-0.174298
-0.0567217
0.319721
0.554996
-0.0298487
-1.67021
0.421731
0.185062
-0.0647995
-0.108089
-0.102021
0.0122585
-0.331998
1.8109
-0.283889
-0.435261
0.418649
-0.293599
-0.491884
0.0497942
0.765786
0.375828
-0.217145
0.180073
0.597611
-1.08
-0.922893
-1.21792
-0.193042
0.888559
0.082965
-0.000349716
0.484657
-0.0199703
0.114572
-1.6124
-0.426055
-0.538973
-1.72733
0.000455075
-0.223141
-0.0161284
-0.107432
-0.383684
-0.07686
1.76537
1.06942
-0.174006
-0.0640497
1.77286
-1.06201
-1.76061
-0.0795587
-0.174618
-0.473643
0.00519856
-0.153149
0.558294
-0.0519499
0.00114158
-0.159994
-0.102265
-0.0366529
-0.0677338
1.14454
0.468997
-1.08757
-0.983997
0.111807
0.151904
-0.892554
0.0914371
0.128372
1.37555
-0.242076
-0.162974
0.162143
-0.175228
0.651209
-0.156384
0.269129
0.147131
0.0701291
0.00495025
0.170943
1.80371
0.167189
-1.90599
-0.627832
1.52299
1.15527
-0.0879687
-0.0345291
0.138699
-0.239541
-0.874941
-0.248914
-0.225472
0.0161787
1.78041
-0.409314
0.310593
0.139112
-0.03777
-0.121204
1.74443
-0.091408
0.201592
1.41609
-0.314578
-0.134747
-0.675637
0.119613
0.45257
0.129085
-0.134706
1.71423
0.0136463
-0.0613552
-0.058108
-0.0704067
1.37864
0.334128
0.29449
0.279619
-0.291214
-0.273628
-0.103984
-0.678672
1.803
-0.485191
-0.70698
0.406159
-1.00195
-1.02074
1.71562
1.50474
-0.0693127
-0.355732
-0.0746297
-0.160172
1.71877
0.170337
-0.0271331
-1.73662
0.219045
-0.124009
-0.0588956
-0.158588
-0.0576786
-0.184138
0.135397
1.83995
-0.163709
0.0353572
0.200565
-0.408296
0.244265
-0.168251
-0.0750967
0.322952
0.521853
-0.132006
0.166407
-0.0570288
1.84541
-0.406449
0.144412
-0.196974
0.04689
-0.14198
1.69588
-1.41217
0.0381982
0.0829144
0.147558
0.277109
0.282708
0.0791438
0.273667
0.0712658
0.043153
-0.0302723
-0.144134
0.166139
-1.811
0.117889
1.42738
-1.86517
-0.143921
0.271314
1.56086
-0.160916
0.0460676
0.114951
-0.00490864
1.80544
1.26601
0.154408
1.37181
-0.0804922
-0.612125
0.235086
-1.78325
-1.67152
0.24469
0.948627
1.21859
0.0663643
-0.207421
0.00187097
-0.105403
1.74283
1.79142
-0.266868
0.132351
-0.0192827
-1.56521
0.303461
-0.173885
-0.15204
-0.230272
0.115168
1.12645
0.373144
0.232875
0.541433
0.298585
-0.194887
-0.831093
1.99932
-0.129903
-0.389797
0.0611375
0.113142
0.0842305
-0.0297969
0.0899061
0.28784
-0.681394
0.666433
-0.206303
1.51358
0.119975
0.179593
-1.38704
-0.127282
1.15425
-0.992895
0.177057
0.0836825
0.328915
-0.908463
-0.130325
-0.337679
1.23557
-0.273589
-1.73064
0.18822
1.56973
0.304304
0.334312
0.680106
1.04802
-1.20281
-0.11912
-0.371734
-1.4136
-1.38593
0.149263
-0.22113
-1.37484
0.0527646
-0.104847
1.95469
0.248654
-1.57311
-0.0222392
-1.40981
1.53989
0.321574
1.0273
1.37181
-0.26645
0.169156
-0.293821
-0.0891682
0.124347
0.0455035
0.949341
1.5691
-1.31408
0.0508128
-0.0313997
0.116228
-0.26392
-1.52806
0.285128
-0.903837
0.165285
-0.0849462
-0.0628639
-1.14672
-0.117857
0.183481
-0.119792
1.48655
0.252892
0.340306
1.63585
-0.0362985
-0.08748
1.78319
-0.883565
-0.148402
0.0664106
-0.26505
-0.155534
-0.171225
0.0136525
1.78685
-1.8452
0.313546
0.234054
-0.133669
0.0887352
-1.41371
-0.0340555
0.0628185
-1.18064
1.89087
0.568561
0.0217361
-0.262562
0.0399837
-0.191293
-1.65251
0.24086
-0.590514
-0.136102
-0.126356
-0.177941
0.528518
0.115386
1.53212
0.0760152
0.107879
-0.0207803
0.172749
-0.569875
-1.88217
1.87035
-1.86979
1.86512
1.38232
-0.00606392
1.83199
0.124438
0.319876
-1.82344
-0.23078
0.0992281
-1.84128
0.245876
-0.14461
0.501432
-0.126193
-0.101482
-0.00227783
0.422652
0.031839
-0.0528766
0.130516
0.0351778
-0.0644244
-0.0745409
0.868357
1.15742
1.90569
-1.56142
-1.94284
-0.881283
-0.0810753
-1.10487
-1.86978
-0.0474056
0.0796245
-0.249993
-0.197339
0.142187
-0.77123
-0.021846
-0.135372
0.0808733
0.210231
-0.24228
-0.189243
1.02503
-0.110788
1.52167
1.74909
-0.557557
-0.0926761
0.932973
0.00853487
1.07548
-0.122514
0.231535
0.661
0.0622895
-0.253408
0.160042
-0.300832
-0.855002
0.0881849
0.261174
-0.134704
-0.846649
1.67451
0.423525
-1.69071
-0.0325375
-0.369836
-0.306773
-0.170064
0.0614563
0.0498337
-0.0744308
-1.1312
0.60195
0.531117
-0.0444085
1.50023
-1.14869
-0.32942
0.214381
0.0148756
-0.16382
0.0426413
-1.80222
0.354906
-0.270771
0.170724
-1.63226
0.864774
-1.05609
0.263262
-0.14379
-0.0460566
0.0465393
-0.632354
-0.246811
1.54125
-0.00832147
0.225485
0.047325
0.0996033
0.205222
0.622315
-1.36416
-0.202484
-1.17409
-0.138802
1.9558
0.0540205
-0.0663854
-0.0531389
0.0765665
0.178383
0.995627
-0.685321
-1.98455
-0.306564
1.70408
0.26242
-0.125932
-1.10604
0.132596
-0.0944296
-0.257905
0.392594
0.40268
0.528413
0.473064
-0.0145371
-0.190427
0.218626
-0.565798
0.303945
-0.412897
-1.03109
1.18268
0.126741
-0.0531914
-1.66657
0.134317
0.108007
-0.270841
-1.4995
-0.922614
0.160033
0.0490262
0.201533
-0.130518
1.92164
0.10129
-0.121538
1.51786
-1.40864
0.20496
0.141528
-0.479124
0.169841
0.556459
-0.86693
1.95596
-1.73744
1.02769
0.064614
0.0916081
0.0409794
-0.0489815
1.43697
-0.781693
-1.97083
-0.16171
-0.197009
-0.181087
-0.17234
0.108419
-0.0288652
-1.27011
0.0805842
-0.14055
0.206536
-0.281836
-0.0958679
0.0376369
-0.22729
-0.0385026
-0.0258881
-0.0670077
-0.17984
-0.237759
-1.03579
0.0435319
-0.0703639
-0.0552803
0.0610955
-0.646493
-0.0268169
-0.00685225
0.598036
-0.219219
-0.0434363
1.03579
-0.00715036
0.862782
-1.62735
-0.10514
0.0223762
-0.0260317
0.0959905
-1.13766
-0.00325663
-0.146766
-0.0381999
-0.357592
-1.87968
0.0172514
-0.794553
-0.117862
-0.175702
-0.0505427
0.102073
0.0328416
0.0759521
0.15278
0.411493
0.0561476
0.130068
-0.18165
-0.3374
0.25467
-1.64744
0.0564726
0.0878804
-0.0774555
0.207921
-0.990125
0.590185
0.307893
-0.357114
-0.214149
0.153106
1.78635
1.75807
-0.948743
0.0380955
1.43451
1.05385
0.160819
-0.358702
-0.0259243
-0.00716434
-0.0287817
0.200566
0.327556
-0.0868487
-0.0701709
-1.53568
0.226169
-1.12421
0.16668
-0.155589
1.00601
0.513487
-1.65114
1.40413
-0.157081
-0.833793
0.0597643
-0.204663
0.113912
-1.62641
0.0600447
-0.382573
-0.278365
0.0279388
-1.62241
-1.65163
-1.2107
1.88625
0.328787
0.229017
-1.19809
0.670048
1.9793
1.19898
-0.121252
0.808804
-0.852023
-0.493114
0.174048
1.81149
0.0262069
-0.319107
-1.53922
-0.0798496
0.114269
0.190109
-0.283123
-0.159848
0.266104
0.704789
-0.104296
-0.288646
-0.443762
-0.91016
1.34798
0.204543
0.252295
0.731574
1.14223
-0.538076
0.0211537
-0.271531
1.28145
-0.311044
0.314323
-1.62777
0.326901
0.97974
0.837749
-0.335518
1.70846
0.0277679
-0.196335
0.256031
1.1251
-0.121533
-0.0227976
-0.154118
-0.687049
-0.0246147
0.275513
0.0933765
0.261956
-0.262355
0.0681648
1.29537
1.97759
-0.0232764
-0.0932781
-1.13339
-0.0912734
0.181621
-0.145993
-0.168902
-0.215321
1.407
0.180251
-0.200593
-0.316132
1.2282
1.61835
0.0530378
0.117931
-0.578019
-0.212134
1.12002
0.215625
0.140419
1.74943
-0.277797
-0.192656
0.329552
0.19279
0.11051
0.0755121
-0.733162
-1.79107
0.110245
0.0797502
-0.76387
0.0219421
-0.0868386
-0.181121
1.31382
-0.10388
0.178054
0.119898
1.61252
-0.539261
-0.175837
-0.130809
-0.0496484
0.141092
-0.0397857
-0.255383
-0.0048987
-0.818852
0.232426
0.719743
0.454877
-0.378926
-0.171666
-0.330852
-0.479909
-0.114867
0.0884392
0.20778
0.0356578
-0.667546
-0.0209933
1.98906
0.00482897
0.0551686
-0.213195
0.350102
0.0607288
-0.46573
-0.0552415
-0.377466
-0.759503
0.00731236
1.00838
1.01351
-0.601895
-0.0363324
0.902277
0.130873
-0.154066
-0.733294
-1.79381
-1.72965
-0.143861
0.997248
-1.05327
0.135806
-0.164024
-0.17455
-0.0391129
-0.794529
-0.0942141
0.068114
0.0244043
0.196201
1.59143
0.672
0.168691
-1.62093
-0.0134907
0.802901
-0.125374
0.0428623
0.10397
0.0296069
0.922889
-0.114136
-1.10971
1.57141
-0.0120612
-0.0086096
0.0240904
1.3378
-0.819191
1.92481
0.688584
0.0331032
-0.238832
0.217601
-0.989139
-0.0466494
-1.05949
-1.13589
-1.67668
0.0233984
0.106473
-0.0959509
-1.51292
-1.13328
-0.291653
-1.30517
0.25371
1.15523
-0.268378
0.0420066
-0.157188
-0.166914
-1.58707
1.60016
-0.436958
0.0161205
-0.166141
-0.197612
-0.402412
1.18314
1.19453
1.05472
-0.0535057
0.00291417
-0.314136
0.17787
-1.96741
-1.77556
-0.126993
-0.0915873
0.235958
0.0210097
-1.41337
-0.00548081
-0.0662425
0.137847
1.59663
-0.149905
0.132183
-0.0469064
-1.07854
-0.178646
0.26034
0.205528
-0.17985
1.86656
0.0475959
0.0880978
-0.0170674
-1.48315
-0.132675
-0.895758
1.43159
0.148045
0.116379
-0.00176403
0.889511
-0.290776
-0.0625669
0.196751
-0.780465
0.0602975
-0.0275357
-0.215118
-0.839711
-0.963716
0.0916179
-0.0766834
0.213334
-1.55159
-0.214678
0.127961
-0.123408
-0.805733
1.15546
0.0458588
0.499232
-0.31971
-0.116492
1.89324
0.216541
0.758094
0.416183
-0.073549
0.265748
0.647801
-0.0920346
0.169608
-1.41317
-0.684265
-1.58154
1.86421
0.242307
0.0586268
0.0193009
-0.206439
0.739472
0.12941
0.0892633
-1.38395
0.607128
-0.186003
-0.369166
0.26472
-0.101204
-0.329025
-0.134936
-0.184162
-0.814205
-0.026697
-0.188212
-1.23438
1.91044
-1.22986
0.0119027
0.649881
0.164265
-0.869906
-0.0537675
1.19593
0.724345
0.142585
0.0963822
-0.203774
0.0955958
-0.0782187
-1.64731
0.228681
1.31266
1.99976
-0.0423964
-0.894139
-1.14036
0.391816
0.0965578
0.19764
0.119753
-0.120135
-0.167532
-0.256901
0.548666
0.0592313
-1.58274
0.0507208
-0.12056
1.46627
1.65747
-0.323312
-0.0976399
0.738698
-1.92976
-1.13065
-0.101844
1.28521
0.0326408
0.764292
0.139298
-0.491159
0.64693
0.87165
-0.0430615
0.118383
-0.274879
0.00774625
0.271366
-1.08036
-1.93367
0.0799277
-0.180915
0.0224405
-0.00441548
0.177922
-0.793003
-0.0532929
-1.88383
0.250542
0.0862144
0.781112
0.0530253
-1.18276
0.071742
-0.021771
1.67126
-1.88339
-0.056021
