0.0192932
0.112701
0.11669
-0.0202131
0.824037
0.272792
-0.22292
-1.65213
-0.282695
0.510486
0.149427
-0.207022
1.37276
-1.87965
0.156058
-0.0849322
-0.197413
-1.12985
0.0559244
0.12065
0.151987
-0.292455
0.0434805
-1.4903
-0.306202
-0.196255
-0.0524086
0.527716
0.79051
-0.147084
0.13939
0.0753604
-0.527723
-1.88064
0.10751
0.231663
1.85628
0.856046
-0.247114
1.16736
-0.547215
-1.3264
-0.00208611
0.0836862
-0.468637
-0.144423
-0.412528
0.196988
1.17905
-0.268319
-1.15627
0.313385
0.104578
-0.200074
-0.0243239
0.934435
0.143955
-1.93096
0.192262
0.190494
-1.06795
0.190353
-0.173891
-1.66381
1.84783
-0.244511
1.39527
-0.085334
-0.236193
-0.188698
0.0626506
1.28924
1.95068
0.980113
-0.466628
0.202748
1.546
0.159313
0.0608942
0.0652504
0.0398717
0.154854
1.55424
0.681503
0.137242
-0.0167058
0.627623
-0.19622
-0.115288
0.073313
-0.102127
0.10894
-0.263253
-0.03446
0.258685
1.66934
0.0539236
0.0105074
-0.607575
1.35557
0.0587202
-1.06533
-0.045447
0.109259
-0.319041
-0.166487
-0.14579
-0.0722286
-0.0407573
0.330929
-0.276159
-0.999305
-0.265988
-0.153789
-0.166916
-0.0517774
-0.117067
-0.224513
0.0466271
0.027095
0.0664468
0.776539
0.0616627
1.66423
-1.21813
0.209588
0.906197
-0.0223807
-1.59383
-0.123351
-0.109336
0.672638
-0.114068
0.363096
0.0362237
0.00430409
0.14141
-0.529106
-0.0264008
-0.0176211
-0.139196
0.112331
0.223197
0.183387
-0.206731
-1.58352
1.20883
-0.244668
0.149696
0.0883088
-0.249004
-0.00233106
1.02418
-0.196037
-0.175698
0.0287314
-0.417949
-0.0836101
0.291116
-0.82419
0.249034
0.11885
-0.0477584
-0.178124
-1.32426
0.090289
1.32637
0.180572
0.203642
-0.13269
-0.196468
0.265061
0.402359
0.115805
-0.0167646
0.101255
0.0458842
-0.115643
1.63834
-0.108319
0.241882
-0.246547
1.39737
-1.09142
0.00525476
1.0286
0.403759
0.216266
-0.384451
0.232938
0.159204
0.356572
0.0987953
-0.21047
0.179758
0.0886589
0.0183018
1.54716
-0.161773
-0.109285
-1.11564
-0.213811
0.0409082
0.231669
0.0513348
-0.0822067
-0.28338
0.110079
0.3456
0.305517
1.78288
0.0921434
1.23827
0.221435
-0.0351032
0.0802003
0.0585545
-0.131064
-0.0221006
1.26332
-1.23168
0.08262
-0.104652
0.104255
-0.197097
1.07161
0.0280347
-0.428505
-1.07257
1.75632
0.0327382
-0.209524
-1.58566
-0.136622
0.288509
-0.257503
0.718542
0.0594546
-0.174663
-0.0888517
-0.0425615
1.50638
-1.72873
0.106461
0.128518
1.20402
1.59767
1.24031
0.0706644
0.056072
-1.95032
1.58865
-0.953457
-0.0362324
0.00396662
-0.538149
0.105476
-1.67472
-0.352963
0.0895854
-0.130024
0.0715974
-0.0352398
0.146253
-0.181802
-0.248325
0.147523
1.40367
0.067592
-0.132439
-1.05335
-0.6307
-1.8736
0.170042
0.126232
-1.06645
-0.301369
0.793184
-0.331725
0.0567944
-0.121833
-1.00053
0.00401184
-0.269999
0.262228
0.155085
-0.0368037
-0.123515
0.340557
-0.348838
-0.347093
0.0715721
0.15132
-1.60991
0.0105609
0.0373617
-0.124174
-1.39069
0.0839406
0.136018
-1.98537
0.738397
0.139001
-0.012582
-0.165262
-0.0610228
-1.07116
-0.0801082
-0.124849
-0.261155
-0.0307034
0.0974787
0.439095
1.28283
-0.329627
0.231286
-0.126844
-0.456142
1.03166
-0.0242324
0.10904
0.352973
-0.287882
-0.422768
-1.06492
-0.0362542
0.130426
-0.0146562
-0.244577
-0.639565
-1.6853
-0.0530974
-0.154217
1.27267
-0.0875412
0.476735
-0.0698195
0.162684
0.12961
0.108451
0.214868
0.0233888
0.355826
0.84859
0.861167
-0.0497753
-1.40159
-0.219515
0.801859
-1.74149
1.21998
0.145626
0.229345
0.930652
-0.0249849
0.734394
0.229082
-0.0243582
-0.214909
1.09069
0.0306639
-0.0729748
-0.788295
-0.159296
0.0248214
-0.0245213
0.710274
0.131059
0.109443
-0.535742
-0.0100661
0.221016
0.0467014
-0.280497
0.0874479
0.237536
-0.113086
0.236021
1.53136
0.0772185
-0.596193
0.0312885
0.568324
1.75556
-0.115859
-0.128514
-0.149444
-0.0668812
-0.194089
-0.10865
0.979058
0.509887
1.06485
0.0376208
1.06593
-1.72311
1.77543
-0.000702331
0.144893
1.19769
-0.28471
-0.704211
0.0379106
0.247125
-0.352489
0.141317
0.0649486
0.0184552
-0.221837
-0.128902
0.0158097
0.0647379
-0.339995
-0.204102
-0.0850666
0.290009
-0.106946
1.64798
0.268282
0.177454
-1.43368
-0.0017336
-0.508498
-0.259889
0.221819
-0.240221
0.0689804
-0.875441
0.152821
-0.0731084
1.28468
-0.228675
0.238841
-0.377237
-0.0671989
-0.269751
0.733724
0.761513
-0.25248
0.0341184
-0.421189
0.0961594
0.0924084
0.555278
-0.0269157
1.84985
0.0294045
-0.361697
0.176864
-0.0203304
0.512723
0.0111669
0.0273748
-0.553331
-0.00841786
0.108679
-0.0569736
1.8464
-0.974985
0.157437
0.360444
-0.242103
-0.0665052
0.213573
0.0217308
0.296373
-0.258204
-0.0858247
-0.278402
0.099294
0.558015
-1.24576
0.625926
-0.224731
-0.162144
-1.46673
-0.301035
1.87458
0.461089
0.168857
0.663358
0.0973094
-0.158518
0.14899
1.48886
1.29995
0.0961858
-0.11322
0.167082
-0.494904
-0.424433
0.319089
1.91777
0.136192
-0.319014
0.743756
-0.0703148
-0.385456
-0.232813
-0.0350819
-0.142363
0.136593
-0.0152439
-0.224042
-1.52197
0.0662204
0.069653
-0.10515
0.00700932
-1.58123
0.0211586
-0.208461
0.428626
0.10823
-0.0701674
-0.285532
0.0678037
0.261285
-0.202929
0.565364
-0.265353
0.29514
0.843754
0.566669
0.00462251
0.020847
0.070589
-1.85563
1.41094
-1.25422
0.0550692
-0.821356
-0.0141555
-0.0794862
-0.455436
0.641971
0.122481
1.21524
-0.0401032
-0.287677
-0.0351428
-0.560115
-0.064554
0.0676081
0.0586697
-0.0539804
-0.260258
0.0560362
1.5864
0.187039
-0.0237488
0.0780863
0.0973601
0.295161
-1.68114
-0.65105
0.0603319
-0.0133296
0.120784
-0.0454974
0.0557597
-0.241242
-0.472897
0.0831536
0.493983
-0.118455
-0.332119
0.216563
-0.314595
0.831558
-0.530271
-1.31461
-0.0254455
0.737349
0.194077
1.37779
-0.0761531
0.0741859
0.0102659
0.0761433
0.0380588
-0.0642081
-0.0357045
-0.787972
0.0572253
-0.00492545
0.0128193
1.31329
-0.025333
1.82887
-1.9005
-0.200712
0.972527
-0.270226
-0.00202731
-0.343573
-1.3059
-0.169615
-0.768393
0.0254198
-0.286007
0.109708
1.2122
1.41382
0.0248077
-0.152482
1.23331
0.313352
1.27547
1.31645
-0.23129
-0.0453761
0.0854188
0.327191
0.0291629
0.30466
-0.187471
-0.418781
-0.380528
0.622604
1.1221
0.00392758
0.00421865
-1.75326
0.660444
-0.79663
0.361943
0.162323
0.0527679
1.12048
-0.0323743
-0.152519
1.4369
-1.10325
-0.124018
-0.101809
0.0252313
-0.0189065
0.944834
-0.128141
0.0165033
0.0741217
0.102509
1.47879
-0.0584479
-0.0956474
0.0169484
0.828792
1.90293
0.77657
0.804903
1.65077
0.073483
-0.045701
-0.153894
-1.08561
0.830632
-0.0247293
-0.24944
-0.0478947
-0.145798
0.0318073
-0.0353633
-0.226021
0.539624
-0.0414105
1.402
-0.125637
-0.206476
-1.68882
-0.156858
-0.891147
0.245768
-0.0392362
0.707764
0.0628099
-0.128518
0.236595
-0.0952086
0.316331
0.0606891
0.0558125
-0.0313233
-0.0319314
-0.075767
1.71703
0.400128
0.0979675
0.266308
0.165611
0.145715
0.973219
-1.90665
0.137294
-1.01214
0.331006
-0.136068
0.0790981
0.566207
-0.181346
0.102746
-0.0963738
-0.0793438
0.113883
0.0215896
-0.101425
-0.881772
-1.34645
0.179301
-1.43733
-0.0118464
0.081612
0.158684
-0.0376218
0.344658
0.126286
-1.29271
0.015079
-0.0469783
-0.400179
-1.14517
-1.45102
-0.153132
0.0761319
1.87875
-0.015152
-0.0338673
-1.33078
-0.242361
1.4541
0.109739
0.218408
-0.151067
-0.00626335
-1.06803
-0.11651
1.20192
0.694074
0.143165
0.454223
-1.32721
-1.39801
-0.867376
-0.0266955
-1.0592
0.214936
0.0502943
1.66164
0.308109
-1.07129
0.125356
-1.7032
-0.169368
0.0394894
0.377503
1.48453
1.3168
1.17164
0.0307124
0.55796
0.275062
-0.203297
-0.106288
0.389216
1.15593
1.59581
-0.125761
0.47791
0.476329
-0.165212
-0.22226
0.0238438
-0.100162
-1.75421
-0.349596
0.362783
-0.10283
1.82092
1.15314
1.4382
-0.460412
-0.426112
-1.03446
-0.107186
-0.173536
-0.235903
1.59805
0.274211
-0.314077
0.0926751
-0.00870468
0.0727373
0.0417365
0.0334837
-1.28211
-0.0727227
0.841865
0.178769
0.499347
-0.0186041
1.23295
0.56834
-0.190663
-0.00257755
-0.171043
0.0632622
-1.81881
1.10368
0.894779
-0.018691
0.148994
-1.63232
0.0806261
1.5361
1.13192
1.86352
1.92771
-0.260891
-0.0129222
0.872482
0.0516239
-0.228223
0.266176
0.02403
-0.0556147
-0.924444
-0.00574404
-0.00354096
-0.0966426
1.8954
-0.0091016
-0.262772
0.542308
-1.85059
-0.728034
-0.111172
-1.78418
-0.509037
-0.0143489
0.84465
-0.0633542
0.173167
-0.125243
-0.295704
1.12096
1.71793
0.739013
-0.414241
0.0379317
-0.206239
-1.05125
-0.219616
-0.261326
-0.0272464
0.844962
-0.232439
0.0448603
-0.0764239
0.0321691
1.84878
-0.270923
-1.46754
0.0678757
-0.893296
-0.208492
0.685613
-0.167358
0.21267
0.131512
0.170929
-1.16458
-0.0890125
1.28583
-0.0785908
0.239721
-0.0043437
0.924392
-0.0813117
-0.0935632
0.0294055
0.991353
0.00655262
-0.163327
1.70473
0.685225
-1.72311
-1.92822
1.1444
-0.055793
-1.92323
0.185492
-0.0487348
0.0762244
0.226811
0.076232
0.0847704
-0.121403
0.128757
0.0909497
0.0862087
-0.162589
1.91115
0.0371696
0.016001
0.0107611
1.28556
0.0102052
0.106775
-0.207267
-0.176824
-0.425635
0.0106115
-1.37514
1.50965
1.89555
-0.911779
-0.186087
0.106921
0.0106567
-0.206232
1.15269
-0.560231
-0.0103475
0.0313048
-0.326806
-0.272543
-0.0401286
-1.8864
1.82457
-0.109931
1.65898
-0.0589595
-0.0335202
-0.0989456
-0.644429
0.106526
-0.0816546
-1.53714
-0.217397
-0.0576047
1.57313
0.211065
1.18556
-0.0910596
-1.98323
1.92505
0.251935
-1.51164
1.38762
0.6101
0.0643055
1.55729
0.813625
-0.882855
-0.344187
0.435498
-0.216414
-0.346598
1.91004
-1.87855
-0.0096613
-1.32901
-0.704183
0.0271323
-0.00996977
-0.247801
0.179545
0.0150624
0.102989
-0.0958736
0.173516
0.102009
0.987373
-0.24879
1.24266
-0.121048
-0.0307034
0.703679
0.230996
0.236814
-0.0520122
-1.01078
0.323086
-1.85813
0.218593
-0.728877
0.105109
0.263656
0.151902
-0.0232624
-1.34305
-0.995566
-0.166807
-0.11365
-0.191647
0.166003
-0.291722
-0.111332
1.86113
-0.186431
-0.086754
0.09533
-0.191313
-0.146466
-0.415988
1.97897
-0.00883078
1.75947
0.234574
1.30033
1.02235
-0.057142
0.125583
-0.0415653
-0.106833
0.438326
1.9565
-0.170777
-0.233895
0.145978
-0.0978099
-0.135964
-1.39144
0.33613
-0.179174
0.161066
-0.352181
-0.051067
0.653737
-0.21012
1.33467
1.20501
0.163515
0.0474366
-0.255147
0.607795
-0.152497
0.000580044
-0.118727
0.490503
-1.59591
1.92664
-0.112798
0.0805145
1.89547
-0.200998
-0.223274
-0.131043
-0.0799385
-1.58045
0.0322931
0.014618
0.0980312
-1.57437
1.63856
0.134796
0.101664
0.0132619
0.185767
0.132864
-0.152373
-1.23876
0.0987108
0.0188264
-0.163053
0.469889
-0.280519
0.0331343
-0.224121
-0.108732
-0.00423086
-0.0214268
0.076436
0.0720384
-0.0336681
0.289993
1.84328
-0.109603
0.0147617
-0.00848644
1.30193
0.162102
-0.34721
1.25689
-0.375242
0.0437583
0.71593
1.97683
0.215046
1.8488
-0.113736
-0.153187
-1.45435
0.173501
-0.0462854
0.253839
0.0142469
0.057265
0.175755
0.0265105
1.74552
-0.0323458
0.783467
0.525068
0.256746
1.74585
0.0882068
0.974767
0.095319
0.121886
0.714973
-0.0973514
0.482813
0.0942127
0.240912
0.163895
-0.0751478
0.822924
0.11567
0.141958
-0.00915006
-0.756306
-0.106629
-0.285004
0.700802
0.343885
-0.118973
1.36978
0.229129
1.88728
-0.0560822
0.0185191
-0.0386835
1.45666
0.494997
-0.480284
-0.275514
1.67434
1.37201
0.131521
-0.368858
-0.0692759
0.0411022
0.118774
-0.492017
0.0141834
-1.24605
0.0527889
-1.04097
0.0458174
-0.150668
0.384711
1.02048
-0.0842661
0.135665
0.144161
0.609197
0.153221
0.054044
1.06681
0.921395
-0.0311213
1.75001
0.0325748
-0.107188
-0.311266
-1.4345
-1.05403
-0.609264
-0.347503
-0.218638
1.38137
0.14269
-0.0366295
1.91178
-0.101047
0.103351
-0.234716
-0.521605
-1.13125
1.86884
0.237332
0.196811
0.117189
-0.0155576
1.77572
0.9287
0.0713102
1.438
0.0840778
0.0168114
1.58127
-0.370792
-0.137351
-0.276176
-0.0412751
-0.0850374
0.521038
-0.0682566
-1.00426
1.14869
0.0798142
-0.250476
1.87321
-0.467363
-0.202758
0.0484458
0.530114
0.39063
-0.13521
-0.098536
0.0140539
-0.11134
0.137035
1.54373
1.77827
0.291806
0.0602439
0.0052442
-0.339116
0.123236
-0.0870041
0.188711
0.920931
0.218651
0.0291197
-0.469772
-0.189274
0.196722
0.182363
-1.80032
-0.00137606
-0.336598
1.8191
-1.64235
1.56069
0.195828
-0.133312
-0.0425908
0.229185
-0.0758977
1.8133
-0.163876
1.06718
-0.0530307
-1.08956
-0.143531
0.0641013
-0.0463838
-0.183767
-0.757808
-0.138036
-0.219143
0.0163534
0.115908
-0.0177247
-0.030397
0.622822
-0.189432
-1.46078
-1.32366
-1.58012
-1.82771
0.267167
0.216288
1.24513
1.97464
-0.507929
-0.306772
0.0877757
0.0898337
1.83548
0.480274
0.982722
-1.56755
-0.148606
-0.534553
1.70077
-1.2297
0.091029
-1.33058
1.22096
0.688044
-0.20105
-1.43489
-0.0837512
-0.015446
0.231137
0.271416
-0.0867025
-0.179645
0.240848
0.91455
0.0370852
-0.159991
-0.0436925
0.00109378
0.013262
-0.186199
1.26693
0.20254
1.17937
1.04477
-0.325976
0.1133
-0.0617236
-0.0652657
-1.85791
0.112222
0.0953632
0.0921887
0.119298
-0.0597724
-1.92911
-0.138406
-0.25551
0.0428382
1.72864
0.0944566
0.211984
0.0613199
-0.222194
0.020508
0.129694
0.378996
-1.40935
-0.259643
0.143943
-1.50728
0.120546
-0.221738
-0.333387
0.0312031
-0.0296093
0.301052
-1.84201
-0.00512225
-0.64933
-0.813001
0.122292
-0.171049
0.191133
1.90269
0.126482
0.181743
1.09397
0.0257474
0.152542
1.37142
-1.00625
1.93195
-0.0442697
-0.110729
-0.131994
0.0437865
1.8844
0.973967
0.170513
-1.16856
-0.0690127
-0.044901
0.0119696
0.113205
0.0283337
0.589072
0.452514
1.22738
0.015217
-1.00236
-0.211409
-1.14449
0.728097
-1.39258
0.204991
-0.0500656
-0.946446
-0.202794
0.0183147
1.84071
-0.00969923
-0.179979
-0.149581
0.167891
-0.0215033
-0.213641
-0.0591316
-0.0820232
-0.223085
0.0930408
0.123548
-0.0180271
1.30668
0.429042
-0.16743
-0.370821
1.5486
0.120716
0.826501
-0.0950934
0.155259
1.01212
1.08634
-0.10611
-1.18574
1.86027
-0.0266623
0.0110853
1.76208
0.317989
0.360907
1.52494
-0.174396
-0.135766
-1.50168
-0.94742
-0.0272961
-0.453967
0.153923
0.411709
0.863732
1.52301
0.803106
0.222569
-0.605249
-0.143934
-0.972329
1.11529
0.24608
-1.81726
0.231464
0.0678389
-0.0153808
-1.65956
1.94758
-0.0691285
1.92872
0.037922
0.185999
-1.6218
-1.8526
0.308639
0.441787
-1.3313
-0.0964782
-0.00344776
-0.275934
-0.0233746
-0.0717345
-0.154331
-0.172185
1.68171
-0.049373
-0.0865528
-0.182941
0.710861
0.336449
0.114766
-0.762321
-0.0389497
-0.0273607
-0.271558
-1.25082
0.172798
0.0170693
0.0436902
0.724184
-0.141076
0.106472
-0.0361763
-0.211478
0.801902
-0.0632556
0.0280266
0.865358
-0.0692453
-0.0688118
0.764772
0.0866703
0.0887684
1.04885
-0.469494
1.97483
0.124448
-0.34707
-0.204801
-0.33202
-0.263387
-0.660988
0.125158
0.829344
1.91607
0.16866
0.80277
0.113386
0.047485
0.321539
0.166371
1.90974
0.253165
-0.870748
0.166324
-0.07885
1.82097
-1.64373
0.24029
0.0040213
-0.824037
0.119943
0.0299386
1.04408
-0.318364
-0.12524
1.56769
0.261933
0.0138168
-0.520285
-0.900067
0.0384046
0.235945
-0.43512
-0.0296948
1.07996
1.65203
0.159784
-1.09102
-0.0771299
-1.42952
0.0128198
1.13513
-1.68201
0.0147494
-0.0397293
0.240619
0.216426
-0.27551
0.0952328
-0.0739408
1.76305
0.0403204
0.146037
-1.6012
-0.409795
-0.294035
-0.0175175
-0.0123728
-0.0275674
-0.0968207
0.105795
0.73748
-0.0848114
1.24472
-0.239245
0.149208
0.00170789
-0.0152375
0.0401712
0.0717375
-0.165628
0.0566578
0.969422
0.142163
0.0487795
-0.930993
0.112229
-0.20029
0.284945
0.0165688
0.138392
0.731899
1.21997
-0.0157225
0.0139947
-0.0630315
-0.108299
0.053297
-0.148838
-0.216893
0.294733
-0.0511557
1.39102
-0.136685
-0.258432
0.102854
0.184973
-0.258471
1.63957
0.0848158
-0.152231
0.247393
0.0861943
0.0325994
0.32677
-0.012818
0.0509033
-0.039285
0.194983
-0.108912
-9.1815e-05
0.006675
0.173241
0.202515
0.0160746
0.000584079
0.293951
-0.403405
-0.205354
0.0705051
0.300426
-0.0841062
0.00980851
-0.0487508
0.224332
-0.0378618
-0.406168
0.685001
-0.909235
-0.117111
0.891508
1.47962
-0.562483
0.0381307
-1.87869
0.0632561
-0.404225
-0.0403098
0.164821
-0.200372
-1.9505
0.229136
0.00747169
0.52834
0.22818
1.94537
1.77021
-0.0773098
0.287433
-0.0583853
0.0370976
-0.0559513
-0.169325
-0.599891
0.510771
1.04457
0.0521016
1.47962
-0.20865
-0.1718
-0.683252
-0.416028
1.23414
0.101353
-0.155021
-1.73244
-0.140577
-0.059259
-0.0326053
0.0251419
-0.692526
0.235024
-0.211067
-0.130943
1.51608
-0.187395
0.0376964
0.0195727
1.23584
1.02328
1.1388
1.15354
0.919939
-0.0431676
-0.162039
-0.0232132
0.0854996
-0.625243
0.109578
-1.16228
-0.056097
-0.816345
-0.241282
0.201884
0.0319382
0.0568489
1.30147
-0.195713
-0.159965
-0.525677
1.07009
-0.119037
0.199443
-1.56575
-1.40598
-0.0322546
0.0172981
0.0981553
-0.0535544
-0.160401
-1.33719
0.0494331
0.996713
-1.54307
0.075133
1.3289
0.24325
1.67105
-0.159634
1.44676
-0.0387082
-0.221394
-0.420785
-0.0478694
0.357582
0.0973887
-1.16712
0.0868392
1.91241
0.142523
0.243674
0.56589
0.236675
-0.0652762
0.157587
0.0833765
0.0606685
0.124684
0.0407844
1.42598
-0.162722
0.237668
0.11972
0.0502697
-0.44632
0.0231434
1.36736
1.2259
0.00146672
0.197492
-0.0400991
-0.204887
-0.0154214
-0.014898
-0.0999234
-0.0361333
-0.024184
-0.512996
-0.653617
-0.0352728
-1.91472
1.35574
0.237543
0.416177
-0.22218
-0.27933
1.66173
-0.0838386
-0.104736
-0.216389
-0.0004019
0.00532642
0.0209824
0.185359
0.181187
0.16421
0.218711
0.0204316
0.312672
-0.25951
0.226453
-0.853945
-0.170644
0.193243
-0.0254757
-1.72281
0.0784867
0.0504317
1.87913
-0.0025099
0.621716
-1.21055
0.304776
0.0260922
0.549505
0.157494
-0.0097248
-0.0937553
-0.273455
-0.442605
0.197263
-0.346051
-0.85071
0.688145
0.454362
0.0958092
0.168416
0.135717
-0.12532
-0.202021
-0.0449191
0.189337
0.330801
-0.287145
0.0880089
0.0418765
1.56968
0.0098947
1.03075
0.152274
-0.0619832
0.616902
0.101979
-0.0284765
-0.0172353
0.205626
-0.0290261
-1.45081
-0.0338469
0.0180322
-0.256813
0.163819
0.0722339
0.200631
0.0733211
0.274182
-0.0279714
0.15916
-0.0239182
1.88438
-0.288085
1.46997
-1.27444
0.0465697
-0.109853
-0.236772
-0.302164
-0.0687552
0.829688
1.47832
1.96504
0.172598
-0.0319823
1.81234
0.0637982
-0.21668
0.020558
0.870133
-0.288678
0.494175
0.954089
-0.0245847
0.157051
0.242125
1.55097
0.127903
-0.134128
-1.06615
0.0174668
0.0712542
-0.044275
0.145767
0.089093
-0.765624
0.51446
0.0767896
0.638425
0.124412
0.0796874
0.0643393
1.4844
-0.533728
1.57207
0.00579212
-0.323118
0.00564629
-0.0908383
-0.130992
-0.0451567
1.46338
1.35021
-1.08511
1.15226
1.30103
-0.259934
0.0806397
-1.28913
-0.206243
-0.116701
0.227936
-0.363957
0.0252454
0.559094
0.0494536
-0.111326
-0.308629
-0.483825
-0.136196
0.40047
-0.0997362
0.14491
0.160756
1.51009
0.976221
-0.0682515
-1.13733
0.154139
1.40624
-0.218618
0.0958591
0.047675
0.0390206
-0.00040236
-1.53097
0.099614
-1.29607
0.0434032
1.33666
-0.00102657
1.36696
0.00478453
1.68701
0.146249
0.62247
-1.07764
-0.320768
-0.173191
0.0389314
0.0168158
0.0291562
-0.296532
-1.50266
0.00460507
0.245756
0.0438179
0.0361725
-0.0687699
0.0266075
-0.719302
0.0657815
1.32561
0.126302
0.0539909
-0.0184836
-0.0426276
-1.30543
0.362074
0.830555
1.01892
-1.10368
0.00304387
-0.124548
-0.102763
0.157257
-0.0691492
0.977175
0.19059
0.0887179
-1.84675
0.0610282
0.179931
0.252833
0.00614854
0.242427
-0.139366
1.53634
0.0602276
1.35187
0.156407
0.0916453
0.467326
0.98928
-0.048792
-0.0915896
-0.197429
-0.0664101
0.036848
-0.0420231
0.0458562
0.178407
-1.08016
-0.00996521
-0.219141
0.565631
-0.118054
-0.0206309
0.0685703
0.303886
-0.22608
-1.19468
0.320752
0.295032
-0.146494
0.132663
-0.0186179
-0.29518
1.86153
0.442071
1.74893
0.250073
1.51711
-0.178502
-0.0594775
0.996807
-1.22703
-0.190044
0.326428
0.0936425
-0.0183189
-1.8063
-0.0346078
-0.086735
-0.036228
-0.0504123
1.09827
1.57838
-0.19209
-0.0400386
0.144739
0.0334166
-0.018379
0.0117585
-0.0708873
-0.635616
-0.125139
1.74917
-0.256579
-1.87736
0.200638
-0.653108
0.00733786
-0.429413
0.0281601
0.0253754
0.323765
0.0248506
-0.126484
-0.073238
-0.168346
0.0990097
1.13788
0.979888
-0.198092
0.141033
0.0241186
1.8695
-0.0276284
-0.127784
-0.90579
-0.00659909
-1.71762
0.119987
1.92725
1.23916
0.260272
-1.46669
0.81645
0.132967
-0.149017
0.961732
0.209854
0.101539
0.111488
0.348114
1.77918
1.46222
-0.00497363
0.302993
0.0631566
0.248077
-0.00994382
0.270259
-0.470218
0.396399
-0.102702
0.118425
-0.00389274
-1.17454
-0.0886576
0.779773
0.00449346
0.337375
-1.41115
1.93813
-0.15041
0.0631154
0.948259
1.14312
1.38741
-0.0666721
-0.171197
-0.186899
1.84205
-1.77826
0.0301152
-0.240208
0.691815
0.220828
0.254129
1.04871
-0.142241
0.358202
1.03773
-0.0149001
-0.192162
-0.463364
-0.00684291
-0.424982
1.98404
0.873861
0.041129
-0.208072
0.0786187
-0.902371
0.785125
-0.264814
-0.156148
0.913909
0.126773
1.09029
-0.026976
-0.617597
0.262653
0.321934
-0.14195
-0.110743
-0.149909
0.221233
0.209329
0.0586804
-0.200952
-1.72419
-0.0974545
-1.33241
0.0809771
-0.00513981
-0.249532
0.216853
-0.232792
0.31554
-0.313552
-0.114427
-0.00479903
0.695393
0.976697
0.203782
0.0168256
0.845621
1.56652
-0.0334654
-0.154476
0.11579
-0.398553
0.105762
-0.0856773
1.23441
1.7108
0.028769
-1.42591
0.0661975
0.0450137
-0.0830316
-0.19635
-0.0802976
0.00224016
1.14701
-0.30005
-0.0234383
-0.13124
0.255099
-0.136896
-0.0794824
0.108184
0.297918
-0.114604
0.0911783
-1.6689
-0.108843
1.27988
-0.195268
-0.0592326
0.606282
0.1728
0.27063
-0.0762588
-0.0355786
-1.87169
-0.134696
-0.601908
0.0113654
-0.143893
-0.275831
0.57137
-0.724801
-0.0785886
1.94389
-0.137012
0.117869
1.76383
1.25639
-0.043024
-0.0812953
-0.0425427
1.63384
-0.085877
-1.01372
0.146457
-0.0453221
-0.399929
0.0397036
0.0925317
-0.190856
-0.125541
0.0631973
0.0897119
0.0811476
0.587743
0.067504
-0.0762314
-0.235017
0.109083
-0.053124
0.0161145
-0.0329432
1.6086
0.101002
-0.00379384
0.133642
-0.117938
0.640427
-0.208516
0.665416
0.10082
0.168267
-1.87751
1.2282
-1.43232
-0.0574898
-0.0711609
0.125522
-0.134497
1.74427
0.0196918
0.340817
0.0241097
-0.0220079
-0.146903
-0.053778
1.26791
-0.0271054
-0.30327
0.100344
0.159559
0.210194
-0.212187
0.786071
0.060037
-0.141632
-0.424118
-0.235614
-0.755181
-0.074065
0.105415
-0.114737
1.55945
-0.27963
-0.0995587
-1.0753
-0.0481975
0.197122
-1.75149
0.112857
1.00398
-1.77229
-0.0397771
1.5836
0.0796479
0.362466
0.0285327
-0.046977
0.104005
0.278222
0.571415
-0.260138
-1.38828
-0.394969
-0.0219663
-1.5876
-1.70684
-0.168179
0.187222
0.715787
-0.168863
0.120312
0.346388
0.84567
1.01853
0.0676739
0.336552
-1.45328
-1.89919
1.60053
1.81716
0.213873
1.43106
-0.156523
-0.542524
-0.0108981
-0.286697
-0.147342
-0.548974
-0.976939
-0.127092
-0.276419
0.241533
-0.842182
1.78258
-0.174794
0.0307122
1.00569
1.26353
1.19088
-0.286089
-0.140414
-1.5785
0.058697
0.374088
0.347758
-1.6434
-0.0261735
-0.0713378
-0.107035
-0.156723
1.04412
1.31437
0.626968
-0.43406
1.15086
-0.0684716
-0.103343
0.0665572
0.745735
-0.018803
1.43341
-0.114086
0.617378
1.36651
-1.29211
-0.139998
0.841508
-0.276408
-0.370631
-0.239454
0.344333
1.56288
-1.49446
-0.0295628
0.0342487
-0.107253
1.05719
-0.0749815
0.184288
-0.0135735
1.3398
-0.00721213
-0.015183
-1.14653
0.431535
-0.395185
0.556966
0.0587713
-0.0599933
-0.314592
0.870579
0.122452
-0.694857
0.041017
0.594973
-0.960611
-0.0556112
-1.12229
-0.0395202
0.125375
0.14472
-0.00505251
1.21514
-0.450363
-0.0204142
-0.895052
-1.92403
1.18583
0.041812
1.8468
-0.0241835
-0.272425
0.0600453
-0.0392278
0.80055
0.318079
-0.0306605
-0.0245917
-0.240562
0.0516286
-0.0295755
0.000359709
-0.18615
0.867307
0.21059
-0.93866
-1.61848
-0.127298
0.207511
0.0237258
0.706266
-0.15958
1.13645
-0.132083
0.29285
-0.0337131
0.0457624
-0.540208
-0.77379
-0.820242
-0.266707
1.23663
-1.5102
-1.66614
-0.183051
0.0420222
0.1694
0.284787
-0.216196
-0.221333
0.999786
-0.029401
1.89127
1.57603
-0.291625
1.78021
-0.0680109
1.65772
0.0348331
-0.00978834
-0.169632
-1.98258
-0.0236447
0.061225
0.378192
1.66529
0.396444
1.12372
-0.0507418
-0.625537
-0.177479
-0.0522324
-0.269422
0.23106
-0.905932
0.597405
1.49957
1.00773
-0.315254
-1.0542
-0.502712
-0.0176924
0.14343
0.137077
0.281859
-0.165096
0.171272
0.230332
-0.0700046
-0.0733176
0.0324581
1.8395
-0.321277
-0.105704
-0.133428
1.57267
0.0999338
-0.242231
-0.0499301
0.170566
-0.0851065
0.255717
0.0819321
0.0262377
0.0172416
0.032285
0.0985659
-0.44497
-0.0320815
-0.110476
0.120632
0.0642085
0.123078
-0.6699
0.029106
0.0967039
-0.109776
0.132394
1.42069
0.0328697
0.00285694
0.570124
0.181974
0.0227632
-0.373543
-1.63065
-0.0206248
1.60411
-0.100541
0.829773
0.922314
-1.13186
0.156416
0.196105
-0.0879242
-0.944721
-0.0293425
-1.51286
1.05952
-1.57164
-0.0991489
-1.43613
0.140544
-0.322046
0.0419396
0.358068
-0.0297222
0.391048
-1.29583
-0.111489
0.843648
-0.245874
-0.00188294
0.0501864
1.57988
1.30738
-0.0156957
0.043963
0.0904447
1.36778
0.135409
-0.00093486
-0.032733
1.85192
0.351041
-1.84388
0.0700479
1.9989
1.97433
-1.28584
-0.927212
-0.761885
-0.0258964
0.224149
-0.103558
-0.289057
0.178703
-0.179357
1.59684
0.230626
-0.0678402
-1.46425
-1.57977
1.70868
0.85503
-0.704788
0.711526
0.23564
0.813245
1.82813
0.0484026
-0.292207
0.0497678
1.77556
-0.0722502
-0.183849
-0.23937
-0.139443
-1.84851
-0.796665
-0.106454
-1.1637
-0.208787
1.35718
-0.828772
-1.77605
0.287378
1.63302
-0.0177467
-0.037397
-0.0342407
0.248061
-0.231551
-0.198662
0.27617
0.162697
-0.130527
1.42806
-0.171156
-0.360678
1.50049
0.0381263
-0.0508681
1.3272
-0.172752
-0.0828422
-0.0684079
-0.077617
-0.0648446
0.576303
0.0409465
-0.389208
1.90522
-1.0849
-0.123925
-0.0286647
0.123949
0.110123
-1.03191
1.17027
-0.253521
0.0281062
-0.142978
0.141133
-0.177871
0.640279
0.337861
-0.0894388
-0.0485009
0.175292
-1.57739
0.142229
0.192966
-1.9844
-0.224256
-0.564027
-1.83531
0.783628
0.0905875
0.0973872
-0.171063
0.782688
0.0700845
-1.79846
-0.651037
0.702616
-0.152918
-1.00947
0.127447
-0.0592102
1.5424
-0.19251
0.220679
-0.0206756
0.0362189
0.823806
0.195858
-0.223052
-0.0937445
-0.0499716
-0.212291
-0.00134347
-0.0664685
0.178932
0.198556
0.130287
-0.35211
0.150635
-0.651122
0.0389591
-0.684867
-0.249712
-0.907747
-0.262168
-0.0378106
0.883257
0.145166
-1.18721
-0.0792309
-0.0348437
0.13802
-0.0328369
0.248049
0.145122
1.00029
-0.00112405
-0.25202
1.83841
0.422762
0.460932
1.81532
-0.405332
0.0429687
-0.117124
0.200081
0.238818
1.35325
-0.0550093
1.27284
0.0732374
-0.24852
-0.183306
-1.57269
-0.0341409
0.890559
-0.000353018
-0.22755
1.19369
-0.100791
0.0435711
0.26472
0.307821
1.85538
1.52633
-0.0260399
0.477751
-0.0897922
-1.17715
1.26954
1.41778
-1.88524
-0.111155
-0.536192
0.0734761
-0.415006
0.0540738
-0.0206363
0.0430042
-0.156281
-0.18374
-0.256144
-1.52035
0.180806
0.855626
0.00298594
0.0549344
0.0640863
-0.0208499
-0.230475
0.0992853
0.0783352
-0.253979
-0.107147
-0.203642
1.13482
0.0641735
0.171419
0.513406
-1.69019
0.223421
0.0723948
-0.830228
0.131376
0.0710315
0.305427
1.38188
-0.281416
-0.106922
-0.0280442
0.0254803
0.306504
-0.0291091
1.88301
-0.326321
0.381158
-0.921396
0.210004
-0.0491032
-0.772352
-0.738922
-0.0887548
0.0528597
0.0803919
-0.00381131
-0.844654
-0.2415
0.0703938
-1.56733
0.216535
-0.59322
-0.180328
0.119078
0.362611
-0.0304888
1.38997
0.120863
0.045138
0.040154
0.529238
0.137005
0.0969682
0.196622
-1.01595
-0.106877
-0.0153788
-0.358674
-0.332112
-0.145993
-1.73258
0.00762437
0.534826
1.4279
0.159336
-1.37815
0.78453
-1.39606
0.0891433
-0.404768
-1.85773
-0.122573
-0.282146
-0.29042
0.0959336
1.41814
1.53496
1.5974
0.572331
-0.108866
0.540728
-0.383271
0.177271
0.118396
-0.084656
-0.0688715
0.14662
0.82159
-0.23675
0.128231
-0.329811
-0.0509418
-0.212715
-0.294155
-0.0616409
0.592137
0.937793
-1.54323
-0.0962849
-0.458338
-1.66939
-0.0262507
-0.33228
1.06083
0.126033
-0.498159
-0.168114
0.000333507
0.315427
0.897686
0.43214
-0.212682
-1.47163
0.475332
-0.0325917
0.066409
1.00576
0.227555
0.576567
1.40172
0.383484
0.0470377
0.251223
-0.0727267
0.513912
-0.161789
0.0244867
0.302252
-0.235906
-0.958213
0.139315
0.175924
0.429265
0.27618
0.0945117
1.42913
-1.9908
-1.75734
-0.18209
1.87485
1.28817
-0.194554
0.0293894
1.89312
-1.88933
0.295539
0.00809233
1.66875
1.96692
-1.03913
0.321548
-0.0353709
-0.0521566
-0.227657
0.00170219
0.336094
-1.31317
0.182893
-1.73543
1.34053
0.126733
-0.135198
-0.355277
-1.00122
0.184191
-0.278752
0.240231
-0.822663
0.173168
-0.815889
0.0724436
0.0819551
-1.38758
-0.845097
1.49253
-0.149615
0.0628518
-0.324565
0.15251
0.106533
0.941532
1.29985
0.218669
0.00628429
0.192789
-0.0744983
-0.0994318
-0.213182
-0.242923
-1.89313
0.265694
-0.0356764
0.0253842
0.058417
-0.0213655
-0.317279
-0.220078
1.53353
-0.105022
0.429889
0.213618
0.0327019
1.97235
0.580194
-1.09871
-0.0901638
1.17442
1.83055
1.28373
-0.210066
-0.49341
0.10792
-0.150663
-0.0541405
-0.0625036
0.618483
-0.229097
-0.298739
-0.129189
-1.67042
0.110569
0.0394178
0.820747
-1.97334
0.0658631
-1.94265
1.48664
-0.824688
1.89427
1.91993
1.13698
0.570851
-0.109693
0.118276
1.24543
0.200286
0.35756
-0.147007
0.0504631
1.70269
-0.0128904
0.141484
-0.146732
0.0477705
-0.286175
0.349523
-0.890263
1.56756
0.11457
-0.0821626
-0.229362
-0.096278
1.08771
0.121501
-0.0827076
-0.113908
-1.01749
-0.129672
-0.0562035
0.20895
-0.126449
-0.0576517
0.0137739
0.36851
0.163389
-0.445609
0.501919
1.11383
0.78802
-0.116752
0.170539
-0.242853
0.172832
-1.68868
0.427826
-0.846645
-0.140759
0.663709
0.144797
-0.213972
-1.78287
-0.0797355
-0.0495427
0.224641
0.555497
0.037867
-0.0256289
-1.89677
-0.664364
-0.138882
-0.562304
-0.0391396
-0.164714
-0.114209
-1.48998
-0.994183
-0.12793
0.249929
0.228806
-0.179569
-0.0906309
-0.168779
-0.0516518
-0.13231
0.0824092
1.5402
-1.81385
0.165692
1.94078
0.141918
-1.43692
0.457642
-0.159689
0.114502
1.61409
0.922294
0.257032
0.180256
-0.158466
1.37707
-0.19138
-1.18799
0.0111181
-1.56223
0.914573
-0.0791371
0.168137
0.726456
0.0172948
1.64759
-0.0254767
0.240305
0.198993
0.888227
0.644178
0.0958687
0.0734783
-1.9678
-0.122787
0.0635324
-0.273097
0.423175
-0.888326
0.122947
0.108348
0.0368402
0.10497
0.795312
-0.6687
-0.403218
0.208337
-0.716254
0.886545
0.557208
0.00396883
0.0930094
0.0159097
0.074387
-0.128948
0.0750781
1.75742
0.272335
-0.0801453
0.190243
0.510776
-0.199144
-1.76631
0.241026
-0.402145
-1.88345
-0.0993802
0.0430744
-0.00861984
-1.77265
-0.584995
0.0181117
1.70661
-0.795302
0.0504226
0.123109
-0.028489
0.0735167
0.154873
-0.546807
1.66644
-0.127086
-0.223839
0.0214582
1.08741
0.335716
0.0560525
0.0102974
-0.0445982
-0.0341176
0.160091
0.105163
1.6437
1.46369
-0.019292
-0.232251
0.159752
0.0591067
0.0376259
0.953644
0.0730121
1.61956
1.39879
1.65815
0.196187
-0.113471
-1.76605
-0.131317
-0.0210146
0.140302
0.883129
-0.0817139
-0.121166
0.81684
-1.00656
0.0924977
0.287155
0.0787453
0.0866257
1.02626
0.650095
0.090121
0.682783
1.06275
0.047755
0.00681476
1.8262
-0.0749007
0.165384
-0.209117
-0.202249
-0.143579
-0.247361
0.808806
-0.859845
-1.24781
0.00933119
-1.92526
0.117737
-0.038192
1.47559
-0.0306167
-0.139787
0.189108
-0.199969
-1.65239
-0.0560994
-0.100123
-0.0368495
0.175978
0.0418983
1.02078
1.81724
-0.114635
-0.0130498
0.0816586
0.0363043
-0.828841
0.156022
0.0522124
-0.00286244
0.0380551
1.70413
1.41813
0.832908
0.981463
-1.37481
0.0516721
0.263691
0.0155479
-0.18694
1.77134
-0.49024
-0.152449
0.578322
1.36354
-0.721347
0.305899
0.00818448
0.171453
1.23407
0.122289
0.273503
1.74786
-0.131628
0.174924
-0.220562
-0.236441
0.157898
0.122739
0.12897
0.785463
-1.86285
0.929306
0.963471
-1.09036
-0.288835
0.150065
-1.86694
-0.862489
0.104563
0.055984
1.73965
0.0553098
0.511959
-0.0945203
0.270605
-0.110949
-0.102651
1.11218
1.22354
0.806407
-1.67927
-1.39064
1.85695
-1.87873
-1.38288
0.0788479
-0.0598499
-1.14438
0.452894
-0.0902361
0.215061
-0.219067
-0.161457
-0.00129681
-1.61371
0.11307
-0.0225628
0.105097
-0.361059
-0.069225
0.975641
-0.0809852
-0.129061
-0.252036
-0.00646762
0.025538
-0.0983641
-0.0805999
-0.240696
-0.15444
0.173857
0.151696
0.0338702
0.0550482
-0.338717
0.0545545
0.108782
-0.159173
-0.0412909
0.219096
-0.124902
0.0756542
0.00787908
0.0364684
1.43333
-1.36281
1.311
0.493555
0.332937
-0.11571
0.133894
0.265226
0.23871
0.0525084
0.178102
-0.743229
1.98507
-0.326079
-0.0530949
-0.0497544
-0.173241
-0.179064
-0.26193
0.277621
-0.101183
-0.158244
-1.40805
-0.625376
-0.578311
1.34648
1.82228
-0.0788599
1.48702
1.9699
-0.202439
0.589442
-0.601237
-0.083794
-1.47143
1.95317
-0.065081
-0.101759
-0.0429673
0.000701054
0.0824625
1.53577
0.0230869
1.75949
-0.0353388
0.117151
-1.08159
0.99411
0.466182
-0.69144
0.0911627
0.348821
0.0203604
-0.36572
1.33092
-0.223317
0.203144
-0.00843296
-0.445366
0.730149
-0.0209701
0.359364
-0.0062269
0.266371
1.63946
1.54497
-0.607394
0.0916244
0.0505821
0.0587631
0.0753247
1.0806
-0.119806
0.0137149
-0.321921
-0.224319
-0.0549823
0.338975
0.140401
0.408165
0.30831
0.0204356
0.069286
1.96431
1.86754
0.718467
-0.148357
-1.6131
0.0173029
0.114108
0.353061
-1.20426
-0.0140395
-0.0942187
1.1041
-0.116523
0.0958015
0.0520482
-0.298064
-0.795992
-0.0895308
0.106752
-0.0868685
1.0999
1.62454
0.370877
0.0147332
0.137289
1.76905
-0.0910395
1.82038
-0.0826265
-0.0783626
0.0989536
1.90517
-0.0977559
0.221095
-0.0154991
-0.170231
-0.274255
0.200836
-0.0309203
-0.0632431
1.26981
1.3651
0.0664032
-1.64955
0.0156874
-0.124985
0.0784639
-0.0552718
-0.0934617
-0.065197
-0.150992
1.86451
1.22331
-1.24946
-0.0405357
-0.343185
-0.513828
1.69372
0.0655845
-1.12924
-0.0998949
0.150214
-1.60489
0.99361
-0.204836
0.923211
-0.0773915
-0.208434
0.0958845
0.364524
-0.268583
1.68597
-0.268853
0.0141071
-0.071029
0.922423
0.968788
0.0597957
0.109298
-1.73134
-0.4533
0.754763
1.74311
0.0204567
-0.158104
-0.0530361
0.24321
0.144947
-1.75953
0.152865
-0.00201875
0.175837
-0.371974
-1.63327
0.725169
-0.0289243
-0.016016
-0.0468644
0.333557
1.35327
-0.0749889
-0.168149
0.139436
1.87566
-0.158967
1.5005
-0.00200574
-1.30818
-0.0955318
0.6582
-0.205168
-1.24096
1.61121
-0.0730293
-0.397914
-0.0886893
-0.188616
-1.54035
-0.808804
0.124973
0.34048
-0.0281816
0.063481
0.265365
0.0689976
0.107742
1.26348
-0.0956269
0.889495
0.129474
-0.659373
0.234544
-0.778775
1.75011
-0.0413214
-0.166323
0.189298
0.331674
-0.257422
-0.245797
0.0511042
0.189514
1.96093
-0.195803
-0.198748
-1.63398
-0.173054
0.125165
-1.05473
0.598055
-0.105029
-1.36875
1.46975
-0.517476
-0.508081
-0.885601
-1.19153
-0.0510566
-0.0191541
-1.97377
-0.249404
0.110997
-0.0803666
0.246322
-1.63967
0.0990965
-0.110783
0.146365
0.892336
-1.21712
-0.210065
1.3487
1.69365
0.0305737
0.105694
-0.0466668
-0.965117
0.1245
0.0483631
0.0452198
0.291053
0.136491
0.781465
1.96744
0.1887
0.396034
0.179634
0.140535
0.369797
0.171246
0.0369876
0.0370702
-1.65607
0.35117
0.166879
-0.0741906
-0.450488
0.0996771
-0.0392466
-1.14575
1.42967
-0.0416114
0.942688
-1.46116
-1.50978
-0.177992
0.0494899
-0.0226098
-0.166529
0.324759
-1.0627
-1.65824
-0.300603
0.200852
0.49643
-0.236745
0.585227
0.260021
-0.29003
-0.0199718
0.0190376
-1.22365
0.0995511
0.0298222
-0.627765
-0.175865
0.0905174
0.198345
-0.244268
0.387696
0.504735
-0.537516
-0.187314
-0.0985644
-0.80754
-0.143871
-0.250828
0.0851541
0.996199
0.0678999
-0.0639566
-1.32508
0.80379
0.0633787
0.0688953
-0.0825277
-0.0212422
0.845043
-1.23263
1.25966
-0.0332611
1.73826
0.0227895
1.33904
-0.222163
-0.345978
1.70898
-1.80035
-0.0939099
-0.386995
0.204733
0.134456
0.113745
-0.0241071
-0.421066
-0.271101
1.94316
-0.679521
-0.023996
-0.157214
-0.15998
0.0207595
-0.23402
1.55252
-0.226434
-0.0113712
1.08748
-1.35967
-0.0167377
-0.294601
-1.48999
-0.0778691
0.115192
-1.73684
1.61625
0.10837
-0.203651
-0.10002
-0.0156357
1.61283
0.181294
0.46533
0.0233283
0.337088
-0.34695
0.902324
-0.0494657
-1.26545
-0.0907284
0.0418356
-0.263508
-0.11774
-0.343657
-0.365582
-1.61692
0.222153
-0.0224025
-0.251875
0.245564
-0.104382
-0.237118
-0.217884
-0.962582
0.195718
-0.167825
1.439
-1.93594
0.00205657
0.136574
0.190824
-1.91497
-1.74399
-0.188304
0.0204024
0.141356
-0.0183792
-0.182059
0.0490957
0.330071
1.08715
1.5679
0.0835062
0.0169191
1.10523
-0.071368
0.33459
0.126335
1.80711
1.17293
0.401646
0.0749539
0.0544153
-0.101797
-0.0178677
-0.258313
-0.0305659
0.114499
0.143273
0.0427263
-0.145363
-0.0399764
-0.16825
1.80739
1.22264
-0.0553586
0.0262473
-0.0882693
1.95623
0.107961
-1.17478
-1.4311
-0.547983
0.286793
-0.176602
0.122485
0.0948645
0.121868
0.946049
-0.0795315
-0.276261
-0.914121
0.154786
-0.837706
0.198857
-0.137942
-0.0691443
1.75232
-0.954237
-0.200717
0.86336
-0.00532789
-1.50685
-0.198654
0.348744
-1.25548
1.07523
0.859684
1.00128
-0.225118
1.74075
1.53465
-0.0374957
-0.00579802
-0.163835
-0.186052
-0.321826
0.127433
-0.0572169
1.68957
0.138297
0.121536
-0.171322
-0.0551743
-0.074068
-0.250858
0.186283
1.95856
-0.878122
-0.139147
-0.0486946
-0.172889
-0.704728
0.162313
1.93489
0.444573
-0.0699185
1.64277
0.14531
-0.191236
0.0318956
-0.977367
0.161176
-0.0469292
-1.96086
0.0833858
-0.102384
-0.122729
0.347349
-0.120165
0.303883
1.00149
1.42356
-0.126114
0.00317397
0.111806
0.070862
0.112772
0.231306
-0.089314
-1.43048
1.48602
0.0399732
-1.22219
-0.234729
-0.0681074
0.297087
-0.0873932
-0.737906
-0.0695032
0.838534
0.137117
0.339157
-0.165883
0.029418
-0.200944
0.476226
-1.2673
-0.0991491
0.0123979
1.11536
0.408754
-0.0457103
0.371929
-0.157705
-1.65528
-0.725968
-0.11937
0.00568284
-0.253766
0.302394
0.37361
-0.146206
-1.98268
-0.18633
-1.49977
-0.0242452
-0.0326611
-0.730103
-0.0982554
-0.128849
-0.330768
1.59352
-0.247139
0.728052
1.16885
-1.46103
0.0854466
-0.107261
-0.12848
1.47588
0.0875245
-0.12854
0.181712
0.616816
-1.14061
1.97096
1.82153
0.00423184
-0.0906906
0.372234
0.303724
0.306101
0.0631045
-0.930188
-0.0777852
-0.113396
-0.153853
-0.062262
-0.118279
-0.896302
-1.44652
0.382261
0.993042
1.21044
-0.167156
-0.211528
1.42845
0.0286288
1.8868
0.0929702
0.0670332
0.974815
0.0108358
0.0793646
-0.065041
-0.128192
0.144235
0.029923
-0.0629512
0.0823035
0.0390044
-1.87814
0.0669046
-1.03173
-1.78165
0.0431519
-0.129757
-0.231552
-0.221293
-0.168622
0.00462832
0.0900276
-0.208232
0.350766
0.135305
-0.167569
-0.0731047
0.0444596
-0.167366
1.09293
0.405389
0.176496
0.338387
0.00717485
-0.0640451
-0.873843
-1.21833
0.122264
0.402611
-0.649117
-0.20339
-0.203733
-0.396339
0.748163
0.00764122
-0.135192
-1.9887
-0.272815
1.1852
-0.00919159
0.0493646
-0.920136
-1.14424
-0.18404
-0.032437
-1.55343
0.232411
-0.0376657
1.29099
-0.0962865
0.0884418
-0.00261397
0.028353
0.35466
-0.0454767
0.00436684
1.84827
0.0250703
-0.104371
-0.191493
-0.0485378
-1.0372
0.183557
0.00729873
-1.85003
-0.175069
-0.0086306
-1.85981
-0.0133292
-0.0781747
0.219527
0.0908388
-0.175439
0.0563776
0.103206
-0.129629
-1.72722
0.605097
0.104894
0.979439
0.043729
0.00687871
0.112389
1.92081
-0.169182
0.675555
-0.117249
0.0724916
0.201332
-0.228294
0.0386731
-0.290162
-1.53211
1.35462
-0.421207
-0.334899
-1.55454
-0.0945851
-0.425462
-0.0930102
1.75767
-0.626774
1.75175
0.319782
-0.0109782
-0.123767
-0.102219
-1.10467
-0.869586
1.22696
1.23568
-0.215767
0.131568
1.81619
0.918723
-0.171746
0.126669
0.244533
0.889069
1.69244
0.272174
1.26457
-1.66553
-0.306003
-0.114341
0.202745
-0.14647
0.976094
-1.00249
-1.24211
-1.57077
1.13404
-0.126379
0.259899
-0.281825
-0.364686
-1.98893
-0.0994483
-0.0962551
-0.00597221
1.96249
-0.0955707
-0.0257969
-0.0567526
-1.46774
0.310129
0.0413799
0.153287
0.86064
0.137737
0.697471
0.236252
0.322848
0.404251
0.229313
0.00375117
0.0404181
-0.262154
-0.0955934
1.68408
0.758369
-0.0538292
-0.0974692
-0.233573
0.504533
0.0343031
0.00886347
0.0710954
-1.37021
0.234924
0.075153
0.158141
0.0850898
0.619481
0.0747654
-0.0827527
0.0206778
-0.318845
-0.090711
0.0531595
-0.0889083
0.00148704
-0.147759
0.186333
-0.0480514
-0.139052
-0.217855
-0.650517
0.00566425
-0.643824
0.0782028
-0.0849778
0.123953
1.97917
0.98699
-0.0421899
1.3446
0.145873
-0.28657
0.125678
-0.0033052
-1.06104
-0.715555
-0.0393534
-0.123985
-0.207915
1.54067
0.0866313
0.17498
0.264283
0.447
0.301005
0.139772
1.10103
0.0858723
0.719257
0.134708
0.153645
-0.0312775
-0.298674
0.0951881
-0.646604
-0.00266318
-0.0669384
0.0627463
0.137895
0.16024
0.0396044
-0.1353
0.259402
0.110868
-0.123056
-0.767725
1.53442
-0.0719932
0.0821977
-0.335225
-0.443233
-0.0879401
-1.65003
1.86489
1.28393
-0.935332
0.000627867
-0.420251
-0.228333
0.110486
1.92169
-0.860087
-1.3095
0.031805
-0.147404
1.27502
0.260227
0.0281367
-0.207213
-0.103742
-1.86789
-0.310705
-0.453776
0.0184364
-0.044806
-0.0149391
0.188757
-0.154142
-0.146052
-1.35942
-0.0234612
-0.354984
-0.163617
0.124029
-0.105984
-0.172563
1.98154
0.0945233
0.100532
0.296732
1.98007
1.35373
-0.403587
0.118383
0.0124218
-0.364697
-0.157469
0.200203
-0.169225
-0.317887
-0.125016
0.0592142
-0.255341
1.62558
-1.2497
1.83398
1.92474
1.57665
-0.0419681
-0.0564095
0.0964107
-1.72704
-0.208766
0.0337899
0.0444418
-0.0710748
-0.48272
-0.7881
-0.260376
0.595057
0.0481111
-1.44997
-0.241069
-1.69485
-0.0306617
-0.482943
1.09054
0.147848
1.41911
0.137321
0.191284
-0.0301451
-0.976363
1.93831
1.07052
1.10313
-0.0988111
-0.0756457
-0.400866
-1.9197
0.1532
1.86178
0.487195
0.155457
0.0231847
1.26594
0.651541
-0.245975
-0.125729
-1.75574
0.208793
-0.160175
0.716133
0.158395
0.0367343
-1.55342
-0.101349
-0.318759
-0.17694
-0.382352
-0.154483
-0.533899
0.180196
1.75178
-0.394182
0.0540952
-0.106813
-0.000130604
0.0815779
0.159952
-0.203837
0.60232
1.77237
1.24349
-0.121068
0.196763
9.77231e-05
-1.91735
-0.115662
0.0841531
0.122286
-1.24938
1.71655
-0.0103322
0.0958574
-1.53513
0.133243
1.91915
-0.203659
0.266368
-0.0467541
-0.900385
-0.686114
-0.302167
0.0328467
-0.0720391
-0.448394
0.0178905
-0.168354
0.153222
-0.224307
-0.120908
1.4445
-0.811513
0.0836093
0.250743
-0.704045
-0.140148
-0.0239642
-0.0889379
0.0295471
-0.021569
-0.0848327
0.00647397
-0.10375
0.037379
-1.18835
-0.213551
0.150321
0.0844821
-0.0654484
-0.106166
-1.42423
-0.0892002
0.303265
0.108608
-0.177453
0.107551
0.410563
0.973846
-1.70325
-0.179089
-0.2671
-0.829588
-0.115319
-0.555924
0.00404763
-0.299318
-0.038399
-0.146854
-0.0185525
-1.96158
-0.240301
0.216218
1.2919
-0.606287
-1.84997
-0.224242
0.117671
-1.0545
0.221511
0.14909
-0.0124599
-0.106499
0.0321405
-0.393596
-0.387944
-1.97633
-1.0484
-0.161085
-0.479112
0.480257
-1.77413
0.945503
0.337649
-0.108751
0.121404
-1.60076
0.189433
-1.07199
0.194109
0.828834
0.0636522
0.599968
-0.00504387
-0.554721
-0.0462096
1.20965
-0.889764
0.216583
0.412247
1.05332
0.841801
-0.0683687
-0.0406371
-0.911801
1.66435
0.331994
-0.924733
0.083019
0.0293805
0.200251
-0.564181
-0.191802
0.149887
-0.0126527
-0.315108
-1.43056
-0.31167
-0.0900951
-1.10658
0.0671968
1.90513
-0.230953
0.318312
0.339816
0.720587
0.401682
-0.563289
-0.0271983
0.0162214
0.785271
0.12817
0.228885
0.48364
1.32005
-0.271995
0.000532764
-1.46717
0.16935
0.194924
-0.00420372
-0.499444
1.87958
-0.25253
1.02915
-0.0045445
-0.175527
0.0922739
-1.56874
-1.62831
-0.147891
0.0051916
0.0368873
0.782971
-0.618812
0.205218
-0.152286
0.280791
-0.410764
1.96026
1.49655
1.03372
-0.124208
-0.286928
-0.249908
0.574551
0.163537
-0.170248
-1.30919
-0.0480839
0.151773
1.08251
-0.86292
0.170994
-0.05274
-1.83204
-0.283139
-0.0559528
1.45105
0.904543
-0.203261
0.0115693
0.546377
0.118744
0.230348
-1.96883
1.21273
0.070709
0.0863387
-0.356452
0.29025
1.07946
0.0580372
0.569163
0.186662
0.315687
-1.49791
0.0895908
0.0619065
0.161729
-1.21489
0.158441
-0.351681
0.075261
0.0883453
-0.526883
-0.310787
0.403057
0.0999169
-1.56618
-0.0246797
0.0996969
0.0204403
0.308345
-1.18883
-0.828105
0.583476
-0.821248
1.35858
-0.0410864
-0.962446
-0.154037
-0.0757697
-0.231997
0.402591
0.601105
0.114541
0.377202
0.242993
0.540872
-1.01241
-0.208474
0.131458
-0.294617
1.81703
-0.289215
-0.404425
0.340364
1.25894
1.47435
0.0436842
0.0731166
0.0790337
0.0911807
-0.198182
-0.249532
-0.0883316
1.37257
1.6558
-0.22255
-1.27356
-0.169481
-0.00837673
-0.0847652
-0.205753
-0.00140123
-0.234444
-0.589987
-0.257431
0.429091
-0.923897
-1.31119
0.0741799
1.82459
1.05795
-0.106381
0.123782
0.00708736
-0.211649
0.0797044
-0.032812
-0.335854
1.48798
-1.65502
0.244418
-1.6409
0.0540093
0.120379
-1.88311
1.3724
0.20047
0.0679904
-0.306981
0.944815
-0.244946
1.29153
0.404719
1.49409
0.609796
0.132892
1.13138
-0.0324932
-0.080614
0.160773
-0.243376
-0.260249
-0.667444
0.881776
-1.84543
-0.231459
0.100639
0.113154
-0.0563699
1.22907
-0.209856
0.0172113
-0.000876367
0.0340047
0.318806
0.145714
-0.400196
-0.354736
-1.76121
-0.384955
0.453562
-0.0775039
-0.23804
1.88933
-0.0671147
-0.0203739
-0.271533
-0.0164707
0.0337349
-0.0380829
-1.39371
-0.0349955
0.242691
0.203693
1.37412
-0.0495553
-1.66769
-0.28183
-0.345525
0.149218
-0.114717
-0.228264
-0.229213
-0.776396
-0.0153168
-0.0113882
-0.10257
-0.781734
-1.86633
-0.512641
0.159254
-0.165072
-0.106229
0.103859
-0.164632
-0.0139524
0.0194795
0.00684242
-0.0755867
0.234809
-1.3971
0.424795
0.264243
1.08384
0.941932
0.222483
-0.0284885
-0.162056
1.98261
0.0295071
0.0664973
-0.104325
-0.0914652
-0.342911
-1.57627
-1.62104
-0.236877
1.43909
0.131048
-0.171971
0.0784585
-1.72861
0.125833
0.0550996
-0.885582
0.0511675
0.21469
0.22503
0.0703282
-0.15264
-0.0701851
-1.36749
-0.325031
-0.0783483
-0.989831
-0.07138
1.80629
0.343626
0.137749
0.00588434
0.178804
-0.0968637
-0.890155
0.121841
1.10975
-0.958441
0.0702084
0.782323
0.185272
1.89618
0.0408063
0.208154
-0.0236327
0.148884
0.955134
0.0296974
-0.0321852
0.722552
-0.139873
0.744328
0.211632
-0.0152748
1.8301
1.66648
-0.0284163
0.0661192
0.292496
-0.156101
-1.27442
1.46328
0.0520021
-0.776148
0.246792
1.83689
1.70902
-0.118683
0.0436872
-0.360121
-0.168699
-0.0624726
0.205531
0.114279
1.52366
-0.065242
-0.0805714
-0.702301
0.247807
-1.98516
-0.490313
-0.642667
0.039452
-0.0266613
-0.958247
-0.00503292
0.0181311
0.220444
-0.771507
0.803924
1.24385
-0.97612
0.760576
0.00358719
0.0775257
0.127423
0.140957
0.0802602
1.02238
0.635055
-1.80809
-1.42257
-1.20921
0.0390287
-0.29528
-0.246533
-0.348666
0.161033
0.286739
-0.078735
-0.0981029
-0.0971869
0.108543
-0.0502401
-0.0366832
1.72001
0.0190575
-0.150243
-0.186685
1.38175
-0.100198
0.694457
0.340694
1.12584
-1.33943
0.746518
-1.80639
-0.131375
0.648662
-0.066819
0.355025
-0.204078
0.179032
-0.180058
-0.0970571
1.39629
1.2086
-0.344566
-0.100057
-0.163236
0.496496
1.91355
0.758727
1.54319
0.246774
1.36512
0.824892
0.151527
0.0120463
-1.03208
1.40436
-0.213674
0.150965
1.05491
1.61976
-0.105484
0.802875
-0.0562639
-0.211689
-0.0112708
0.0107561
1.18787
-0.176276
0.0419609
0.23209
0.471348
0.198874
0.0500608
0.26441
0.142155
-1.21126
0.0392425
-0.0565122
1.48772
0.0434378
0.100126
1.76446
-0.207198
0.797691
-0.342912
-0.252099
-0.0697599
0.902676
0.305999
-0.00558474
0.986847
0.136161
-0.151137
-0.0823441
-0.0175366
-0.114044
1.09206
0.32962
-0.262143
0.278485
0.139091
-0.0677388
-0.207737
-0.755891
-0.111292
0.178496
-0.0907931
1.02137
1.38475
-0.182312
-0.276281
0.426798
1.40134
-0.0532032
0.179917
0.0920166
1.18909
0.142638
0.96832
-0.0988526
-0.0173648
0.138778
-0.0113001
-1.12106
0.0539534
-0.136733
-1.95215
-0.141552
-0.596141
-0.0971999
1.48444
0.128286
0.107254
1.64736
1.6513
-0.142839
-0.0190622
0.0222545
-0.338366
-0.216454
0.0245434
-0.203816
-0.812617
0.0433801
0.932103
1.86802
0.0337133
1.33544
0.135388
0.0736667
1.18359
1.38141
0.0185247
0.0326648
-0.0146995
-0.429116
0.734402
0.0665083
-0.3637
-0.476704
1.47003
1.17826
-0.290807
-0.0832887
-0.156351
-0.170171
-0.000582002
-0.252668
-0.000394439
0.307368
0.114709
-1.63484
0.182323
0.257123
0.0612873
0.14664
0.192654
0.235991
-0.513768
0.0155058
0.600679
-1.49627
0.326478
-0.0461953
0.121213
0.180279
-0.0604042
-0.0944455
0.417051
0.199107
1.54219
-0.114158
-0.0488138
0.11558
1.77424
0.188413
0.701427
-1.48604
0.174495
-0.0635904
0.0533026
-0.209334
-0.185836
-0.0281144
0.0444874
-0.0952189
-0.00290466
-0.26078
0.417006
0.37625
-0.98498
-0.0766521
1.4599
-0.135018
0.00222911
-0.351147
0.186515
-0.559834
-1.76248
0.177894
-0.120438
0.0395925
-0.329337
0.173732
-0.00430333
1.07786
-1.0953
0.0243222
0.00993903
1.61462
-0.284514
0.206503
0.103407
0.164995
0.0384581
-0.0837122
-0.138296
-0.15226
-0.947258
-0.265284
0.0774104
1.70073
0.180437
1.29065
1.45622
0.0160862
0.119372
0.0825223
-1.05487
-0.13166
-0.475513
1.75619
0.0150831
0.191778
-0.145938
-0.346133
-1.18159
-0.131244
-0.916204
-0.239932
-0.144849
-0.0680057
1.26663
-0.531681
-0.168178
-0.130541
0.231506
0.118381
-0.0871717
-1.14092
1.99551
0.379683
-0.179628
0.671176
-0.0303844
0.176953
-0.124619
-0.281995
-0.210164
0.28704
-0.062036
0.276133
-0.23613
0.136732
1.32799
-0.516928
-0.0810588
-0.0985869
-0.237863
0.0288699
1.28174
0.0974536
0.183928
-0.179895
-0.225587
-0.173084
-0.135052
-0.0349282
0.0513806
-0.600595
-1.00374
0.242914
-0.00418748
0.139062
0.000309307
-1.76983
0.192368
-0.286085
-0.181529
-0.148477
0.106777
-0.163668
0.739879
-0.00552145
0.117834
0.707031
-0.189033
0.0329085
-0.854959
-0.129936
0.0865732
0.169476
0.18176
-0.320902
-1.43975
0.612254
-0.986331
-1.84264
-0.166625
0.524862
-1.62593
-0.0111158
-0.751434
-0.250522
0.18107
0.236932
0.642329
0.199433
-0.0930414
-0.0412368
0.920406
0.558269
0.0533628
0.188681
0.394704
-0.217787
-0.0437015
-0.0839087
0.155578
-0.120501
0.0658363
0.0923889
-0.237479
0.219329
0.0304998
0.43135
0.077087
1.98562
-0.00139582
-0.147194
-0.117254
-0.237301
-0.204309
0.190834
1.9243
0.0439555
0.117313
0.193758
-1.13178
1.19722
0.000329733
-0.678966
-1.66932
-0.597927
0.00899046
-0.227863
-0.0581495
0.00690361
-0.0964906
0.265069
0.0314253
0.0627733
1.38811
0.0540826
-0.100739
-0.00680465
-0.0643245
0.203386
-0.520546
-0.226772
-0.149586
-0.108428
0.956883
-1.86045
-1.58562
0.317849
-0.12593
0.610842
0.160427
-0.089706
-0.0293131
-0.0245517
0.300779
-1.65235
-0.115182
-0.277304
-0.300531
-0.491082
-1.08065
-0.0937107
0.261787
1.5522
-0.310386
0.00306393
0.293874
0.060731
0.310585
0.0582497
-0.0842129
-1.92459
-0.108816
-0.126813
-0.097835
0.755537
-0.0359055
-0.217378
-0.197312
1.207
0.529064
-1.04097
-0.855016
-0.0884461
-0.151668
-0.158002
-0.534675
-0.114904
-0.151017
-0.0530979
-1.93279
0.0879679
-0.130541
0.0286156
-0.0208747
-0.164104
-0.198842
-0.0289301
0.298237
-0.989666
1.93253
-0.0810415
-0.171577
-0.00587853
-0.173186
0.329266
-1.95483
0.0521587
0.064036
-0.289022
-0.0968502
1.00424
0.612519
0.0972777
-0.0117885
-1.69236
-0.281506
0.221087
-0.23323
0.13042
-1.46356
0.22527
1.48544
-0.111679
0.230761
0.0318826
-1.57379
-1.40843
0.0226481
-0.667597
-0.981215
-1.92107
-0.00535726
0.231494
0.0488713
1.97473
-0.0393776
-0.175903
-0.0288173
0.104351
0.146984
-0.129641
0.191327
-1.16886
0.267292
0.161729
1.8439
-0.181858
-0.158692
0.105226
0.0837281
-0.15015
-1.75455
-1.16109
0.0895701
-0.408024
-1.0243
-0.00207787
-1.18163
-0.25274
-0.621765
0.151677
-0.32678
0.145041
-0.432358
0.181799
-1.27719
0.422181
0.202268
0.031443
0.0465389
-0.326685
-0.406123
-0.0919994
1.86255
-0.0723702
0.147033
1.09265
-0.124595
0.0465492
-0.234503
-0.00705568
-0.179804
0.00676019
0.209749
-0.430151
-0.267916
0.152296
-0.136761
0.106535
0.0456566
-0.244458
-0.0279828
0.0201796
-0.163527
-0.138779
1.00663
1.77438
0.0675722
1.64002
-0.157201
1.04316
-0.199649
-0.401678
-0.0365796
0.120249
-0.449721
0.858422
0.696182
0.353666
-1.98539
-1.16554
0.329071
1.55183
0.607784
-0.407899
-1.64688
0.120221
0.593588
1.99656
0.158708
-0.0754701
-0.491707
0.179806
-0.212614
0.285462
0.0893115
-1.03479
0.27197
0.201074
0.145053
-0.25905
1.74332
-0.834649
-0.0986259
-0.351518
-1.11031
0.0572267
-0.238421
-0.139746
0.0122753
0.37606
1.85905
-0.104169
-0.987917
1.18089
0.0400903
-1.29142
0.0868519
1.84747
0.0932716
0.076121
-0.229273
0.107955
-0.00725236
0.415922
-0.0513584
-0.108425
1.53172
0.00132101
0.0356352
0.590359
1.63176
-0.182598
-0.802858
0.85017
-1.37616
1.73196
-0.0985826
-1.23346
0.186362
-1.39625
-0.205316
0.0186308
0.304219
1.56359
0.1044
0.00700479
1.99722
-0.0535988
-0.0767714
0.00402103
1.88512
-0.224481
0.110886
0.176352
0.00644731
-0.635284
0.202485
0.280344
-0.299309
-0.919129
1.92921
-0.102787
-0.37794
0.0894292
1.59208
0.596506
0.21401
0.044801
0.42724
-0.62858
0.0494991
-0.0282049
-0.0108285
-0.239449
0.279982
0.275946
-0.693183
0.346948
-0.305099
0.00801354
-0.0445447
0.152371
-0.570432
1.3839
0.374068
0.182657
1.63402
-0.0897427
-0.208916
-0.27972
-0.180513
-0.132084
1.45303
0.136586
0.343859
1.16701
-0.00129612
0.075786
0.101314
-0.169979
-0.250092
0.0566637
-1.36868
0.0723871
-1.03532
-0.0911353
0.0695377
-0.146342
-0.311159
-1.99092
0.374378
-0.346949
0.0787709
-1.08511
0.00692196
-0.183028
-0.00898778
0.0824662
0.0438742
0.371374
-0.0116022
-0.105703
0.000817692
-1.37215
-1.24518
-0.593468
-0.26546
-1.12772
0.550328
0.0602792
0.08442
-0.0212624
0.0509293
1.62115
1.35342
1.01052
0.660786
-0.536503
0.75543
-0.134936
0.0494571
-0.228947
-0.2875
-1.24033
-0.129162
-0.189892
-0.501527
-0.0587204
-0.18391
-0.0260106
0.0826445
0.0406151
-1.95472
-0.138283
-0.0220981
1.56159
-0.715556
-1.63593
-0.017928
-0.0807326
-0.206634
-0.198769
1.48255
0.170466
-0.377911
0.407813
-0.209626
-0.201721
0.0862146
0.999092
1.7069
0.0334912
-1.607
0.218798
-0.355981
-0.0682833
0.0211681
0.361792
-0.586246
-0.0248678
-0.544269
-0.15677
-1.29326
-0.268548
-0.21241
-1.50451
0.0932163
-0.753284
-0.162836
-0.24446
-0.19128
1.64626
0.1587
0.302539
-1.27466
-0.278802
0.10238
-1.96045
1.25028
0.0195301
0.141448
-1.92943
0.044513
0.0811587
-1.05591
-0.127675
-1.60469
0.0571888
0.874423
-0.234218
-0.804529
0.157663
-0.195982
0.392106
0.00440569
-0.0674612
1.28143
-0.360918
0.89235
-0.260869
0.0398461
0.0689706
1.68217
-0.0267289
-0.0869898
0.206617
-1.40305
0.121663
0.10527
-0.682659
0.14514
1.59094
-0.0165013
-0.424808
0.0399853
-0.183081
1.85662
-0.0358328
-0.66214
0.646605
1.44768
0.120439
-0.713249
-0.269807
0.379896
0.103892
0.22334
-0.187019
-0.0562244
0.0886101
0.574312
0.219897
0.0456268
-0.0105982
1.74376
0.335408
0.117584
0.083869
-0.021913
0.0841994
-0.130345
-1.07299
0.885523
-0.200645
-0.770966
-0.0304412
-0.230603
0.0244497
-0.621932
-1.63548
1.22241
1.9644
-0.940253
0.243127
0.787696
0.659389
-0.697083
-0.0120827
-0.0915523
-0.08181
-0.22941
-1.36247
-1.60185
1.06473
-1.15908
-0.0426232
-0.854492
-0.153976
-0.0122674
-1.90763
0.162071
-1.16787
0.0445804
0.142841
-0.269371
0.0257444
1.93711
-0.171075
-0.154149
-0.000293878
-0.196854
0.488871
0.167511
-1.07077
0.113222
0.0357782
0.214566
-0.152867
0.0356404
-0.032617
1.07558
0.296617
-0.174299
0.133163
-0.0961725
-0.328459
-0.0583238
-0.886275
-0.0166265
-0.0807162
0.104076
-0.0855045
0.124639
-0.186762
-0.0977701
0.911918
-0.105036
0.844471
-0.931503
-1.9176
0.00104633
-0.318413
0.0267973
0.124099
0.655765
1.9491
-0.0309156
0.0976533
0.173529
-0.21681
0.0614352
-1.97969
0.642131
-0.144187
-0.0547315
-0.0984066
0.0906944
-0.0664841
-0.0592027
-0.264701
1.5945
-0.178294
0.386505
1.23957
-0.0107991
-0.417322
-0.117255
0.0925273
-0.00479438
0.0462565
0.327657
-0.013462
0.0476487
0.0654462
0.143813
-0.104433
-0.796057
0.117456
-0.424796
0.0655866
-1.66519
-0.190207
-0.275217
-0.351853
0.0928522
-0.239699
0.00689902
1.82554
-1.21751
0.65446
-0.359898
-0.225906
-0.0076761
0.522974
0.00397055
1.4104
-0.0813558
-1.41567
0.0808631
1.91912
0.166568
0.0271159
-0.947626
-0.387848
0.140277
-0.00597326
-0.0636518
-0.0641632
0.477614
-0.0994728
1.82736
0.0640223
-1.12003
-1.00465
0.243261
0.00106933
0.216458
-0.231369
1.35331
0.15222
-0.130971
0.0969059
-0.282745
-1.71081
0.356203
-1.69843
-0.873537
-0.459166
-0.114846
0.132623
-1.14341
-0.0922172
0.0560419
-0.00417937
-0.339996
-1.01937
-0.0178773
-0.0634151
0.0280167
-0.0662614
-0.0583078
-0.229057
-0.110677
0.121763
1.48949
0.165994
-1.51822
0.106178
-0.00821766
-0.191645
-1.40893
-0.0476698
0.199024
0.0847129
-0.0520286
-0.0784444
0.64694
1.88616
0.0168928
0.419772
0.579263
-1.86153
-0.083455
0.377044
-0.045645
-0.0565196
0.231886
-0.048382
-0.298544
-0.180319
1.32387
-0.273746
1.95384
0.0379013
-0.146354
0.181661
1.85864
-0.016322
0.335448
-0.741106
-0.111374
-0.00263876
-0.205438
1.33146
-0.244951
0.189268
-0.0416171
-0.100699
-1.27741
1.1003
0.136611
-0.0255641
0.201248
-0.00546398
-0.183044
0.251874
-0.0320079
-1.24541
0.213385
-0.0537937
-0.0220815
0.185729
-0.139718
0.0931152
0.759571
-0.0285692
1.86274
1.4296
1.94177
0.0879921
0.0575124
-1.58639
-0.463482
1.92102
-0.429946
0.141992
1.3627
0.0905768
-0.473282
0.0840628
1.62698
-1.49271
-0.200691
-0.147299
-1.50454
0.918435
0.537994
-0.814217
-0.111799
0.155976
0.055641
1.14343
0.097865
-0.032585
-0.556745
-0.0934717
1.69985
1.64035
-0.128184
0.349628
-1.51544
0.0442708
-0.349352
-0.0255385
0.0378495
-1.34142
-0.0230378
-1.70674
-0.0607256
-1.29107
0.0567787
-0.202807
-0.0393114
0.76776
0.298155
0.973023
0.163529
-0.275793
-0.853869
-0.379076
-0.0956579
-0.00362755
1.73544
-0.2216
1.89021
1.75446
-0.948678
0.000502487
0.0163107
0.0756948
-0.144284
0.0849447
-0.362416
-0.0110741
0.216473
1.48376
0.142286
-0.0737593
0.0318813
1.44464
0.210829
0.132712
-1.42795
0.185212
1.58529
-1.90918
0.696091
1.77961
-0.835001
1.99089
-0.141055
0.0277546
-0.0969961
0.679542
0.0886328
1.53886
-0.0905842
0.0494005
-0.247131
1.1572
0.0509958
0.0880709
-0.0253849
0.0528455
-0.142007
0.57938
0.0431483
0.851044
-1.4027
-0.0829856
-0.205376
-0.102224
-0.273153
0.106484
0.0538369
0.0351587
-0.215021
-0.367086
0.112364
-0.0741954
1.83587
-0.0133507
-0.17611
0.0441908
1.24963
0.534556
1.27197
1.66538
-0.99892
-0.0629243
-1.89637
1.58118
-1.56299
1.1353
-1.31642
1.9799
-0.343364
-0.200558
-0.084591
-0.10633
0.102356
0.146278
0.0492788
0.0121144
1.13181
0.272132
1.05098
-0.434485
1.29503
-0.139792
0.0613293
0.0330338
1.89469
0.0888285
-0.0404093
0.0988998
-0.960126
0.251427
0.244839
0.128521
-0.247328
-0.0675981
-0.217087
-0.0541865
-0.25753
-0.0878358
-0.185168
-0.0198418
0.0489643
-0.254243
0.629139
-0.156802
-0.0803571
0.783138
-1.46126
1.95045
0.602805
-0.829174
1.88029
-0.00564336
0.995006
0.287164
0.507994
1.87624
0.0407937
-0.37485
0.061461
-0.102283
0.248033
-0.017593
-0.258625
0.0937495
1.48018
0.0255151
-0.00956529
-1.14713
-1.1338
-0.153807
-0.832418
0.0268362
1.90426
0.685981
-0.205669
0.122462
-0.0756968
-0.0457842
-0.509948
1.59336
0.0740376
0.223601
-0.0488545
-0.245568
-0.0605321
1.97079
-0.0391377
-1.29332
-0.326568
1.25855
0.311858
0.578598
-0.835347
0.328689
1.4141
0.195291
0.0770228
-0.381467
0.423039
-1.96865
-0.186214
-0.0683853
-0.205295
0.182611
0.024871
-0.129244
0.177187
-0.13688
-0.396684
0.139696
1.17995
0.0145533
-0.121394
1.79706
-0.0772141
-0.32282
-0.200811
0.821966
1.77594
-0.186829
-0.0877574
-0.113024
-1.40524
0.247217
0.0262661
1.97043
-0.0717369
-0.0312962
0.732534
-0.35119
0.0677101
0.0214374
0.392397
-1.4359
-0.818102
-0.368587
0.0893151
-0.0698236
1.99233
1.84345
-0.266554
1.88896
1.78477
-0.107245
-0.20441
-0.16536
1.4784
-0.043559
-1.23305
-0.0752316
0.0884298
0.148787
1.34518
1.69435
0.257908
-0.129129
0.111396
-0.0964689
-0.209961
-0.226964
0.255435
0.440132
-0.0436292
0.209805
-0.141051
1.96715
0.00609339
1.09912
0.40289
0.814255
0.392939
1.58887
0.151137
-0.0243481
0.191705
1.87001
1.17855
0.693253
-0.521889
-0.108684
-0.0901998
0.282429
1.77778
1.62864
0.898922
0.0746922
-0.723482
-1.47645
1.69511
0.114368
-0.946758
-0.00976778
0.25154
-1.78955
0.0883745
0.461399
-0.270443
0.797766
-0.145645
0.26369
-0.0710791
-1.85499
-0.601053
-1.56416
0.652059
-0.173514
0.00608855
0.207853
-1.63401
1.17054
-0.0111627
-0.216915
-1.02169
1.82586
-0.0457248
-1.9468
-0.1704
1.43734
1.52337
0.136253
0.195984
0.345087
0.0358384
0.154865
1.8539
1.12734
1.52228
0.446947
-0.0861733
-0.0341143
1.76486
-0.319223
0.195345
-0.151372
0.398648
0.0474717
1.37374
0.325366
0.00499281
-0.123976
0.0375834
-1.79559
0.130062
-0.0516047
-0.288123
-0.0693828
-0.733059
0.0978908
-0.0458711
0.138323
-0.11631
0.762288
0.0734267
-0.117335
-0.0126077
-0.119264
-0.303103
0.048713
0.210242
0.114702
-0.101165
-0.452516
-0.338969
-0.00545129
-0.103028
0.989465
0.0198157
0.0124359
-0.435774
0.487292
0.0639944
0.21969
1.56039
-0.255134
-0.0754043
-0.379665
0.443424
-0.15503
1.97035
0.247869
0.012446
-0.142488
0.752174
-0.116909
-0.213807
0.0603799
0.634764
-0.148763
-0.892063
-0.174272
-0.317703
0.725821
0.719875
-0.014274
-0.0203034
1.86396
-0.187172
-0.0462332
-0.232467
-0.293676
-0.416064
1.40751
1.81671
-0.699127
-0.195981
1.05613
-0.10655
0.638782
-0.408438
-0.0693492
0.779476
0.340544
0.0378334
-0.152552
1.60448
0.129507
-0.243643
0.00932726
0.0554706
-0.090633
-1.41306
-0.129528
0.0572053
0.0474689
-0.0905861
-0.106165
0.351291
0.0939441
0.0738969
-1.94005
-1.59349
-1.8819
1.18977
0.0633528
-0.61183
1.30068
-0.0104562
0.129942
-0.129153
0.03607
-1.51294
-0.162395
0.0544564
-0.0721374
-1.49009
1.68142
-0.28613
0.231049
-0.0761681
-0.035005
-0.155547
-0.0590062
1.09367
-0.304216
-1.90641
0.871449
0.638036
-0.190391
-0.267122
0.163256
-0.26169
1.01632
-0.198579
1.90241
0.713749
0.0211344
-0.501389
-0.144167
0.190724
1.33992
-0.681844
0.246133
0.366563
-0.0438499
-0.0761673
-0.38092
0.0592479
-0.03189
-1.37933
-0.137265
0.835384
0.121286
-0.0932929
0.191752
-0.0807955
0.0162758
0.158736
0.668975
-0.551924
-0.118639
1.52296
-1.58639
0.30686
-0.113258
0.192649
-0.122036
1.52959
-0.116048
-1.23423
-1.28433
0.0241696
0.0714416
0.913465
-0.238265
-0.731812
0.163474
1.64622
0.166467
0.0766615
-0.247697
0.00140981
-0.356173
0.257881
1.2687
0.918552
-0.258375
1.76444
1.22263
-1.15509
0.0389496
0.23099
-0.206426
0.258684
0.206109
0.553367
-0.150263
-0.0725824
1.18357
0.0617515
0.0786864
0.106808
0.106696
1.98138
0.309028
-1.63437
1.29181
-1.38831
-0.0667797
-0.142947
-0.876603
-0.334916
0.209737
-0.277268
1.95715
-1.84782
-0.0403531
-0.318469
0.034236
-0.764859
0.0113616
0.309929
0.00289741
1.3921
0.612662
-0.0890358
-0.180521
0.378714
0.851344
-0.10419
-0.727933
0.32846
0.180011
-0.329935
0.0508605
0.000802952
-1.6194
-0.730601
0.0554172
-0.537992
0.21219
1.46301
0.0806209
0.0212411
0.0708886
0.122384
0.69792
0.648912
0.0972646
0.703537
1.75355
-0.00562589
0.43375
0.0613768
1.59487
0.0985496
-0.106376
0.200382
0.37863
-0.738254
-0.0971708
-0.0243065
1.557
-0.213421
1.09041
1.98786
-0.127964
0.0336252
-0.0917863
-1.572
1.24051
0.27113
-0.648856
0.793591
-0.853506
1.85293
-1.28499
0.0100469
-0.274598
0.90582
-0.131675
0.130816
-0.0303726
-1.15044
1.34057
0.106792
-0.35912
1.38908
0.033658
-0.492206
0.0740759
0.162933
-0.0605195
0.422098
0.383341
1.69373
-0.159386
1.87838
-0.095439
0.106947
-0.20797
0.00883576
-0.00510657
-1.31494
0.119255
-0.190487
-0.0510199
0.0412294
-0.157787
-0.0264859
0.0990054
0.397354
-0.52831
-0.0273913
-0.112118
-0.211989
-1.74064
0.191942
-0.0448117
0.507029
0.0386557
0.0980951
0.168923
0.00159915
0.153914
1.19806
0.664021
1.60624
-1.64466
-0.106204
1.87134
-0.334274
1.54437
0.104154
-0.152219
0.139108
-1.30789
-0.13883
0.931116
0.61716
0.0366549
0.230639
-0.0398338
0.0683727
-0.100054
0.838093
-0.109598
-1.845
-0.255027
-0.19171
0.427609
-0.236188
-0.0194846
-0.0326338
0.179295
-0.0584292
0.00859668
-1.97843
-0.122752
0.109685
0.0463926
0.311026
1.0424
-0.0211693
-0.259024
0.239237
-0.404952
-0.367957
0.217655
1.64772
-0.14475
-1.00096
0.0394158
-0.152196
-1.25239
-0.0431867
0.00763151
-0.447865
-1.90143
0.00338014
0.865543
0.0667455
1.47586
1.67002
1.92504
0.0250664
-1.02185
0.178641
-1.26247
1.69408
-0.0534328
-1.2511
1.14804
-0.0574259
0.696997
-0.461254
0.974254
-0.0654166
0.237444
0.195083
1.7202
0.330886
1.04972
-0.031217
-0.0952472
-0.217045
-0.178594
-1.6059
-0.904214
-0.017454
-0.0599843
0.440605
1.45065
-0.367391
-1.88109
-0.0353198
-1.92898
-0.0450031
-0.101364
-0.0737895
0.105751
-0.722435
0.0174062
1.32229
1.93209
-1.04281
-1.71818
1.7114
-0.231351
1.1459
-0.0100857
0.151346
-0.167409
-1.18058
-0.883278
0.116219
0.453702
-0.0965289
0.251927
-0.0972031
-0.0892792
0.115246
-0.00344826
-1.76543
0.415513
0.143842
0.0194797
-0.102178
-0.204645
-0.0547858
1.38527
-0.211393
0.014985
0.534414
-0.117772
-0.13723
0.856011
0.259581
-0.167675
-0.100701
1.47653
0.0425595
-0.896472
0.627653
0.0160999
-0.130697
0.0014829
0.0361306
0.00671219
-0.142611
0.0157397
0.266274
0.200412
1.79737
0.667528
0.0111653
0.132622
-0.192617
-1.04455
0.0467994
-0.100222
0.158115
1.0967
0.0879649
0.116082
-0.106164
-0.00938514
1.79652
-1.5816
1.61236
-0.163269
0.07372
0.133223
0.0936195
-0.139791
1.95163
1.78833
-0.176149
0.128488
0.210744
-1.87242
0.096032
0.295799
1.62194
-0.651846
-0.0934428
0.194524
0.0864811
0.274678
-0.193948
0.0138455
-0.773345
0.0502135
-0.253417
-0.202196
-0.679386
-1.82003
0.338197
-0.02005
-1.75277
0.259337
0.1516
0.66279
-0.0639416
-1.53006
-0.0928295
-0.00308276
0.0147236
-1.04397
0.154218
0.0666663
-0.176652
-0.231471
1.89112
1.02607
-0.0195371
-0.160535
0.0291874
0.0875385
0.850952
-0.891731
1.57798
-0.129132
-0.157613
1.07305
0.547544
0.0358178
-0.0196484
0.853861
-0.0167531
-1.40559
0.375696
-0.0857395
-1.82864
0.0167178
-1.31137
-1.07375
0.19315
-0.232941
0.108319
0.451613
-0.982903
-0.311089
-0.0223614
0.16938
-0.149413
0.890654
1.40151
-0.109012
0.105906
0.184881
-0.461166
0.191393
0.210335
-0.381816
-1.85886
0.0623371
0.0529471
-0.40117
-0.293996
-0.120153
-0.127618
0.764908
-0.172095
0.987077
-0.162179
-0.0233008
-0.0843774
0.640794
-1.83981
0.529161
1.21289
-0.0874809
-0.882711
0.828456
-0.988299
0.204333
0.312115
-1.09752
0.178102
-0.087354
0.224818
0.0650412
-0.0287974
-1.48282
0.371847
0.0365499
0.769808
1.62061
0.175977
1.90899
-0.12905
1.26632
-0.0414229
-0.965667
-0.118956
1.57048
-0.0846159
-0.0312805
-0.116468
0.169745
-1.78704
-0.130765
-0.0748004
0.415032
0.0384773
0.144856
0.67472
0.921064
0.166203
0.108509
-1.70543
0.517381
-1.00121
-1.60658
-0.330886
0.144544
-0.193884
-0.0973163
1.33609
1.51737
-0.0077257
-0.0137605
-0.0785427
1.46021
-1.11895
-0.315552
-0.864694
1.91989
-0.10627
-0.173051
0.00887555
-0.287695
0.3686
-0.252311
0.0557715
0.158409
0.124526
-0.139153
1.49249
0.159386
0.226752
-1.02389
-0.487837
0.142009
-0.089624
0.217278
0.119868
0.072239
-1.29406
0.276199
0.743565
-0.209715
0.138502
-0.0453019
0.22313
0.0398866
-1.37898
1.56386
-0.173154
-0.622669
0.176914
0.646023
0.0545232
0.0482148
0.361511
0.112548
1.19129
0.185138
-0.0304578
-0.119819
1.05472
0.108008
-0.182953
-0.156873
-0.123107
-1.19023
-1.28474
1.90514
-0.132197
1.812
1.37084
0.0955791
-0.683356
1.31968
0.268134
-0.0999232
1.6898
0.143351
-0.0589122
0.110829
-0.0769296
-0.143431
1.93704
0.740028
0.278632
0.20292
0.15646
0.100191
-0.0553378
-0.626145
-0.892144
0.756423
0.104345
-0.0464339
-0.1068
-0.503189
0.310465
0.0219307
-0.360425
-0.0416058
1.88404
-0.0639008
-0.202894
0.0603995
1.09102
-0.0567476
-1.75402
1.54454
0.0362624
-0.259353
-0.178566
0.816207
-1.93548
-1.36991
0.0913525
-0.208449
-0.202827
0.102261
0.764582
-0.0537925
-0.139891
-0.144307
-0.240826
-0.124547
1.28725
0.940219
0.186331
-1.95837
1.4873
0.0236503
1.04548
0.116531
-0.194899
0.463978
-1.60386
0.185129
-1.51116
1.23613
0.35984
-0.160116
-0.0196215
0.308717
-0.132447
0.382876
-0.0799822
1.06501
-0.233304
0.330792
1.74403
1.09366
1.71775
-0.764369
0.582436
-1.56669
0.0178759
-0.0299264
0.0179918
1.13597
0.1932
1.0239
-0.110446
0.094259
1.96663
0.0979313
-0.00781078
-0.0373255
-1.77416
0.140708
-0.942939
-0.345544
0.524689
-0.147769
-0.0123404
1.16612
0.0332542
-1.18411
-1.34725
0.178561
-0.0445766
1.36569
0.0902144
-0.639799
0.0678451
-0.273043
1.41264
0.0182981
-1.71236
0.0335506
-0.0448824
0.528041
-0.0297549
1.23204
0.659156
-0.240643
1.18643
-1.91618
-0.104444
-0.059615
-0.00133508
0.144556
-1.5884
0.949433
-1.37342
0.164027
1.28025
-0.0839248
-0.57208
0.174937
-0.93723
0.0665068
-0.165305
0.0173313
1.3864
-0.0528245
-1.11677
-0.149085
1.95396
0.606115
0.0562808
-0.020484
0.13554
0.865071
-0.021631
0.109222
0.232217
0.0379981
1.62667
-0.0241013
-0.0117063
0.792074
-1.1537
0.388609
0.359255
0.0212953
0.120318
-0.414218
1.11519
-0.875986
-0.237781
-0.425446
-0.234477
0.928319
-0.0549183
-0.279054
-0.0541016
0.189297
0.815891
0.236901
-0.0420403
0.743121
0.218937
1.35712
1.66891
0.0445418
0.744394
1.06541
0.102541
0.023341
1.20124
1.32607
0.233557
-0.0753471
0.349531
1.17886
0.298946
1.28714
0.0338645
0.00652576
-1.70473
-0.730585
-0.0268185
-0.12151
0.0560001
-0.326753
-0.961889
-1.065
0.215385
-0.0500413
0.114474
0.74545
0.0909234
-1.37326
-0.134318
0.239417
-1.783
0.0540903
-0.405696
0.231871
-0.156589
0.192616
-0.957676
-0.0205489
-0.0906883
-0.264553
-0.943734
-0.198633
-0.276789
-0.224139
0.0985131
0.214148
-0.0258725
-0.152409
0.0785047
-0.230851
0.157405
-0.42484
-0.164153
-0.0173388
-0.168971
0.0435367
0.247911
-0.0780023
1.20306
0.156189
0.597567
0.272795
-1.66166
-0.371945
0.287244
-0.00237222
-0.474508
-1.56037
1.53412
-0.126783
-0.0523921
-0.0794808
-0.067749
-0.0461323
-0.0170815
-0.041438
0.0805105
-0.128911
0.716533
0.124139
0.0965056
-0.038123
-0.360262
1.67751
1.57486
-0.218351
0.164757
0.0986663
-0.300299
-0.112786
0.0315493
-0.245768
0.543353
1.6361
-0.165722
-0.749131
-0.0350631
1.61243
0.116439
-0.202477
-0.176657
-1.50696
0.0777306
0.187175
-0.551365
1.29528
0.212104
-0.544346
0.222976
-0.110495
-0.0656116
-0.0735395
-0.00730417
0.0140293
0.134645
-0.108599
-1.43259
-1.41098
0.0848678
0.0284472
0.159321
0.182114
0.165904
1.13218
-0.15234
-0.236556
0.031145
-1.81875
0.1637
-1.76667
0.0969723
-0.241123
0.862573
-0.0664546
-0.169165
0.99888
0.250729
1.17833
-0.129173
-0.22312
0.0157081
0.24351
0.609269
-0.106768
-0.302966
-0.0641774
-0.101129
0.113176
0.086735
-1.69505
0.779098
0.103821
0.13698
1.89203
0.309493
-0.0459522
0.541061
0.856456
-0.0579423
-0.00716468
1.47722
0.156435
0.155142
-0.318652
-0.313322
-0.216698
0.18181
0.854586
1.02254
0.0175471
0.69893
-0.0806792
0.869304
0.25836
-0.00848209
1.43421
1.13878
0.30671
-0.0128898
-1.11109
0.305058
-0.181979
1.90317
0.298899
0.928546
-0.0887542
1.75638
-1.75246
-0.00712348
1.07797
-0.0660449
0.402
0.106446
-1.96915
0.111541
-0.167948
-0.0992717
-0.115477
-0.114456
0.908096
-0.102106
-0.150309
-0.0254819
-0.0851493
-0.131339
0.0390583
0.191116
0.166864
0.354784
-0.394632
0.585568
-0.0867053
-0.113667
-0.217394
-0.0790671
-0.121164
-0.747393
0.0496457
1.31147
-1.53927
-0.799966
-0.0948726
0.0863247
-0.176822
0.202208
1.38347
-0.126798
0.245975
0.729174
-0.0611567
-0.232355
1.07852
0.0646422
0.121768
1.77272
0.224766
-0.0909755
-0.170342
0.201375
-0.0705192
0.32564
-1.82222
-0.0905788
1.7268
-1.25255
0.210422
1.12004
-0.00303432
-0.0441636
0.0136476
-0.00943927
0.075019
0.211435
0.0684626
-0.0266843
0.340545
-0.0454957
0.132587
-0.0649068
1.67722
0.295203
0.225494
0.0654444
0.35377
1.9198
-0.571543
0.0275218
-0.0269831
0.0437988
0.00460893
0.0897182
0.270237
0.065172
1.25817
0.553489
-0.204076
0.142324
-0.0696228
-0.200792
0.124766
1.62483
-0.140572
-0.0162462
-0.358864
-0.00299835
-0.0701382
-0.0148903
-1.01085
-0.192703
0.124719
1.11961
-0.40922
0.0765112
-0.0409019
-0.206149
0.591752
-0.0418091
-1.3846
-0.20802
-0.156916
0.120659
0.206162
0.346971
-1.79026
0.105068
-0.0143881
1.25858
-0.0144126
0.0756241
0.0613482
0.122684
1.91434
-1.14281
0.319291
-0.414126
-1.73966
0.0205755
0.19984
1.58497
-0.0585726
-0.0631175
0.75185
-0.547399
-0.362727
1.58286
-0.108182
1.6674
0.302372
-0.282945
-0.317358
-0.186734
-0.156394
-0.0362855
-0.026045
-1.55157
1.15677
-0.0608138
-0.360987
0.0804788
0.107863
0.030307
0.019891
1.77336
-0.17856
0.742558
1.99183
0.113079
0.000108105
0.836335
1.54546
-0.100572
0.0358158
0.0812391
-1.59599
0.0363158
1.31557
-0.681159
-0.0421484
-0.609652
0.0394291
1.71905
0.901189
-0.0446201
1.41792
-0.318538
-0.215582
0.661831
-1.29817
0.02546
0.122776
-1.48974
-0.178582
-0.76774
-0.222837
-0.465013
0.0699816
0.141445
-1.27181
0.116034
-0.00364969
-0.331544
1.37034
0.24498
1.87769
-0.228752
0.148855
-0.0115396
-0.10626
-0.833801
-0.166301
-0.223512
1.72622
0.594402
-0.230737
0.805245
-0.254561
-0.00247879
-0.18994
0.127842
1.50233
-0.034924
0.307864
0.0224774
-0.0432068
0.155814
-0.186866
0.997056
-0.122185
0.0811874
0.123266
0.620037
0.172252
1.90778
-1.99103
0.0133084
-1.19139
-1.30017
1.0927
-0.0843456
0.0769845
-0.136005
-0.109463
-0.167539
0.669354
0.132069
-0.135123
0.959198
-0.00824564
-1.0217
1.82781
0.585716
-0.766444
-0.181676
-0.193013
-0.0462648
-0.150042
-0.612289
0.614115
-0.240657
0.110195
0.931244
-0.396784
1.06086
0.345584
-0.894777
0.696945
-0.271949
-0.445045
0.0770509
0.833947
-0.616862
0.0243305
-0.112174
-0.208526
-1.02368
-1.68379
0.0914377
0.624621
-0.889303
-1.72319
0.139938
0.0460851
-0.327297
0.666852
-0.927154
0.271577
-0.0540673
-0.24967
0.650215
-1.11239
-0.911424
0.143669
-0.0169927
0.140443
-0.116821
0.00455653
-0.113088
0.0168409
-0.209508
-0.0789276
-0.106626
-0.219548
-0.166358
1.11241
0.898405
-0.0984886
0.182649
1.85755
-0.142701
-0.115607
-0.0268688
1.97693
-1.39494
-0.30931
0.77654
-0.0212198
0.194507
0.332428
0.391317
-1.98439
-1.22339
-0.142677
-0.0455228
-0.0629102
-1.46714
-0.109549
-0.0305006
-0.0262249
-0.0176296
0.133849
-0.837586
-1.38735
-1.86844
-0.330791
0.181493
0.00927821
0.201207
1.57022
-1.03841
1.79042
-1.69812
-0.833944
-0.042313
-0.154242
-1.60799
-0.609445
-0.0829973
0.0826984
1.67191
-0.269125
0.0701414
-0.224648
1.90177
-0.234052
1.88113
0.120708
0.0492271
1.23564
-0.0116594
-0.17543
-0.268334
-0.0318131
0.121769
-0.218129
-0.0809222
-0.936637
-0.0957209
0.154658
0.0996549
0.0307919
0.266035
0.558685
-1.19849
0.333765
0.027377
-0.117009
0.0382792
0.528255
-0.0538062
0.481657
0.1779
-0.0148442
1.61814
1.35111
-0.473614
1.48004
-0.142291
-0.12968
-0.0895753
-0.0229069
-1.87547
0.152965
-7.62836e-05
1.355
0.212944
-1.53819
-1.67528
-0.0314029
1.39006
0.337351
-0.172445
0.173077
0.133071
-0.155328
1.9142
-1.10061
0.175878
-0.584463
-0.101021
0.176291
-0.378507
-0.0587942
-0.0139948
1.36918
1.9472
-1.21059
-0.10315
0.421012
-0.284472
-1.26227
-0.00352344
-0.0401983
-0.14438
0.0659097
-0.241079
-0.876299
0.117502
-1.73278
0.0795965
1.78922
0.500645
0.896419
1.84828
1.42936
0.0484793
0.124277
1.3997
-0.0270848
1.98347
0.567989
-0.729273
1.33869
0.144429
0.138483
0.243139
-0.276224
1.80579
-0.461516
0.0107359
0.0925815
1.18003
-0.033632
0.0844319
0.131844
1.71145
-1.26835
-1.67497
0.770282
1.91593
-0.63846
-0.0312652
0.0993385
-0.0623853
0.633083
-0.640777
-0.28841
-0.0184629
0.0474434
0.439506
-0.0639144
-1.68066
1.62389
0.038474
0.390972
0.0719637
0.815481
0.756306
0.212603
-0.141927
-0.0818398
-1.70082
-0.0151733
0.439952
-1.10678
0.0829596
0.894068
-0.0639255
-0.273314
-0.103617
1.11056
0.173385
-0.203301
-0.314957
0.0504125
-0.989765
-1.06343
0.0175473
0.0381228
0.184655
1.39649
0.114899
-0.154724
-0.193343
0.0714592
0.166152
0.0667212
0.151633
-0.190336
1.32723
1.54846
1.03137
0.090053
-0.959976
0.760147
1.31433
-0.407787
0.604914
1.65192
0.317664
0.325835
-1.7555
-0.00801759
0.0984397
-1.96232
-1.97928
0.0417331
0.547549
-0.995597
-0.978299
1.71632
-0.0772119
-1.0375
-0.0337465
0.112494
0.0677499
-0.235644
-1.74672
0.0873347
-1.27038
-0.254786
-0.326027
0.0374427
-1.15647
1.85848
-0.117018
0.774562
-0.176876
0.26619
0.457048
-1.63799
-0.183896
0.339277
-0.56826
-0.0199179
-0.298237
-0.0424001
-0.324819
-0.248443
-0.117225
-0.18492
1.79435
-0.150009
-0.145004
0.116013
-0.0732958
0.157553
-0.688379
0.00750117
-0.140079
0.685899
-0.267069
-0.659761
-0.016101
-0.0717847
-0.277079
0.724761
0.797421
0.696812
-0.960361
0.266999
-0.276282
-0.0110254
-0.448421
0.0159999
0.692094
-0.615051
-0.139967
-1.60304
-0.0898039
0.249109
0.00222016
0.0824791
0.274719
-0.104565
-1.18716
1.47604
-0.0212815
-0.145114
-0.29391
-1.80945
1.90495
-0.113328
-0.225415
0.941342
-0.116702
1.64056
-1.20084
0.196572
1.16196
0.563602
-0.0201092
-0.165825
0.827802
0.492189
-0.0598088
-0.785753
0.193681
1.04297
0.148514
-0.125697
0.165803
-0.787126
1.48638
-0.189344
-1.43774
-0.0789879
-0.169595
-0.578304
-1.97262
0.850573
0.155265
-0.000480519
-0.032353
1.69429
-0.368909
-0.0973081
1.1904
0.248483
-0.0546931
-1.41568
0.294344
-0.0181925
-0.133111
0.182299
-0.00764071
-0.767292
-0.0513535
-0.259313
0.113679
-0.153118
-0.119362
-1.89115
-0.115426
-0.792021
-0.0171894
0.0576171
0.0515853
-0.087184
0.148689
-0.484416
1.50041
0.0227804
0.014782
0.167555
-0.0193229
-1.4272
1.42068
0.0141407
1.55324
-0.182915
-0.268455
1.42344
1.00459
-1.2302
-0.203168
1.92899
0.304026
-0.0086199
0.290795
-0.0895034
0.604467
-0.251487
1.16151
0.237828
-0.121028
0.193574
-0.288553
-0.166416
-0.0440198
-0.215405
0.0264484
-0.300129
-1.23354
0.0880771
-0.179162
-0.222266
0.099366
-0.772831
-0.561197
-0.246241
-0.903642
-0.0407476
-0.86475
1.32771
1.90006
-0.448107
-0.167188
-0.148413
0.553977
0.254512
-0.177698
0.220591
-0.146916
0.0550414
-1.65691
-0.123938
-0.025611
0.629419
0.188452
0.205652
0.0785546
-1.78111
0.799408
1.326
-0.182727
-0.261639
0.00647276
0.0822049
0.107329
-1.7337
-0.364143
-1.36794
-0.25453
0.957962
0.164362
-0.403186
-0.0941704
0.0441261
0.116343
0.037516
-0.285878
-1.67756
-1.97857
-0.0649618
0.0189156
-0.136748
-1.18547
0.704516
0.0832454
-0.00847329
0.0345727
-0.319774
1.36088
-0.00135956
1.92972
-0.220633
-0.0266373
-0.113086
-1.75856
0.236779
-0.638238
1.39894
-1.35504
-1.45483
1.76308
1.30435
0.204072
0.287661
0.109302
-0.306214
0.219427
-0.127932
0.454058
-1.26959
-0.212448
0.661373
0.105152
0.190365
-0.185597
-0.0564707
0.418144
0.107803
0.124638
0.794523
-0.0370705
1.09428
-0.24202
-1.64409
0.0937096
0.0485602
-1.0142
-0.100665
-0.202137
-1.30032
1.29766
1.78731
-0.0315472
0.303711
-0.138857
0.0929892
0.333295
0.504918
0.0618485
-0.775512
0.0160522
-0.0333965
-0.491709
-0.118789
-1.29078
-0.236433
1.61196
-0.00809378
0.462416
-1.00704
0.26797
0.000836374
1.60431
-0.154731
-0.650777
0.957365
0.126368
0.382998
0.0147865
-0.160788
-0.103658
-0.578942
-0.828491
0.0558661
-0.285257
-0.75117
-0.197195
-0.118634
-0.430303
-0.900851
0.430971
-0.0169944
0.0907698
-0.355166
1.34466
-0.0309011
-0.359023
-0.013861
-1.09878
-0.0735812
0.383746
0.864074
-0.729499
0.146156
-0.147399
-1.74471
-0.0441343
-0.140049
0.136622
1.86936
-0.018858
-0.155706
1.92305
-1.97522
-0.1698
0.109286
0.062148
1.61177
-0.265759
-0.0250324
1.49779
0.609339
1.11735
0.273483
-0.0832715
-1.48633
0.0847314
-0.0429894
-0.064276
-0.351791
-0.106603
0.302148
-0.51136
0.584394
1.81005
-0.252068
-1.68098
-0.123138
-1.24094
0.0770765
-1.2315
-0.726693
-1.34994
1.58348
0.0881874
0.0436079
0.14326
-0.427577
0.169325
0.0287296
-0.161842
-0.0823646
-0.125268
-0.0807692
-0.317068
-0.231784
1.77287
0.0364627
-0.344269
-0.946606
0.271118
0.621837
-0.00693243
-1.1334
-1.87275
-1.92946
0.148362
-0.10321
-1.86706
0.135914
-0.164173
-0.0656424
1.6182
-1.73815
-0.926334
-0.649525
-0.196028
-0.161427
-0.00342717
0.148637
-0.313674
-0.146214
-0.0490764
-0.0838537
0.234761
0.573962
-0.0184922
-0.214507
-0.117325
0.412342
-0.0281631
-0.226467
0.463934
0.253809
0.00999923
-0.198024
-0.988928
-0.695281
-0.0542608
0.0183647
-0.95155
0.129372
-0.196169
-0.0405428
0.23305
-0.118538
-0.240988
-0.292689
0.811756
0.627785
0.282334
-0.0305614
-0.077121
-0.0252356
0.966454
0.0911772
0.140688
-0.0763409
0.0510046
-0.849485
0.0699309
0.291339
-0.390595
0.219797
1.3151
-0.831987
0.0768866
-0.0408872
0.944071
-0.12699
0.0160763
0.202662
0.372529
0.149733
-1.31078
-1.59725
0.196394
0.0356628
0.0859973
1.96175
0.132329
1.85317
-0.0211543
-1.39818
1.95384
0.101637
-0.0362228
-0.0516439
0.11575
1.26724
1.51859
-1.64261
1.58009
-0.118328
0.0778404
1.56899
0.277187
-0.113354
0.388267
0.294494
-0.119471
-0.140059
-0.29107
0.189917
-0.442726
0.945481
0.0286028
-1.99877
0.916623
1.26764
-0.367814
1.04945
0.190498
-0.0835669
-0.0109974
-0.722216
0.270635
0.000308286
-0.804803
-1.0813
-1.73496
-0.202701
0.0147338
0.925503
-0.0767278
-0.126781
-0.937309
-0.492903
-0.216834
0.309414
-0.163109
-1.37822
-1.93623
-0.0737902
0.00632648
0.0807818
0.177547
1.54599
-0.0257651
-1.56978
-0.366869
-0.545232
0.0478588
-0.0276629
-0.168885
0.952475
1.87736
0.246425
0.200662
-0.0316516
-0.00406956
-0.279429
1.82243
1.74114
0.206855
-1.73159
0.208627
-1.5135
-1.23851
1.08609
-1.51533
-0.0526587
-1.40087
-0.162864
0.944261
0.254732
-0.364484
0.734923
1.13402
0.096093
1.87017
-0.0948255
-0.24885
-1.41376
-0.167485
-1.94359
0.151904
0.0837542
1.79471
0.00195253
0.187577
1.94301
0.146166
-0.154712
-0.190202
0.123478
0.21185
-1.5141
0.0867343
0.20696
-0.00947134
1.40779
1.22348
0.00962693
1.23226
0.129898
-0.158422
-1.65632
-0.158702
1.93479
-0.71026
-0.21405
1.49946
0.132481
-0.193537
-0.304837
1.88293
0.204169
-0.122918
0.159981
-0.181341
0.0701377
0.83374
-1.66504
0.359851
0.129125
0.712833
0.944652
0.0166391
1.15479
-1.94056
-1.87022
0.0203093
0.764993
0.327133
0.0992671
-0.000120319
-0.219459
0.0341961
-0.00613626
0.134833
0.31341
1.15405
-0.221994
-0.0825241
-0.362807
0.14219
-0.303351
0.423799
0.272594
0.177981
-0.668863
-0.353849
0.718229
-0.231821
0.182214
0.133753
-0.224533
-0.82942
-0.140216
-0.0698557
-0.0453811
0.388411
-1.71664
0.218251
-0.345245
1.59847
-0.609052
0.548161
-1.92545
1.10175
-0.0556749
-0.102015
0.031263
0.000117034
0.052959
1.72747
-0.0312942
0.119114
-0.837646
0.983233
0.282212
0.348351
-0.354859
1.98747
0.106935
-0.0166074
0.514944
-1.28678
0.052154
1.62215
-1.75663
0.0694991
-1.43
0.658006
-0.300793
-0.255872
-0.104445
1.48677
0.137103
-0.203924
-0.595137
0.622083
-0.0229642
0.0126231
-0.172573
0.207629
-0.0548508
0.0148975
-0.0365843
0.559566
-0.0128127
-0.60222
0.414185
-0.0420358
-0.286215
1.03041
-0.0327588
0.197128
0.0560921
1.95662
-0.16042
-1.93597
0.000883177
-0.139471
-1.17348
-0.187082
0.0380393
-0.776527
-0.0192351
-0.245694
-0.149017
0.0571411
0.198216
-0.024021
-0.142105
0.504155
-0.269993
-0.24393
-1.06039
-0.303196
0.600968
-0.126267
0.123116
-0.186543
-0.037249
0.00352612
-0.611673
-0.250724
-0.0957148
0.241021
1.99189
0.0177038
0.0131741
0.0541164
-0.0132932
0.964623
1.67077
-0.162853
-0.010099
-0.752539
-0.0323349
-0.126361
0.0243382
-0.210866
-0.0397405
1.73727
0.424363
-1.07652
-0.164235
0.0968311
-0.00720923
-0.146219
0.606582
0.00534166
-0.107554
0.63467
-0.0375797
0.119409
-0.953955
-1.14824
-0.165139
-0.143069
-1.09957
0.185195
-1.99972
1.02578
0.101893
-0.701952
-0.031734
-0.192373
-0.0273076
-1.01813
-0.0363783
1.27985
-1.11288
0.533289
1.04501
1.76118
-0.132031
0.704622
0.0510465
0.20234
0.066793
0.588753
-0.0173991
0.0427197
-0.345137
-0.107603
0.121878
0.0840467
0.157389
0.0326799
0.117905
-0.0459208
0.00143176
0.00269432
-0.112883
-0.197401
-0.643791
-1.26621
0.13708
-0.0371963
-0.108862
0.219823
1.83318
0.0112321
1.9501
0.152984
0.177543
-0.0187163
-0.0211943
-0.045144
0.198781
1.24359
0.403041
0.0116044
-0.329068
0.824172
-0.0214345
-0.0913463
-0.521175
-0.214434
0.166719
-0.359915
0.314647
0.0734833
0.858942
-0.068743
0.679244
-0.824115
0.0844869
1.55717
0.329135
0.0745377
0.0502393
0.667915
1.48804
-0.00159034
-0.767534
0.482445
-1.33732
-0.00891922
0.0685158
-0.136358
-1.09399
-0.130522
-0.0293766
0.0233287
0.0844238
-1.85918
0.153599
-0.761642
1.9265
0.197058
0.176168
0.0447484
-0.127974
-0.350616
-0.166518
-0.193296
0.850558
-0.0255214
-1.21112
0.0942369
1.94897
0.64174
1.52261
0.840346
0.0322706
-0.263895
-0.186439
0.289923
0.262907
-0.361158
0.0359551
0.686417
0.0129317
0.523568
-0.112982
0.170775
0.0844845
0.397977
0.231699
0.752792
1.57605
-0.285181
0.115439
0.256145
-0.330528
-0.00486662
-0.453515
0.0581834
-0.328947
-0.168743
-0.00178553
-0.957634
0.831314
-0.0222485
0.617741
0.15814
0.432192
-0.429085
-0.232003
-0.0277183
-0.132501
-0.0439943
0.0360571
1.5815
-0.108865
-1.55933
0.0297749
0.147039
1.5803
1.03271
-0.0409627
1.3142
1.05148
-0.0535195
0.194784
-0.0146964
-0.408357
-0.072172
-0.197985
-0.238882
-0.169624
1.98813
-0.108432
-0.260327
0.130513
-0.237948
0.242196
-0.300704
-0.292071
1.3326
0.00294493
-0.100059
-0.0805255
-1.04668
-0.0976437
-1.00603
-1.6047
-0.056259
-0.153186
-0.17491
1.34616
0.126493
-0.0308333
-0.00427663
-0.257612
-0.0324219
1.79721
0.698168
0.831466
0.879712
0.0208218
-0.182408
0.000438478
-0.825917
-0.00645266
-0.197447
0.141814
0.481313
-0.736628
0.0265598
0.0321235
-0.0314186
0.0347478
-0.0735513
-1.4828
-0.0590239
-0.280467
-0.134906
0.00608805
-0.305002
0.0431755
0.0857813
-0.187361
-0.152615
-0.109265
-1.73212
-0.354717
1.02265
-0.629363
1.02161
-0.159419
1.13992
-0.269591
0.262515
0.133295
0.0805646
-0.127526
-0.0580305
1.45053
0.0437456
-0.296045
-0.162878
1.71434
-1.7599
-0.0847444
-0.0372317
0.0270627
-0.829539
-1.89513
0.124915
0.153993
-0.109388
-0.169986
-0.962955
-0.297538
-0.0415381
-1.70994
-0.500584
-0.256698
-0.112355
-0.0403763
0.202926
1.91858
-0.0534709
-0.128267
0.0181076
1.27135
0.341075
-0.0702146
-1.75793
1.05702
-0.0143886
0.095108
-1.50376
-0.00910503
-0.138379
-0.0661709
-0.135998
-1.06992
1.66615
-1.78694
-0.131197
0.017289
-0.0357966
0.399842
1.34274
0.00830558
0.21606
-0.857584
0.00238594
-0.0226949
1.72689
-0.00686486
-1.45234
-0.0706088
0.0655112
-0.0839602
-0.0991466
-0.332464
0.0674181
1.08563
0.879616
1.13683
1.83534
-0.22537
-0.0896292
-0.445438
-0.000108596
0.147064
0.120555
-1.83892
0.215585
-0.109631
-1.72825
0.89574
-0.967437
0.0967928
-0.170602
0.0164492
0.0557607
0.203612
0.00223853
0.263293
0.799262
-0.376202
-0.132808
1.95689
1.71955
-0.0752338
-0.129857
0.932371
0.556688
0.0488055
0.0483221
-0.12371
-0.0959991
-1.02006
-0.358504
-0.310894
0.0554095
-0.747557
-0.242197
0.96717
-0.0918429
-0.403121
0.669981
0.0343899
0.335865
0.0330519
-0.0195515
0.877143
-0.154594
-0.17414
0.16915
0.323044
1.47918
0.0312666
0.100895
-0.153229
-0.0638963
0.187587
1.69892
-1.2519
-1.77788
0.0824857
0.609408
1.47466
-0.56391
-0.877611
-0.211503
1.97196
1.71885
0.845981
0.35009
-0.494803
1.82941
-0.382161
-0.2968
0.156654
-0.0938764
0.162197
-0.115682
-0.0450529
0.216453
0.433344
0.0122068
0.294822
0.00136033
0.198529
0.147366
0.0473244
-0.153525
1.34629
0.935375
0.146165
1.29406
0.0111614
-0.207214
0.100709
0.0507169
0.458643
-0.130111
0.0145694
0.19701
-0.0252529
1.09657
-0.189204
1.41691
-0.239321
1.29996
-0.016682
-1.29794
0.475642
0.0291569
-0.0738217
1.83064
-0.163167
0.0185275
0.973432
-0.0267715
-0.937768
-0.591509
0.037146
0.14106
0.170774
-0.457735
0.1078
-0.490367
-0.355629
0.0513947
0.450883
-0.0329999
-0.116377
-0.183341
0.525273
-0.178198
-0.374072
-0.873729
1.73049
-0.196433
-1.26616
-0.215118
-0.29351
0.318707
-0.016769
-0.818821
-0.235968
-0.0733542
-0.0407079
-1.94588
0.0393351
-0.103291
-0.460599
0.234535
-0.107625
-0.0833744
0.147169
1.12933
0.534826
-0.092146
-0.0698831
-0.276129
0.397262
1.08509
0.174436
0.0754254
0.16599
0.266556
-0.779965
0.107609
-0.115405
0.129052
-0.0814304
-0.0538885
0.59751
0.472213
1.59913
-0.0946811
0.20791
1.97729
-0.081696
0.184737
1.95466
1.64283
0.498754
-0.848372
0.0751536
0.0119051
1.86878
0.200084
0.134165
-0.086588
-0.15309
0.122776
-1.65114
-0.526096
-0.313873
-0.0792803
1.10167
-0.386334
-0.232593
-0.139309
0.100777
-0.0614926
0.0827523
0.13708
-0.270386
0.342746
-0.0604661
0.0450536
0.862578
0.61596
-0.0367254
1.93177
0.660487
-0.133286
0.638448
0.0304066
0.29021
0.203966
1.12736
-0.205916
-0.788809
-0.0587472
-0.309101
-0.349011
0.105738
-0.23507
-0.235162
-0.171451
0.146389
0.0249837
-0.00474998
-0.130925
0.216858
0.249535
0.291878
-0.289918
0.0284518
0.295116
0.0428736
0.208481
0.159276
0.133715
0.915323
-0.210548
-0.0421281
-0.363281
0.0503683
0.202191
-0.0273097
-0.0476224
-0.0928968
-0.20918
-0.394592
0.0398028
0.0986162
1.42032
1.23054
-1.89965
0.668199
0.269505
1.12205
1.75773
-1.63023
0.655165
0.0747796
0.0559281
0.0596671
-0.0866323
-0.0179589
-0.10685
-0.246613
-0.104268
0.287564
1.52727
1.18571
-0.337471
-0.766764
-0.298307
0.0765032
-0.564691
1.19222
1.2223
0.750284
-0.131997
0.196887
-1.85818
0.826327
-0.25284
0.0789232
-0.0487979
0.126111
-1.45487
-1.71316
-1.48466
-0.00417651
0.0495842
0.120034
0.23191
0.226682
0.247668
1.48872
1.77243
0.639198
-0.265857
0.978321
-1.5416
0.120316
-1.94421
-0.508889
-1.27856
0.155244
-1.34736
-0.544408
0.184756
0.167409
0.183971
-0.871143
-0.0705968
-0.0808624
0.0592083
0.0547964
1.77384
0.166624
-0.0518153
-0.135555
-0.148757
-0.0145907
-0.126049
0.124806
0.767344
-0.427341
0.108444
-0.00199901
-0.0148759
-0.039263
1.0825
-1.20901
1.16626
-0.150252
-1.03339
-0.0225623
-1.09514
-0.14225
-0.110873
1.70305
0.175124
-0.0226146
1.2053
-0.000282693
-0.218797
-0.0713345
0.198142
0.423009
-0.0168964
0.00482967
-0.243883
-0.128538
1.85377
-0.940688
0.380807
-0.0676433
0.0267457
0.122221
-0.0275385
-1.37355
1.08718
0.130177
-0.103108
0.456031
0.185521
0.129057
-0.116132
-0.207361
-0.114312
0.11138
-0.0355158
-0.0701625
-0.854121
0.156793
1.24974
-0.12603
-0.011096
0.138458
-0.213136
0.113891
-1.34582
-0.196783
1.99587
-0.00182912
0.742322
-0.23424
-0.19001
0.986694
0.170901
0.479375
0.916921
-0.166179
0.0672822
0.489237
1.67598
0.212128
-1.72852
-0.387915
-0.00336125
-0.0478395
0.410672
0.158664
-0.275474
-0.138369
-0.0614287
0.341152
0.114215
-0.191609
0.936215
1.8602
-1.72407
0.140356
1.97457
0.154768
-0.0486938
0.148703
0.0668423
-0.680745
-1.82608
0.0743999
0.18268
-0.00896687
0.511243
-0.0151007
0.317059
0.305867
0.0840733
1.32112
0.21921
0.121353
-0.767337
-0.0938952
-1.19341
-0.100752
-0.0310207
0.0136365
-0.144354
-0.0599049
-1.07135
-0.689703
-0.106131
-1.605
0.118156
-1.24481
-1.85345
0.187673
-0.101447
0.00160121
0.024182
0.0856769
-1.33566
-0.237274
0.0324378
1.93061
0.262587
0.0654919
0.0915066
0.0002317
0.02201
-0.190623
-1.98718
-0.180086
-1.08265
0.660939
0.117224
1.85694
0.0796073
-0.715499
-1.9627
-0.074049
-0.903842
-0.158725
-0.254824
0.086717
0.121444
-0.0908758
0.415113
-0.011438
-0.228023
-0.171278
0.07577
-0.169141
0.248521
-0.00551604
-0.247112
0.16996
-0.167585
-0.559789
0.0530019
0.736458
-0.161088
0.789895
0.500777
-0.195473
0.564573
-0.116473
-0.0532951
0.0573235
-0.369691
1.94578
0.0764697
-0.134198
-0.0248669
-0.0513578
1.7216
0.677536
0.10195
1.92834
0.144581
1.71341
-0.255244
0.255669
-0.245092
-1.4747
0.00247503
-0.895972
-0.197646
0.0121068
0.176538
1.52933
-0.410672
-1.17087
0.0605758
0.277429
0.0224156
-0.166178
-0.456485
-0.17127
0.124714
0.0342448
-0.129307
0.0263539
-1.80972
0.276389
-0.442306
1.05532
0.135953
0.280346
0.0494882
1.35778
-0.518984
-0.0249704
0.0144389
-0.371463
0.134329
-0.167643
-0.146601
-0.817966
0.221543
0.0131192
-0.0671981
-0.123404
0.120234
0.376644
-0.261913
0.924091
-1.82452
0.0673157
-1.76505
-1.95485
0.0589379
0.0602197
-0.433435
-0.0380525
-0.102356
0.995503
0.119042
0.251802
-1.10891
-1.59413
-0.00362868
0.619148
-0.170706
-1.31709
1.27197
0.190863
-0.134667
-0.89098
0.0300365
-0.011033
-0.0925789
0.306636
0.397555
-0.0348095
0.213001
-1.63848
-0.215613
-0.817292
-0.29213
-0.083416
-0.571845
1.25503
-0.224172
0.160337
0.140336
0.0223516
-0.131815
-0.335584
-0.0900468
0.109329
0.376526
-0.280446
1.31435
0.0520783
-1.77649
0.0278536
0.765821
1.27239
1.43279
1.84712
-1.08201
-0.00283887
1.62898
0.0854918
-0.827991
0.0060794
-0.0602738
-0.0982207
-1.0551
-0.0754786
-0.988524
-0.188491
0.696316
0.522661
-0.410779
-0.0422222
-0.148421
0.982805
0.594995
0.0562933
-0.085335
0.0340761
0.357705
-0.257721
-0.105269
0.0189017
0.235624
0.0194069
-0.232725
0.0140238
0.0285851
-0.0572164
-1.89498
-0.137787
-0.0424927
0.0863808
-1.95804
0.00616143
0.0778368
-0.107498
0.0256434
-1.87292
-0.00173243
0.0137035
-0.0359905
-0.0411286
-0.504114
-0.0679831
-0.0534401
-1.3505
-0.277407
-0.0589669
-0.279738
-1.08253
1.08782
-0.286216
0.0935065
-0.213966
0.00759141
1.69663
-0.28124
-0.32658
-0.113006
-1.09567
1.67651
-0.0290468
0.0251194
1.97037
1.48355
0.0169577
-0.122403
-0.100349
-0.537655
-1.55568
0.759882
-0.273292
-0.180877
-0.21621
-0.371534
0.0044254
0.144826
1.90996
-0.946848
-0.116785
0.249063
-0.0167669
-0.0759598
0.33359
-0.0164286
-0.247366
-0.39272
-0.181924
1.60207
0.745596
-0.107941
-0.0738115
-1.62803
1.88593
1.63
-0.786207
-0.104409
1.6101
0.199706
0.771682
1.93056
0.96927
0.658161
0.211604
-0.0525377
-0.292083
1.10295
-0.0177093
-0.0354806
-0.166533
-0.0777888
0.0464941
0.328876
1.39559
0.134188
1.52369
0.024993
-0.503416
-0.690875
0.114876
-0.362307
-0.249144
0.100161
-0.10495
-0.362771
-0.218631
0.136231
-0.058739
-0.0201223
0.105863
0.0439533
0.153285
-0.103205
-0.380933
-1.5133
0.278934
0.0196346
-0.191745
-0.591592
-0.156647
0.171165
-0.117324
0.0540481
-1.24536
-0.22561
0.196493
1.69093
-0.0809511
0.032789
0.416448
-0.049975
0.143503
1.18576
-0.553168
-0.0299562
-0.165766
0.356627
0.119227
-0.220582
0.0167444
-0.0532988
0.692577
0.00361388
0.138095
0.156697
1.1266
0.124531
-0.101243
-0.139381
0.0325941
1.42265
-0.12019
1.85184
-0.399375
-0.239856
-0.29709
1.99585
-0.0937452
-0.25253
0.0174934
-0.190706
-0.171789
-0.189071
-0.152676
0.119489
-0.201937
-0.291339
1.51988
0.223231
-0.101846
0.0528636
-0.325432
0.670404
-0.0442065
0.236642
-0.574867
0.0428889
-0.00898761
1.15315
0.110197
-1.86008
0.0853557
-0.171747
1.71123
0.0643129
-0.0143682
-0.722376
-0.0185657
-0.798493
0.0375183
-0.740723
0.136526
-1.75517
-0.0658296
-1.79615
-1.31308
-0.215221
0.239475
0.42644
1.34156
-0.0255521
-0.126225
-0.0513764
-0.135654
0.0586201
0.0412505
-0.137474
0.0858176
-0.00929716
0.245892
-0.327291
0.974857
-0.0109688
1.59558
1.31568
0.112979
-0.324299
-0.0643509
-0.284518
0.0699475
-1.90858
-0.0211805
-0.131505
-0.723245
0.099806
0.212613
-1.001
0.167119
0.139958
-0.00416783
1.95991
-0.0326631
-1.04054
-0.169937
-0.347093
0.83127
-0.0818953
-0.020499
-0.0422375
0.423394
1.15092
-0.0519074
0.100741
0.356115
-0.345545
0.320806
0.0717711
-0.157652
1.68552
0.0186008
0.0561398
0.161546
0.185888
-0.323113
1.3281
0.0455856
0.0590806
-0.137223
1.11028
1.32843
-0.024019
1.69284
0.609144
-0.112309
-0.129092
-1.43008
-0.00270491
0.0494935
-0.118817
-1.58471
0.165554
0.504672
0.154503
-0.21555
0.228358
0.0225354
-0.163775
-0.615957
0.530535
0.0817928
0.160528
0.870852
-0.408457
0.20669
1.11582
0.0641247
-1.98424
-0.184466
-1.41755
-0.320956
0.744632
-0.0783625
-1.76759
0.184157
-0.0671078
0.13603
-1.56582
-0.0498779
1.58969
0.284568
0.492284
0.0533319
0.882471
-0.169547
-1.0832
-0.531694
0.0204942
0.0697614
0.018035
0.00119537
-1.44302
0.169806
-0.0152415
1.83781
-0.291059
-0.0579476
-0.155279
-0.0490831
-0.0368605
-1.90918
-0.0256341
-0.194083
-1.79708
0.0560109
0.936046
-0.0426504
0.0154417
-0.0279115
0.0302006
-1.78699
-1.8264
0.0168278
1.85455
-0.0153755
0.0294133
-0.0777583
0.085241
-0.0499551
0.156439
-0.263079
0.0538883
-0.154371
0.123033
-0.407211
1.0915
0.129967
-0.186695
0.142037
-0.0326094
-0.111189
-1.50857
-1.16904
0.458025
-0.170425
1.15398
-1.45234
-0.140853
1.18869
0.904688
0.1432
-0.0467793
0.666818
-0.0466248
-0.657792
-0.00618929
-0.181815
0.200058
-1.78621
0.266537
0.104484
-0.708754
0.137713
0.0079282
1.74604
0.0817882
0.205559
-0.0472463
0.333574
1.03175
-0.891967
-0.274593
-0.0610027
-1.49592
-1.03051
-0.0417816
-0.410436
-1.62232
-0.00546659
1.64777
-0.0919721
-0.432246
1.89771
1.05918
0.208073
0.295444
-0.190511
1.64364
-1.8445
0.131711
0.0174253
0.338642
0.205556
-0.461704
-0.886015
-0.11087
-0.129919
-0.0677719
-0.24538
0.0383613
1.70677
0.199648
-1.39998
-0.068931
-0.454644
-1.38831
0.203439
-0.245249
-0.164619
0.0196281
-0.0187082
-0.37308
-0.106293
1.18241
0.577153
-0.14507
0.317756
0.114271
-0.0386536
-0.0101578
1.71668
-0.954562
-0.0835692
-0.0136609
-0.0690556
-0.0306134
-0.175289
0.159888
-0.135399
-0.274477
-0.227848
0.418976
-1.74018
-1.53946
-0.177216
-1.6084
-1.34996
-1.80621
0.252878
-0.108072
-0.0273526
-0.0671295
-0.230017
1.58177
0.142478
0.0877625
-0.200024
0.102414
0.475529
-0.0133615
0.0112445
0.0123643
-0.0865997
-0.75635
0.443022
-0.0592309
-1.20716
0.178477
-0.739005
-0.164716
-0.152337
-0.112338
0.00673813
0.161959
-0.0336508
-0.773881
0.10641
0.833942
0.15732
-0.0901551
0.0821903
-0.416338
-0.0757107
0.260953
0.0371518
-0.306202
-0.000945742
-0.109315
0.356043
-1.30206
0.776313
-0.43313
-0.0265282
0.206251
-1.4287
0.590337
1.40787
0.0871979
0.0209951
-0.0360347
-0.0104236
0.130489
0.173155
0.523254
0.0044993
-0.114901
-0.0155557
0.42071
-0.107075
1.33017
-0.0236108
-0.394606
1.49403
-1.62326
0.717054
0.160616
1.74388
-0.732644
0.19158
-0.0513589
0.361937
-0.301771
0.0542166
-0.499404
0.993699
0.140852
0.017009
-0.0629586
0.0287181
-1.87554
1.01726
-0.173205
-0.0417273
-0.205052
-1.95215
-0.076847
-0.484302
0.258262
1.08511
0.0503132
0.0389835
-1.34468
-0.21941
0.189925
-0.0940022
0.280118
-0.0831322
-1.19573
0.289877
-1.52799
-0.922792
0.104906
-0.278766
0.549447
0.992772
1.89114
-0.0415686
0.119477
-1.85356
-1.70832
1.14097
-0.143085
0.248717
