-0.125246
-0.40769
-1.36689
-0.174303
0.16108
1.12863
-0.102497
-0.838329
0.281204
1.72333
0.0152385
0.105415
0.206481
-0.700039
-0.232873
0.181096
0.354891
-0.252081
0.0526847
-0.431115
0.725074
0.338314
0.0250048
0.190269
0.0679574
-0.195785
1.04368
1.25456
0.149048
-0.076585
-0.0350138
0.289409
0.306909
1.16645
-1.94778
0.352032
0.236463
-0.205432
1.13628
0.175414
-0.121934
0.065389
-1.33018
-0.0745523
0.0136718
0.3564
0.139843
-0.470521
0.0780535
-0.0338873
-0.103041
0.0426489
0.193485
0.160654
-0.90808
0.315083
-0.0827969
-0.120962
0.0652742
-0.0474941
0.0022833
1.46749
0.0471461
-0.458966
1.58387
0.0146055
0.0161658
-0.12177
-0.0397709
1.84894
-0.140267
1.1323
-0.210417
-0.196962
-0.192133
0.22702
0.111851
1.96762
-0.0212771
0.246762
-0.595721
-0.0176925
-0.0274483
-0.0868366
0.165564
0.185843
1.6077
0.0485128
0.831059
0.336451
-0.263818
0.183743
-0.0108269
0.0816708
0.00878554
-0.0252557
-0.0876238
-0.164161
-0.169791
-1.50321
0.0118365
-1.97368
-0.0868129
-0.882779
-0.159992
0.224835
0.242839
-0.124026
-0.379391
0.0170324
0.0381255
0.0419559
-0.812519
0.496184
0.102255
0.0718589
0.568389
-0.283149
0.0846184
0.0401736
0.890866
-0.140906
0.343904
-0.176247
0.162968
0.740795
-0.0894066
0.14027
0.242213
0.00736662
0.0227583
-0.495988
0.101848
-0.12428
-0.0501997
0.192015
-0.356793
-0.00812827
0.0486787
-0.726941
-0.308148
1.9995
0.187756
-0.0829647
0.167038
0.267408
0.045341
0.154807
0.714993
0.0181474
-1.50767
-0.0420298
-0.166303
0.0263604
-0.443589
-0.0088225
-0.039499
-0.325572
-0.033937
-0.718452
0.364916
0.0207063
-0.0164629
-0.142456
-0.14493
0.179209
0.00660923
-0.0507448
0.326808
0.0365289
-0.2959
0.687635
0.026808
0.188059
-0.31323
0.0982401
-0.092897
0.00973375
-0.200446
0.141386
-0.148776
1.27088
-0.223999
0.0651941
-0.186975
-0.133118
0.0740502
-0.22922
-0.00992538
0.0910833
-0.0319747
-0.0402264
-0.107229
0.50918
0.0788354
-0.18695
1.28994
-0.037992
0.173739
-0.150997
-0.400978
0.161164
0.0465837
0.346808
-1.37951
0.27868
0.0226219
-0.353119
-0.208114
-0.222506
0.24746
-0.282939
0.0209898
0.467293
0.0855174
0.0361292
-0.0894497
0.266603
-0.173798
-0.24056
-0.138647
0.173932
-0.0400555
-0.566983
1.32491
-0.216854
-0.238104
0.0442037
-0.113252
-0.0407984
-0.0231287
-0.181157
0.145614
0.0325502
-0.261437
-0.0589874
0.0868139
1.09281
-0.116124
1.34881
0.354833
0.0159875
0.121609
-0.425326
0.192573
-0.3093
0.00642742
-0.0920681
-0.0807625
-0.0847885
-0.0226284
0.145259
0.415354
-0.0858167
0.0201259
-0.106154
0.0522732
0.825934
-0.381402
0.275105
-0.989764
-0.0327214
0.16546
0.304742
-0.0375974
0.0935893
-0.52672
0.404035
0.271555
0.257206
0.119362
1.98909
1.9045
-0.14904
-0.045648
0.0475625
0.104274
0.268288
-0.206673
-0.00295543
-0.316079
0.0830755
1.75262
0.0193581
0.262377
0.00240213
0.00839548
0.0251267
-0.0741557
0.0191022
-0.0555087
-0.0548588
0.0433072
0.0160737
-0.266862
0.281769
0.0659503
0.25249
-0.107057
-0.0509251
0.263075
-0.0407405
-0.00303102
-0.156718
-0.191714
0.896952
0.214415
-0.561903
-0.21556
-1.98389
0.112378
0.0816424
-0.0638549
-0.0381534
-0.111085
0.213452
-0.0655358
-0.0423411
0.838287
-0.150045
-0.245846
0.0256699
0.048074
0.0600758
-0.332586
0.0988197
-0.158135
0.104271
0.259992
-1.61091
0.616761
-0.84437
0.11536
0.0310087
0.259474
0.00440793
-0.800052
-0.293132
0.0935961
-0.031428
0.241328
0.302941
0.623772
0.0929817
0.209673
-0.0375398
0.00624337
-0.0477956
-0.0967584
0.11963
-0.082696
-0.106111
0.0539012
-0.288982
0.870118
-0.335832
-0.0981794
-0.0493485
0.0917354
0.274638
-0.123727
0.32969
0.387192
-0.180581
-0.365538
-0.268027
-0.0726083
-0.383055
0.484934
0.00832601
0.0397178
0.0250759
0.073659
-0.00468388
-0.171834
-0.185554
-0.0250323
-0.101288
-0.176833
0.170014
-0.0297809
0.253262
0.234762
0.12821
-0.246974
1.56452
0.0233473
-0.11674
0.000848439
-0.192826
0.0161141
-0.289431
0.00749388
0.115503
-0.180692
1.6415
-0.129343
-1.83025
0.215015
0.143008
0.0357757
0.0440295
-0.224516
0.10108
-0.295614
0.188922
-1.71732
0.162485
-0.037835
0.987183
-0.00556169
-0.129098
-0.872097
-0.0904262
0.126409
-0.111173
-0.00909131
-0.252583
0.0208981
-0.00961
0.0578569
-0.0538873
0.163772
-0.105907
0.0828546
0.0112065
0.235552
0.106375
-0.0589626
1.41264
1.49711
-0.232355
-0.936792
0.300652
-0.15232
0.296634
0.114953
0.51819
0.753426
0.184713
0.153965
0.166413
0.475078
-0.0151689
-0.138378
-0.0117043
0.258747
0.494352
0.172462
0.0302265
-0.0144207
-0.203935
0.123254
0.00406293
-0.163254
-0.205204
0.31367
-0.380123
0.0499032
0.208261
0.107544
-0.248152
-0.0783361
0.703833
0.0756647
0.103229
0.196749
-0.100413
0.133258
-0.278225
-0.102797
1.80848
0.245287
1.89465
0.264964
1.436
0.275626
-0.0788766
-0.415258
-1.09165
0.232397
0.83345
-0.38126
0.0736429
0.117472
0.155069
1.26644
1.79778
-0.0861934
0.0577397
-1.03727
-1.52349
-0.0794285
0.130366
0.153965
-1.64137
0.202356
-0.0709643
0.11732
-0.404995
0.0183822
0.17267
0.805261
0.261781
0.884534
-0.210662
-0.0594319
0.101972
-0.364946
-0.121769
0.0120962
-0.170808
-0.0103354
-0.350381
0.081544
1.09854
-0.203576
-0.111165
1.82732
1.26215
0.395731
-0.265974
-0.105822
-0.0659188
-0.0538895
-0.112043
-0.125246
0.190552
-0.151201
0.159887
-0.220049
0.242278
-0.0172397
0.613298
0.0727621
-1.23067
-0.184551
1.5051
-1.42304
1.15487
0.160982
-0.171725
0.440982
0.27826
-0.802188
0.0774252
-0.114551
-0.210246
0.0729722
-0.112263
-0.174978
-0.325029
-0.157423
-0.2631
0.143381
0.0293822
0.0362465
-1.02231
0.682344
0.0285156
1.76567
-0.0875216
-0.022746
0.654736
-0.164137
1.65676
0.167709
-0.289177
0.0239805
-0.244881
-0.118181
0.0763432
-0.229212
-0.433705
0.130231
-0.0668196
0.121249
0.353794
0.227203
-0.0112836
-0.0836869
0.28711
-0.0955269
-0.00791444
-0.542576
-0.131056
1.28456
-0.396798
0.18381
0.114602
0.219309
-0.116434
-1.24122
-1.71399
0.104295
-0.180864
-0.270712
-0.40679
-0.911539
-0.072538
-1.78959
-0.00840862
0.236533
-0.114518
-0.0920401
-0.26557
-0.0197621
0.143185
-0.0536751
-0.0933018
-0.101605
-0.354755
0.353222
-0.261417
0.658022
-0.0848414
0.041884
0.392586
0.0497857
-1.73881
0.0144883
-0.116124
-0.0529114
-1.36543
-0.651668
-0.306282
-0.0448994
-0.499289
-0.101716
-1.92565
-0.105217
0.0145802
0.0198397
1.48901
0.191959
-0.0069655
-0.103402
-1.41446
1.46665
-0.175925
0.055567
-0.142861
0.0396265
-0.204566
0.162111
1.37076
-0.154637
-0.259505
0.0129111
0.142567
0.149366
0.0282039
0.0560264
1.67158
-0.167675
-0.022952
-0.123537
0.277943
-1.47193
-0.0380078
-0.282362
0.248537
-0.107027
0.113085
-0.0206095
-0.158067
-0.0202999
0.910113
1.06805
0.193402
-0.0280449
0.0379954
-0.0545508
0.0471507
0.0987236
0.160317
0.168631
0.178887
-0.28175
0.257383
-0.125621
0.353057
0.669288
-0.136122
-0.203543
-0.131229
0.103421
0.192216
0.0384458
-0.0222411
1.96506
1.84786
-0.160851
-0.292133
0.154088
-0.0597856
0.0635772
-0.0106454
-0.179313
0.104926
-0.365982
-0.00158124
0.0627789
0.103744
0.155679
0.0108374
1.0699
-1.77612
-0.216959
-0.157147
-0.484609
0.61332
0.1987
-0.181934
1.433
-0.266672
-0.0470785
0.130305
-0.0190467
0.0639459
1.34608
0.058211
0.101443
0.088459
-0.023895
0.108553
-0.473123
0.482586
0.0353359
-0.141064
0.0216488
0.0719131
-0.320806
0.35953
-0.26626
0.258719
0.14501
-0.184831
0.918503
0.101802
-0.152816
-0.0420686
0.228972
0.287779
-0.543725
-0.00211911
-0.674544
-0.412938
-0.0557664
0.151943
-0.229073
0.00453214
0.0978109
0.316575
-0.14223
-1.96328
-0.336876
-0.103566
0.553648
-0.17602
-0.200903
-0.719549
-0.0797011
-0.214712
0.0255338
0.155684
-1.44404
1.26081
-0.0983246
0.0327049
0.0146794
-0.0622012
-0.25654
-0.316738
0.0736413
-0.194699
-0.067967
0.110798
-0.198433
-1.31163
0.143885
-0.0700388
0.0481303
-0.0790407
0.31386
0.188026
0.345974
0.0129283
0.230368
0.202268
0.17001
-0.108635
0.0860374
-0.0340287
0.0952001
-1.84704
0.0907147
0.129598
0.0695454
0.272165
0.110179
0.110664
0.111619
0.264174
0.174407
-0.416395
0.0846697
-0.150603
0.280153
0.0250266
-0.0341994
-0.127333
1.02481
0.0424618
0.13272
-0.0775211
-0.0812333
-0.0762706
-0.14211
-0.24209
-1.23818
0.0544905
0.0704107
0.04303
0.164009
1.36068
-1.82854
-0.351795
1.98735
0.115453
-0.225646
-0.267542
0.0407052
0.270653
-0.16232
-0.162245
-0.273486
1.36423
-0.199559
0.0669233
0.74984
-0.0483074
-0.318629
-1.37441
-0.081033
0.252876
0.304585
-0.00174572
-0.332808
1.96063
0.0884012
0.0841193
0.255454
0.0683033
1.26819
1.33522
-0.0604211
-0.0573184
1.73527
-0.525635
-0.188413
-0.206655
-0.0162955
1.11215
-0.0180259
-0.950421
-0.265293
0.156684
-0.118103
-0.0525832
-0.0261418
-0.13306
1.2173
-0.159554
-0.038712
0.0579126
0.262781
0.339494
0.0546293
0.149264
0.0291201
0.0274798
0.190674
0.355862
0.130381
-0.114368
-0.138901
-0.0344693
-0.180811
0.0498775
1.58124
0.0523217
0.88217
0.0132536
-1.28306
-0.0980543
0.270339
0.143503
-0.226756
-0.120899
0.23364
0.111608
-0.0657003
-0.135229
-0.294748
0.028685
1.04082
-1.86808
0.0105601
1.32163
-0.199831
1.02237
0.0152697
-0.10433
0.138385
-0.113198
1.91742
0.294165
0.0109538
0.205721
0.0630912
-0.0991917
0.699197
0.0119503
0.281837
-1.75431
0.263049
0.127294
-0.0142566
0.288685
-0.064242
0.0820498
1.92836
-0.324332
-0.0781454
-0.1419
-0.102318
-0.0790681
0.0637711
-0.155574
0.000232912
-0.0898912
-0.197345
-0.493658
-1.53688
-0.0231848
-0.220247
0.19589
-0.067177
0.158283
-0.243656
-0.0738536
0.116927
-0.152145
-0.038464
-0.501231
-0.0123573
0.977734
-0.0709513
-0.0931918
0.041012
0.0681207
-0.169021
-0.0635065
-0.517392
0.0954799
0.177094
0.215646
0.148341
-0.0258722
-0.0582903
1.73274
0.257459
0.184223
-0.00161637
0.034864
0.305442
-0.318667
-0.0219926
0.189367
0.0512122
0.136794
-0.0743498
-0.14787
0.651046
-0.029658
-0.026775
0.249838
-0.191402
0.0611554
0.124441
0.182716
-0.0307332
-0.23622
-0.31157
0.129729
0.498166
0.179014
-0.0439755
0.159055
-0.114356
0.0467047
-0.222724
-0.999672
-0.0236604
-0.16852
-0.102074
-0.0893538
0.0093302
0.285912
-0.112679
-0.228069
1.36683
-0.284255
0.0191718
-0.146694
-0.131945
-0.182015
-0.0580005
-0.0919131
-0.0546472
0.120784
-0.0559848
1.43166
0.0683347
0.167007
0.790251
-0.312885
0.0402719
-0.041787
-0.160408
-0.255101
-0.0429844
-0.0772213
-0.187109
-0.408226
1.54796
-0.00351853
-0.278519
-0.180488
1.46639
-0.108792
0.145834
0.16692
-0.0564959
0.0316001
-0.0115395
0.172748
-0.262774
-0.0252693
-0.0233809
0.0560854
-0.672817
0.379801
-0.00213156
-0.0693218
0.0722642
-0.0859232
0.141457
0.118349
-1.37967
-0.0532179
0.0203391
-0.0452446
-0.0282177
-0.00845272
-0.138452
1.18139
-0.0416587
-0.0399019
-0.102236
0.0369748
0.193182
0.049193
-0.348125
0.188999
0.239555
0.0265906
-0.125651
0.220969
-0.0870934
-0.4432
-0.0300826
0.122713
-0.132114
-0.390597
0.449347
0.0205917
-0.266655
-1.62223
0.0748951
-0.00348201
-0.262445
0.0372557
0.096678
-0.0139897
0.0745907
-0.19048
0.0128936
0.294779
-0.215592
0.0447447
-0.122766
0.0410179
-0.0318011
0.142671
-0.116502
-0.0591418
0.0125625
0.0868374
-0.0883049
-0.0850868
-0.216076
0.0389152
0.388563
0.0058669
0.0861844
-0.0578743
-0.23042
1.26862
0.305945
-0.0769751
0.356564
0.309985
-0.180439
0.301625
1.00662
1.533
0.117485
0.041536
0.146811
0.190729
0.09744
0.330848
0.166056
0.0012146
-0.143145
-1.46161
-0.13436
0.0302035
0.0862189
-0.0742451
1.71422
1.39182
0.161942
0.167688
0.0601834
-0.075089
-0.213787
-0.0776598
1.06957
-0.26062
0.111632
0.305842
1.97966
1.09538
0.133755
0.0161868
-0.162876
-0.0144327
-0.140127
-0.0988697
-0.298758
1.8686
0.129099
0.0181948
1.19497
-0.173599
-0.225
-1.8075
0.0737902
0.0661387
0.0338457
-0.224187
0.766743
0.04287
-0.291749
-0.59119
-0.0673385
-0.0353708
-0.341872
-0.124092
-1.21289
0.20909
-0.00136994
0.304698
-0.224016
-0.399774
-0.0578274
0.150831
-0.00283169
-0.175588
0.158715
1.3274
-0.729285
-0.0513284
0.0324682
1.72895
0.28411
1.90287
0.400764
0.923764
-0.00940354
-1.76216
0.411299
0.138281
1.99411
0.0553873
-1.99819
0.251713
-0.172265
0.191086
-0.0494706
-1.74473
-0.189116
-0.0645591
-0.228911
-0.0890585
0.0178555
0.170078
0.457052
0.311514
0.00684358
-0.141157
0.355872
-0.00191544
-0.104499
-0.0654044
0.183436
-0.259244
0.0502066
-0.150025
-0.08178
-0.0759345
-0.0695706
-0.00535041
0.116321
-0.0840093
-0.107638
1.06705
-0.196738
-1.11466
-0.121499
-0.809165
0.0486624
-0.023165
0.339993
-0.0286938
0.0711352
0.647076
-0.0806119
0.191376
0.106556
0.237828
0.115793
1.01399
-0.145736
-0.00709633
-1.52295
0.00729258
-0.0394225
0.362394
0.0140432
0.0545518
-0.0155259
0.238973
0.169613
1.42587
-0.0187574
-0.308211
0.0146926
0.177046
0.083603
-0.029665
-0.0364229
-0.0298758
0.179057
-0.20484
1.94993
1.38216
0.115087
-0.114065
-1.72282
1.67591
-0.0825476
0.136047
-1.86744
-0.61905
0.025983
-0.0129005
-0.294401
0.020677
-0.102728
1.08208
-0.115906
-0.579349
-0.467296
-0.063846
0.230642
-0.0667114
-0.0442524
-0.194663
-0.0871233
1.59064
0.323129
0.0763001
1.33058
0.0784526
-0.050187
-0.200012
0.162825
-0.143045
0.0862792
0.28111
-0.0439657
-0.102219
0.0899328
1.68082
-0.0415004
-0.130139
-0.111201
0.0504782
-0.0884785
-0.0906822
0.552797
-0.341804
0.217306
0.164344
1.67421
0.00929791
-0.219403
0.409871
0.266014
0.202942
-0.19796
-0.00795622
-0.16182
-0.127054
0.179407
-0.118549
0.265264
-0.18738
-0.116242
0.022967
-0.0958937
0.135718
0.115394
-0.0938512
-0.369308
-0.0295077
-0.0649235
1.6274
-0.0407099
-0.184406
0.089175
-0.168711
0.177567
0.183151
-0.0750522
1.78849
-1.8173
1.72754
-0.312517
0.280485
-0.00317023
0.0961367
0.260422
-0.164615
0.56631
1.74755
-0.0318356
1.59708
0.209614
0.0961568
-0.231372
-0.583277
-0.125929
-0.265585
0.0420868
0.27324
-0.114323
-0.0701766
-0.115027
0.277322
0.825253
0.0692985
-0.05579
0.772882
-0.141009
-0.0979085
-0.144959
-0.202477
-0.249572
0.0777238
-0.370958
0.528427
-0.0302951
-0.0135855
0.0163189
-0.0340004
-0.0645096
0.22781
0.0525121
0.000987403
0.28124
-0.126182
-0.315956
-0.488488
0.307621
0.185795
0.630886
-0.00666977
0.403911
-0.245027
-0.148609
0.129635
0.0841377
-0.00215776
-0.219986
-0.730907
-0.486805
0.372817
0.0339458
-0.00880725
0.158204
-0.599605
0.299602
-0.132292
-0.0363279
-0.143144
0.0132231
0.592991
0.0450815
0.0737174
0.414802
-0.354185
-0.092305
0.234127
-0.0120664
-0.112386
0.112159
1.79077
0.0383106
-0.101967
0.0379839
-0.0687341
0.0132681
0.459848
-1.80096
0.109091
0.210721
0.0524531
-1.20925
0.171529
-0.0682979
-0.141335
0.398935
-0.012104
0.00952228
-0.0730326
0.387566
0.445571
0.000124421
0.0901907
-0.087787
0.0952987
-0.0572971
0.213551
0.0992741
0.177
-0.114547
-0.0272123
0.00172257
0.28052
-0.0973521
-0.0469425
0.0995249
0.224513
0.494539
0.0719043
-0.112241
0.00875439
-0.117191
-0.299647
0.113362
1.04428
0.177989
-0.161944
0.0399192
0.274067
-0.17757
-0.0735316
0.0571181
0.0123907
-0.0801045
0.0813458
-0.215485
-0.107594
0.149695
0.130148
-0.275303
-0.0672323
-0.0187152
0.0249603
-0.240408
0.27705
0.00196461
1.95171
-0.239246
1.34313
0.0803262
0.507877
-0.224801
1.23427
-0.147343
-0.0529486
1.21384
-0.200943
0.0222846
-0.0614166
-0.381567
0.544392
-0.213727
-0.133469
0.150287
-0.0741224
-0.139735
-0.164085
-1.79686
-0.227741
-0.176686
1.99015
0.613036
0.128837
-0.184728
0.2925
-0.00380362
0.244236
-0.109059
0.454394
-0.0254859
-0.0288123
-0.108465
-0.23728
0.0125258
0.372902
-1.03055
-0.162128
-0.0631772
-0.00773562
0.152644
-0.0250833
-0.0995354
-0.551465
0.107329
0.17102
0.105007
0.171027
-0.175524
-0.446632
-0.00132068
-0.140635
0.0968758
0.0213706
0.737361
0.0463491
0.00193044
-0.0124233
0.0685366
-0.0232497
-0.310239
0.0114615
1.89068
0.244908
0.489216
-0.206533
-0.333042
-0.161224
-0.443425
-0.099481
-0.183259
0.214536
1.10774
-0.0164889
0.225456
-0.85939
-0.376668
-0.0555363
0.391916
-0.287006
0.0107883
0.146978
-0.0741301
0.0696848
-0.571806
-0.0362035
-0.320974
0.0571741
0.0745717
-0.10391
0.0411115
0.265318
0.00253983
1.76984
-0.627449
-0.0465041
-0.137251
0.0379568
-0.151771
0.303463
1.68702
-0.47516
-0.412604
-0.174174
0.642704
-0.208847
0.070403
0.00633798
-0.977608
-0.145539
-0.139857
0.339892
-0.42162
-0.867373
-0.0472024
-0.0310932
0.149607
0.0200348
-0.0329171
-0.101296
-0.106811
-0.00200508
1.77654
-0.0848838
-0.106819
-0.10358
-0.0359826
0.973858
-0.287967
0.222348
0.149595
0.00853144
1.92596
0.0824047
-0.139757
-0.0533385
0.13442
-0.0658485
1.76775
-0.0460154
0.0329972
1.2691
1.56705
-0.114517
1.7418
-0.26597
-0.0376517
-0.0153366
-0.161734
1.72873
0.0908355
0.143686
1.65465
0.11724
-0.0983692
0.0291493
1.02332
-0.0801949
0.080332
-0.147965
0.410005
-0.172233
0.0496988
1.99041
-0.25492
-0.162316
0.599541
-0.0506547
0.0816046
0.0600745
-0.0228428
-0.00469512
1.8787
-0.053898
-0.0871342
-0.0118081
0.0305944
-0.125496
-0.0771857
-0.00519551
0.490577
-0.122862
-0.254368
-0.363417
1.58013
-0.0750126
-0.0798398
-0.318625
0.0455215
-0.288973
0.0173153
0.128006
-1.88017
0.00501431
-0.178937
-1.91068
1.33517
0.689286
-0.0472481
1.87938
-0.1764
-0.0782353
-0.0343176
-0.0832122
0.481247
-0.121722
0.152294
-0.078436
-0.02646
0.185541
-0.29481
0.653476
-1.62328
-0.169326
-0.204562
0.0631972
0.54404
0.0437156
-0.000994333
-0.0543283
1.11757
0.0764558
-0.236505
-0.185114
0.164042
-0.245189
-0.599038
0.0828056
-0.0427328
1.13595
0.0660582
0.0114312
1.30259
0.0135987
-0.00236204
0.315411
-0.0128412
0.347487
-0.109387
-0.167024
-0.145027
-0.0706189
0.0415622
0.169335
1.27713
-0.0129866
-0.0783469
1.72532
-0.104874
0.242312
-1.32007
-0.260045
-0.11416
0.0480512
-0.0488497
1.97088
1.2513
-0.154797
0.355271
0.0360247
0.298749
-0.22378
-0.0767901
-0.823691
0.0452575
1.02629
-0.250605
1.51075
-0.159835
-1.62312
-0.0991025
-0.193388
1.74242
-0.21092
0.0415117
0.0650404
0.22585
-0.0970967
-0.100206
-0.363214
0.652614
-0.0526466
0.0908285
-0.140817
-0.235883
-0.345418
0.70712
-0.233073
0.218538
1.76596
-0.0879853
-0.0376597
0.0158631
-1.96408
-0.0429837
-0.26154
-0.00802288
0.106185
0.108008
0.21567
-0.0845031
-0.0154686
0.862967
-1.55217
0.283894
0.107446
-0.0404535
1.38758
-0.212841
0.127112
-0.0002431
0.103351
1.09902
-0.171285
-0.0376984
-0.373133
0.599951
-0.230445
0.00710265
0.169248
-0.0247929
1.29108
-0.711606
0.254194
0.249131
0.179302
1.83971
-0.250756
0.158597
-0.0547619
0.204189
0.151266
-0.0897821
1.09407
0.307726
0.0926483
-0.0299071
0.236807
-0.0721127
0.102561
-0.0834698
-0.111653
0.114979
-0.235675
-0.0830123
1.20265
0.10021
-0.136148
0.00721664
-0.279563
0.0823083
0.0550017
0.0989632
0.774033
0.376688
-0.46315
0.31484
-0.0338548
-0.167389
-1.15328
-0.0481279
-0.158357
0.0116912
0.010885
-0.123321
0.124243
0.299639
0.200294
0.026767
-0.13348
-0.0522216
-0.153803
0.0800829
-0.00665298
1.50859
0.0225611
-0.0795309
-0.0103937
0.150355
0.00767227
0.168976
-0.571117
-0.12119
-0.136798
0.272718
0.147123
0.121617
0.124523
-0.138771
0.219014
-0.0691486
-0.0604185
-0.0566862
-0.561182
-0.44531
0.300167
0.0730351
-0.200783
0.248825
-0.370063
0.678356
0.104168
0.160709
0.11888
-1.06709
-1.35452
-0.0717124
0.0766987
0.227524
-0.235538
0.12263
0.0625863
-0.0702658
0.330178
-0.403483
-0.234796
-0.000915365
0.0430111
0.2466
0.0901816
-0.220961
0.400551
0.414932
-0.0651057
-0.227149
-0.148664
0.0213514
0.085301
1.83517
-1.45746
-0.210011
-0.0937862
-0.0514863
-1.15153
0.129693
0.0141772
-0.31023
0.0365359
-1.07663
-0.0612812
0.124989
-0.0328705
-0.0468337
1.99014
-0.265436
0.0174361
0.182337
0.113454
0.00830404
1.7612
-0.157645
-0.0180205
0.245531
0.185897
0.000474665
0.160739
0.255543
0.193233
0.0999882
0.21589
-0.267507
0.0530253
0.0592707
-0.0087629
0.0471567
-0.58611
0.0423216
0.063118
0.0175605
0.135235
-0.274508
0.131916
0.0048265
-0.30527
-0.0895173
0.0269841
-0.0120048
0.166401
-0.271096
-0.857345
0.099385
0.0782281
1.67575
0.0560741
-0.0164721
-0.0960135
0.0138633
-0.343563
-0.338395
0.186089
0.357124
0.213544
0.858078
-0.0266561
0.0309083
-0.0276045
0.252819
0.156299
-0.032069
-0.304072
-0.961355
-0.134176
0.977122
0.989434
0.351216
-0.174147
-0.0693106
0.055865
-0.848479
0.0149062
-0.104081
1.91615
-0.237543
1.91713
0.0252888
-0.0132187
-0.265782
0.0760683
0.108516
0.198662
0.526749
0.0837048
0.075571
-0.0968094
0.651103
0.0331334
-0.636608
0.250756
-0.245548
-0.139127
0.247682
0.772936
1.28
0.235111
0.132613
0.0282841
0.238689
-1.07119
0.0556517
0.221946
-0.088501
0.666997
-0.0182352
0.203265
0.0420586
-0.139552
-0.0800349
0.0357939
-1.1445
0.368116
0.12743
-0.124524
0.000965591
0.0584334
1.10521
0.279907
-0.0111243
0.0972044
1.52486
0.988739
-0.0842902
-0.0535174
0.0462191
0.0464523
-0.104422
-0.166576
0.258247
-0.254817
1.82735
0.187227
-0.51067
0.141197
-0.135962
-0.311735
-0.0744782
0.225919
0.0609108
-0.216717
0.646956
0.0974974
-0.169029
0.0557928
-0.00342521
-1.33112
-0.12928
-0.260614
0.064709
-0.0608637
-0.224373
-0.173529
0.0229571
-0.0580688
0.23608
-0.0407994
-0.136306
1.56613
-0.0168443
0.114492
1.17682
-0.176552
0.110486
0.845836
0.0491235
-0.147016
-0.213365
-0.187065
-0.0663473
-0.375271
0.632153
-0.0733431
0.0254467
-0.109631
-0.161756
-0.037665
0.321748
0.126154
-0.302554
-0.263506
-0.273707
-0.319019
0.613416
-0.285287
0.143792
-0.0489055
-0.0618126
0.465855
-0.626783
-0.946018
0.144652
1.99974
0.479383
-1.74137
0.0954778
0.137666
0.106434
0.104991
-0.0842626
0.0081135
-0.306942
-0.0132121
0.136716
-0.0584354
0.452193
-0.0834033
-0.121473
-0.151216
0.589647
-0.254091
-1.49512
-0.260884
-1.19359
0.198846
0.164079
-0.870405
-0.016967
-1.59155
0.21803
1.50255
0.981699
-0.211776
0.31149
1.73359
-0.16332
-0.11651
0.153823
-0.0645756
-0.358124
0.541877
0.00640921
-0.167166
0.0818767
0.160192
0.163925
0.0700403
-0.0253749
-0.148755
0.315243
-0.293282
-0.297238
0.100698
0.0920398
0.0113497
0.279853
0.019684
0.323688
1.88262
0.28666
-0.303538
0.0902773
-0.245455
1.51047
0.0224613
-0.0366988
-1.19723
0.23297
1.59013
-0.110097
1.91487
-0.0304408
0.161704
0.177274
-0.0324698
0.207837
0.132792
-0.0731246
-0.116402
0.17929
0.185036
-0.175568
-0.0472749
0.217904
-0.1265
-0.685755
-0.0484236
0.058924
-0.954273
-0.0651921
-0.0101993
0.0753904
-0.569439
0.297037
-0.462482
-0.185324
-0.155641
0.232694
-0.13162
-0.533843
-0.171806
0.0416277
0.0840528
-0.17196
0.116236
0.304144
-0.0490997
-0.0122978
-0.195128
-0.222536
1.46362
1.92616
-0.139333
-0.0744615
0.0292009
-0.669091
-0.0211018
1.41402
0.20796
0.0956601
0.694471
0.167268
0.514601
0.106859
0.0385664
-0.174929
-0.0381528
0.29944
-0.252426
0.0973178
0.0235116
0.32255
-0.15486
0.806902
-0.0499037
1.63881
-0.091741
-0.0774148
0.124856
-0.213216
-0.366402
1.35564
0.131311
-0.123762
-0.00757544
-0.123568
-0.00145223
-0.30948
-0.127613
0.295434
0.168937
0.0623522
-0.209649
0.814438
-0.505665
-0.00413125
0.178317
-0.0506718
-0.894045
-0.0702528
-0.060491
1.66467
-0.0729646
-0.120711
0.0333173
0.30539
-0.0359794
0.191446
-0.27396
0.102276
1.67937
0.983448
0.123524
0.300298
0.0298315
-0.0256644
0.0411754
-0.00836298
-0.0974734
1.02796
0.0825018
-0.0861721
-0.084556
-0.0181015
0.0492301
0.0143954
0.120893
0.51535
0.0845902
-0.00674491
-0.109541
0.512043
-0.314282
-0.261802
-0.12801
-0.200223
-0.0097919
-0.0162555
0.017503
-1.82059
-0.018835
0.00412757
-0.0186521
-0.180921
-0.196181
0.0480108
0.234516
0.159174
-0.0977001
-0.210914
0.394576
1.72067
-0.0911401
1.02425
0.0835929
1.51004
-0.192768
0.893813
-0.059974
0.105621
0.232888
-0.593015
0.21915
-0.718579
-0.231021
-1.6278
-0.0596813
-0.130489
1.41061
-1.82354
1.93951
0.0383234
1.64
-0.182836
0.034237
-0.862331
0.295329
-0.00301003
-0.0134809
0.312903
-0.285574
0.0789867
-0.174197
0.319306
-0.590943
-1.40283
-0.130495
1.28321
-0.0617218
-0.0256006
0.147131
0.108157
0.109809
0.313523
0.239057
-0.130868
-0.472681
-0.145236
0.756743
0.0836197
1.42634
-0.0295971
0.0630078
-0.194077
-0.0903331
-0.00885119
0.237648
0.369864
-0.319477
-0.747243
-0.0146959
-0.0659176
-0.0346183
-0.0563285
-1.26831
0.00929682
-0.0468345
-1.54871
0.0358871
-1.5315
-0.0134213
0.211028
0.0967497
0.0114126
-0.0857265
0.170578
-0.231672
-0.091963
0.0457635
1.86304
-0.0361811
0.178082
0.198148
0.00432423
-0.0499836
0.0307536
0.123591
0.00208344
-0.245874
-0.026721
-0.130003
1.67748
1.34911
-0.116736
-0.0156755
0.0210928
0.573702
-0.0655005
-0.100822
0.172648
0.0781893
-0.271452
0.179698
-0.179219
1.75221
-0.0418503
-0.15811
-0.119329
-0.0189556
0.019592
0.0199995
-0.347654
0.244876
0.245779
-0.997558
0.00790379
0.107235
-0.0713195
0.131956
0.0501385
-0.0528555
-1.35764
0.545262
0.618025
-0.339905
0.107184
-0.224663
-0.0164169
0.34158
0.0369458
0.0282221
0.218252
-0.549393
-0.974059
0.00360663
-0.168999
-0.204487
0.395532
-0.0446781
-0.13443
-0.00520886
0.127612
0.111197
-0.101277
-0.146867
0.0158698
-0.133456
0.424317
-0.0201878
-0.119664
0.0685131
-0.575457
0.190991
0.0669362
-0.0784948
1.21207
-0.233838
0.0636517
-0.00663288
0.0377935
1.25147
-0.303726
0.00811473
-0.113444
-0.0728278
-0.392688
1.7534
-0.0495705
-0.342206
-0.0524805
0.944282
0.400965
0.25219
0.0738605
-0.257689
-0.481324
-0.109237
0.286445
1.44769
-0.245871
0.869144
0.77171
-0.111169
-0.0790019
0.185902
-0.00136915
0.102196
-0.542934
-0.355463
1.08136
0.180885
0.173373
-0.00634862
0.0635401
0.224186
0.264838
0.0168816
-1.62317
-0.0496547
0.0195966
-0.147266
0.993549
0.677348
0.0289563
-0.27101
-0.260705
-0.327043
-0.163366
0.284193
-0.00110763
1.20176
0.167147
-0.027919
-0.0778066
0.0742183
0.057173
0.211996
0.0768681
0.276722
0.732655
-0.0568908
0.111902
-0.033078
0.0979688
0.123037
-0.199274
0.063623
0.0226061
-0.112613
-0.293285
0.494784
-0.0661892
-0.0985095
0.000189525
-0.0630991
0.178722
-0.0724122
0.0989448
-0.0855172
0.110629
-0.377908
-0.103493
-0.186335
0.0666306
-0.051501
-0.0882166
-0.282151
1.96711
0.0822708
0.0798536
0.301376
-0.0563771
-0.137336
0.160725
0.0836802
0.083269
-0.0589157
0.0968392
0.0709673
0.127512
0.936538
-0.115162
0.124118
0.0668146
0.115798
-0.00262144
-0.206263
0.0949478
0.332832
1.07078
-1.93821
-0.341326
1.52268
0.258768
-0.267664
0.27871
-0.358503
-0.367778
-0.0551845
0.0804245
-0.0131271
-0.732437
0.0787779
0.00698103
0.35362
1.41074
-0.178871
0.139594
0.000789439
-0.0567757
-0.0370068
0.117621
1.34283
0.166143
-0.0368563
0.205087
-0.997657
-0.21964
0.516632
1.81781
0.133087
0.0156504
0.0613226
-0.185364
-0.157471
0.254866
-0.142341
-1.16561
0.00797998
-0.229309
0.0993823
0.047339
0.14911
-0.0703231
-0.245361
0.0233299
-1.12493
-0.0665445
-1.68675
0.108
-0.146788
0.257506
0.0838118
-0.494868
-0.153829
-0.177506
0.171354
0.00957987
-0.313702
0.0123446
-0.088226
-0.105738
-1.75444
0.206319
-1.48105
-0.0618737
0.0185587
0.0701491
0.178381
0.225817
-0.524922
1.57515
0.14666
-1.54625
0.0674962
-0.152655
-0.0275925
0.077268
-0.21832
0.248078
0.0369209
0.212621
1.77081
0.296815
1.90061
0.240262
-0.00946311
-0.202044
1.97022
-0.0552342
0.0309405
0.901384
-0.051031
0.166384
0.427671
-0.142545
0.0313076
1.81517
-0.114062
0.065159
-0.222671
0.216348
-0.160206
-1.64076
-0.0474355
-0.133421
0.275971
-0.0368153
-0.131441
0.337869
-0.0453852
0.0113835
0.00442764
0.0576848
-0.00248942
-0.00340837
0.0115176
0.017854
-0.0674148
0.072751
-0.177593
0.0185436
0.284367
-0.0897595
0.138723
-0.379558
-0.0723217
0.887567
-0.025425
-0.278623
0.945862
0.0142147
0.0465
0.200441
-0.188243
-0.0974475
-0.0609372
-0.124444
0.113736
0.0416977
-0.279401
0.178218
-1.42526
0.00811794
-0.318173
-0.282865
-0.266718
0.133785
-0.173801
0.222287
-0.107151
-0.220099
0.0173188
-0.27348
0.0880969
0.122171
-0.384482
0.166171
0.0786489
-0.194938
-0.0357517
-0.106749
-0.151859
-0.164384
-0.772047
-0.0677933
0.239568
0.0672859
-0.0236279
-0.101309
0.00525984
0.884612
-0.156486
-0.200505
-0.0479693
0.309124
-0.147673
0.0373523
0.322844
0.168631
-0.039551
-0.0498421
0.161142
0.0253539
-0.328356
0.0419902
-0.0689066
0.089488
0.169771
0.0684981
-0.00278027
0.0868739
0.0185065
-0.129491
-0.0175179
-0.0719534
-0.0583421
-1.63231
-0.398128
0.780531
-0.350953
-0.277371
0.253483
-0.308951
-0.0922878
0.665001
-1.55188
-0.14997
0.0459573
1.97733
0.321704
-0.00321501
-0.645876
-1.49392
0.167833
-0.0372789
0.131021
0.0672706
-0.18519
-0.20091
-0.00328562
0.209489
0.081609
0.106194
-0.190973
-0.0400322
0.0120877
0.206616
-0.0643559
-0.179027
-0.0843607
0.204231
0.0947868
0.10265
-0.423398
0.104609
-0.107621
-0.179597
0.0331093
0.552144
0.159758
-0.437907
-0.237862
0.244492
1.6415
0.113662
0.0328076
0.0913683
0.821863
-0.420441
-0.0936334
0.271392
1.66454
-0.0622262
0.159667
0.0017995
1.12502
-0.0444429
1.94489
0.616789
-0.254877
0.0829036
0.0139033
0.421409
-0.584532
0.082672
0.472783
-0.244085
0.0883239
0.0243352
0.00861401
0.000146623
-0.0659447
-0.136839
-0.137028
1.92183
-0.11622
-0.190833
-0.0924075
-0.0432099
-0.0661482
0.96198
-0.0920651
-1.75141
0.0119403
0.282301
-0.113575
0.165665
-0.455801
0.13966
-0.108319
-0.0145417
0.296726
-0.175703
0.249992
-0.200007
-0.252306
-0.146765
-0.0170446
0.156733
0.0199677
-0.715106
0.358556
0.143953
-0.227182
0.215717
0.0186639
-0.0457153
0.0124893
-0.567286
0.242573
-0.101804
0.134713
-0.192441
0.36089
-0.262106
0.720888
0.17444
0.0434548
0.188664
-0.428508
0.229756
0.042849
0.0185402
-0.171359
0.0615066
-0.239317
-0.239391
0.900119
0.217058
-0.301591
1.60523
0.131382
-0.201093
-0.156686
-0.0589156
0.12448
-0.150073
0.0219334
-0.0835164
-0.0840421
-0.115708
-0.128672
0.17063
0.145988
0.154708
0.185592
0.06501
0.314828
0.0821779
-0.126836
-0.071866
-0.0999043
-0.194273
-0.093615
-1.01089
0.123414
-0.135853
-0.112536
-0.0857717
-0.100947
0.674636
-0.0431041
0.204988
-0.0191982
0.282949
-0.268071
0.15765
0.0444203
0.137373
0.0235331
-0.213533
-1.40543
0.314624
-1.91609
-0.118593
-0.0378351
0.0726802
-0.186343
-0.183834
-0.303919
-0.112314
-0.384967
0.62872
-0.330766
-0.160801
-1.09443
-0.164417
-0.729515
-0.00842199
-1.69984
0.320756
-0.175467
-0.938979
0.22177
-1.36855
0.516977
-0.18826
-0.151676
-0.147891
-0.691426
0.262051
0.227428
0.137266
0.107733
0.406684
-0.933937
-0.247639
-0.166858
-0.00465935
0.0150472
1.1654
-0.0361938
-0.235785
-1.99634
-0.265449
0.342005
-0.33809
0.236233
-0.164437
0.198364
-0.0588391
-1.89657
0.106514
-0.0465135
-0.16217
-1.84826
0.0309017
-0.105721
0.0404874
-0.0897113
0.203262
-0.00831733
-0.303498
-0.178492
0.103037
-0.0698673
0.179222
-0.097473
-0.309419
0.281211
-0.137625
0.0498776
0.0839523
1.45632
-1.20197
0.0296998
-0.194735
-0.426025
-0.13148
1.42583
0.0654697
-0.0553851
-0.40899
-0.147729
0.150264
0.00745277
0.109052
-0.112565
-0.0149129
0.34539
0.0148722
0.0496729
-0.488155
0.145325
-0.0636711
-1.261
0.140423
-0.558247
-0.429336
-0.110412
0.0695092
0.0129039
-0.112536
1.04394
-0.0526837
0.719144
0.075091
0.0817785
-0.0134952
-0.0451379
0.21818
-0.281809
0.205225
-0.0568184
1.30404
-0.132352
0.315313
-0.0172094
-0.00448788
1.34807
0.0275807
0.0272051
-0.169984
0.026311
-0.173903
-0.102255
0.257945
0.291795
0.0554588
1.70411
-0.0695784
0.307441
-0.289191
-0.0991922
0.188123
0.129321
0.706696
-1.64598
0.131227
-0.179566
-0.216511
0.0663514
-0.247883
-0.43669
0.299602
-0.382946
-0.215621
0.0887975
-0.0944244
-0.0412434
-0.0600609
0.294665
1.44531
0.0977374
0.0591558
0.346764
-0.18056
-1.42646
1.65969
0.513745
-0.0169066
0.222999
0.204309
0.153647
0.445821
0.134494
0.145877
-0.0526658
0.0530357
0.770534
-0.254715
0.0335924
0.103178
-0.135704
1.85657
-0.162564
1.88567
-1.78895
-0.800178
1.13877
-0.0681531
-0.0318117
-0.0476018
0.127182
-0.0184353
0.040247
-0.112821
0.0383145
-0.0764184
0.234133
0.149627
-0.159005
0.106997
0.396069
-0.128559
0.148776
0.899027
0.263016
1.00748
0.261154
0.0956549
-0.0142583
0.0473699
-0.0356608
-0.0533681
0.22821
0.282381
-0.0999886
-1.5841
-0.0838281
-0.0584102
-0.0895041
0.0899656
-0.218309
0.0542446
-0.155759
-0.0574205
-0.0553344
0.0343552
-0.118895
-1.82855
0.789301
-0.177252
-0.276997
-0.983459
-0.0259428
0.0539606
0.0620591
-0.127498
-0.303497
-0.224125
-1.08233
0.328311
0.406386
0.519978
0.292501
-0.159798
-0.218495
0.0531511
-0.433306
0.0284305
0.828571
-0.0514284
-0.198922
0.20492
-0.14064
0.0505466
-0.243348
-0.137271
-0.543975
0.220046
1.13612
0.0529488
0.364995
-0.0431933
-0.79519
0.120873
0.0943207
-0.140754
-0.219099
0.0391481
-0.015069
1.44684
-0.134866
0.177502
-0.0200822
0.158819
0.117008
0.0151507
1.85681
0.119775
0.126732
0.606456
-0.206353
-1.72177
0.22306
0.0944348
1.70538
0.0146465
-0.147038
-0.379296
-0.123327
-0.00152421
0.0914133
-0.0741322
-0.0367527
-0.0404477
-0.0990835
-0.0674418
0.778192
-0.0752319
0.252089
0.0252692
-0.085337
-0.201015
0.0678915
0.0361297
-0.962512
-1.08678
-0.0987983
-0.0474052
0.0283307
-0.238453
-0.0715853
-0.028652
0.116382
0.0451933
0.14908
0.1354
-0.064622
0.409695
-0.831128
-0.46284
0.827414
-0.10775
0.209338
0.199597
-0.0406711
-0.0265499
-1.24688
-1.10333
0.100178
0.877422
0.163182
-0.104614
0.118627
0.0247261
-0.34944
-0.0152996
0.172047
0.225853
-0.0845395
-0.00825998
-0.0501212
-0.191372
0.127298
0.139802
-0.137055
0.18212
-0.220295
-0.0649826
-0.0337697
0.704686
0.405957
0.222642
-0.107541
1.20196
0.0140164
0.829287
0.148947
0.0425878
-0.180697
-0.355549
0.292283
0.226278
-0.362308
0.796673
0.520713
0.292167
-0.0910908
0.0936351
-0.0816534
-0.103739
-0.00117738
-0.00793655
-0.393956
-0.0933946
-0.119535
1.83684
-1.07497
-0.150529
0.318322
0.0712854
-0.000892526
0.103566
0.0725044
0.140531
-0.330983
-0.331595
0.81004
-0.335408
0.0727242
0.056783
0.00468701
0.350042
0.436008
0.107315
-0.247806
-0.100742
-0.178899
0.194085
-0.232452
1.59995
-0.370172
-0.35751
0.0520061
-0.054066
0.0934039
-0.173969
0.261347
-1.57619
0.314422
-0.0659926
-0.296833
-0.158468
-0.503187
0.073896
-0.123661
-1.40366
-0.0173393
-0.0840457
0.147324
-0.060812
0.200392
-0.172361
0.160292
1.32349
1.71548
-1.87048
0.0773129
-0.276017
-0.0127373
-0.0749158
-1.84923
0.143891
-0.0206601
-0.0788043
0.0923912
0.146795
0.0483842
-0.153772
0.0567981
1.19023
-0.00185918
0.173296
-0.223631
-0.157519
1.58855
0.0394496
-0.115271
-0.165628
0.096363
0.101486
0.0473488
-0.104882
-0.304795
-0.106686
0.0848924
0.0815209
1.36425
0.140585
0.185632
-0.197311
-0.077082
0.18917
-0.189807
1.30714
0.296107
-0.18075
0.526164
-0.084874
0.0256316
0.275434
0.202473
-0.913291
0.0122233
0.0164254
-0.279954
0.0693039
0.117615
1.90226
0.626257
0.0421777
-0.130214
0.201044
-0.0266384
-0.0606127
1.08867
0.0045102
-0.427948
0.739768
-0.0420765
-0.0958743
-1.99603
-1.25487
0.0377279
-0.948081
0.162959
-1.27933
-0.180616
-0.350196
0.240513
0.198142
0.104749
0.0728576
0.13998
0.0811344
-0.366711
0.723394
0.198725
-0.624157
-0.195255
-1.46492
0.0714937
0.0687175
-1.9636
0.0316082
-0.187437
-0.203489
0.00799067
0.101137
-0.0579688
-0.320204
0.0654681
-0.105322
1.28446
-1.24157
1.2492
-0.110851
0.00567335
0.118103
-0.0476923
0.0385456
0.120858
-0.187416
0.361946
0.1758
-0.237242
0.227716
-0.0992383
0.649576
-0.0150621
0.0861294
0.184847
-0.132477
1.11764
-0.056516
0.0356831
0.205453
0.256407
0.185625
-0.17499
1.39691
0.338992
-0.0273115
1.10236
-0.332249
-0.0348775
-0.155932
-0.0484051
0.206061
-0.0270649
-0.0676975
0.0757458
-0.246106
-0.28538
0.154028
0.163131
-0.184265
-0.085039
0.0231836
-0.0993772
-0.118727
0.162814
0.0435448
0.127614
-0.0357349
1.17937
0.151247
-0.195069
0.0421704
0.176374
-0.085238
-0.139655
-0.2615
-0.17603
-0.440032
0.473904
0.446121
-0.0385606
-0.00440153
-0.0879756
-0.0330184
0.307101
0.164481
0.144879
0.273774
-0.104427
0.0470784
-0.292848
0.908362
-0.258576
0.200343
0.231781
0.547347
-0.0384329
-0.177006
1.74205
0.0323255
0.103677
0.0975858
-0.254756
1.82138
-0.0739696
-0.048976
0.27872
-0.126877
0.0282009
0.91915
0.160522
0.109298
0.193046
-0.282643
1.60342
-0.795091
0.399806
0.325038
0.944386
1.42392
-0.0456954
-0.0114952
1.99187
-0.205982
-0.0964476
0.202674
0.0358882
0.15342
0.491433
-0.750826
0.0927138
-0.227696
0.0051596
0.169321
0.281307
-0.00507482
-0.104841
-1.0959
-0.26525
-0.0319564
-0.0931093
0.188193
0.664171
0.304307
-0.29189
-0.0671252
-0.131369
0.214897
-0.702126
-0.0357649
1.98114
-0.144719
-0.0110435
-0.0731941
0.119578
-1.29378
-0.00186476
-0.033228
0.302163
-0.087647
0.610273
0.613903
-0.342238
0.11688
-0.176996
-1.37453
-1.45567
0.0784058
0.141012
-0.0710159
1.72251
-0.0169474
-0.136495
0.274082
0.167094
-0.157492
-0.431025
0.108648
-0.155922
-0.0788205
-0.0997257
-0.195445
-0.0326698
-0.0867565
-0.143095
0.379714
-0.108742
0.220003
-0.865374
-0.0965271
1.65968
-0.307221
-1.6454
0.0914067
0.684029
-0.109401
-0.117885
-1.59045
0.0423985
0.187391
1.56818
1.92252
0.0307646
0.0503071
0.02479
0.0996555
0.0128481
-0.129279
-0.116718
-1.91285
-0.135822
-1.68004
-0.0268756
0.0786986
0.187558
0.0248163
1.17275
-0.102603
-0.335657
-1.45782
0.408125
-1.25027
0.0963406
-0.196067
0.399987
-0.188244
0.692819
-0.110238
1.75923
0.0735926
-0.245985
-0.0660084
0.17207
-0.0087397
-1.67945
0.0388144
-0.0260193
-0.302293
-0.268811
0.00421091
-0.0322406
-0.185182
0.00499963
1.5979
-0.382071
-0.181776
-0.3128
0.296547
-0.0430976
0.300082
-1.8293
-0.00155206
-0.123377
-1.96957
-0.0736236
-0.165962
-0.162962
1.05153
-0.388572
0.0951708
-0.056373
-0.244042
0.568945
-0.0450971
-0.18484
-0.0356379
0.0364122
-0.475087
0.128033
0.0658446
-0.0240867
-0.455818
0.155763
-0.0730675
-0.179847
-0.217108
0.121065
0.241936
0.109167
0.0405892
0.409155
0.10572
-0.207579
0.182631
0.114135
0.193377
-0.0866425
-1.92045
-0.0767493
0.00931766
-0.915897
-0.0450387
0.0635328
-0.105539
0.096811
0.195297
-0.40275
0.514438
0.00365327
0.136818
0.164257
-0.151612
0.290458
0.835902
0.741144
-1.82641
-0.171985
-0.374709
0.324008
-1.59
1.11759
-0.125243
0.00620845
1.85488
-0.376745
0.206417
0.114651
-0.214144
-1.48888
-1.58541
0.0315528
-0.0440855
-0.0507884
-0.164932
-0.239633
0.124247
-0.500108
0.2372
-0.0248199
-0.216443
-0.119186
0.651559
-0.157679
0.329985
0.0220794
0.232957
-0.112057
-0.119099
0.197155
0.217544
-0.0692455
-0.184082
-0.0819264
-0.138947
0.125749
-0.200381
0.0944924
0.143614
-0.0232849
1.58433
-0.123617
0.186157
-0.305949
0.130457
-0.166626
1.49067
1.74859
0.0502512
-0.341747
0.450484
-0.0822343
-0.37394
0.149535
0.105375
1.89061
-0.209556
-0.146956
-0.218246
-0.0919633
0.980506
-0.0871684
-0.00900217
0.220116
0.211689
0.415078
0.0339775
0.00178935
-0.089073
0.410759
0.181806
-0.0770662
-0.202701
-0.0470481
-0.696344
0.0903292
1.37164
1.53116
0.424476
0.0519008
-1.7651
-0.193377
1.40903
0.0494295
0.44542
-0.0550271
-0.0885831
-1.55988
-0.212958
0.133237
-0.119749
-0.116549
-0.137266
0.138061
-0.224272
0.0101374
-0.000646097
0.105483
0.957839
-1.22587
-0.106574
-1.71585
0.2973
0.0313595
-1.81118
-0.1014
-0.158053
0.180814
-0.0930645
0.0348102
-0.0308663
1.98555
0.36558
-1.50171
-0.138819
0.0591786
0.0998881
0.468354
0.0916957
-0.174099
0.0323814
0.0258736
-0.0349777
-0.0911483
0.700645
0.0228321
0.285534
0.310622
0.58115
-0.69258
0.129655
0.225189
-0.364602
-0.0113457
0.0504682
0.00367132
-0.268745
1.67495
-0.323322
-0.0667705
0.103544
0.0463611
0.0248252
1.52245
-1.34913
-0.764967
0.0726159
-1.21111
-0.0258261
0.049465
0.241505
0.00805158
0.0155807
-0.0260712
0.104293
0.0832343
0.101949
0.00768164
0.179263
-0.146414
0.0948583
-0.173459
-0.0831237
0.101058
0.0814291
-0.298904
0.0748232
-0.284573
-0.984364
0.223329
-0.174222
0.136809
0.0561291
-0.085032
1.26486
-0.39289
-0.0536552
-0.0639139
0.202965
-0.117685
0.0289317
-0.0553955
-0.00391894
-0.0525183
0.291985
-0.153927
0.243133
-0.343183
-0.252552
0.0164075
0.484877
-0.12632
-0.0883557
0.0510317
-0.0226148
-0.284715
-1.24472
0.134618
0.0689169
-0.426629
-0.328729
-0.918
0.279143
-0.00679476
-0.0416596
-0.310395
0.0172561
-0.231317
0.00368417
-0.0129296
0.0877127
-0.0527103
-0.0188716
0.0105404
0.040915
1.9425
0.166633
-0.0658678
0.145604
0.311745
-0.0782974
-0.236257
0.118692
-1.69141
0.0207292
-0.00249424
-0.0772077
0.265508
0.0734367
-0.202597
0.17326
-0.0601573
0.0723572
1.8197
-0.0319004
-0.132713
-0.161398
0.0208699
-0.012378
0.813043
1.95732
-0.0695404
-0.0897928
-0.132255
0.0813879
-0.282856
0.183412
0.186365
-0.225348
-0.106319
-0.120156
0.0554531
-0.417204
0.877121
0.0427972
0.0545176
-0.0999295
0.175188
0.229961
-0.427823
-0.0664889
0.0617025
-0.212586
0.106416
0.972972
0.0325948
-0.39407
0.154177
-0.22525
0.188056
0.24048
-0.0629197
0.0686914
0.0665583
0.19468
1.35806
0.136924
-0.04078
-0.0649477
-0.314516
0.236406
0.0850541
-0.358817
-0.312639
-0.926312
0.0474145
1.15549
0.0974078
0.206189
0.169501
0.0505251
-0.268112
0.157168
-0.0654743
0.0509814
-0.584992
0.109775
0.0145166
0.0524074
0.101026
-0.171288
0.0845497
-0.550812
-0.269641
-0.0759759
0.24171
0.161863
-0.0801478
0.0358649
-0.361546
0.211402
0.00370892
-0.207096
0.016274
-0.0347908
0.191943
-0.312214
0.125794
0.0356806
0.994392
0.164264
0.068217
-0.100679
0.130965
-0.0155062
-0.0708584
0.0490974
-0.128039
0.527304
-0.139691
-0.235131
0.208975
-0.075221
-1.15405
-1.67016
0.0926318
0.718015
0.187047
0.0689621
-0.0908716
0.208461
0.0809616
-0.226222
-0.23969
1.01134
-0.306238
-0.510064
0.113392
-0.250269
0.68646
-0.218436
0.0350687
-0.16126
0.262552
-1.95679
0.0294506
0.0424598
0.146366
-0.191817
-0.142002
-0.228957
0.0111886
0.221056
0.178243
0.254884
-0.010191
0.0394653
-0.12983
0.0192237
0.487439
-0.193305
1.19121
-0.00483096
0.107033
-0.174275
0.956117
-0.165194
-0.095892
0.279973
0.15123
-0.00148408
-0.366754
0.119044
-0.0903944
-0.331243
-0.0681521
-0.0371836
1.73749
0.547683
-0.194092
0.179171
0.239407
0.13646
-0.139732
-0.106859
0.0632245
-0.142108
-0.383012
0.153306
0.0340884
-0.0813553
0.117122
0.069333
-0.0578809
1.01886
0.0226589
-0.157086
0.0686788
0.0746182
-0.0394561
0.125034
0.089692
-0.142428
-0.020345
-0.19221
-0.7813
0.192108
0.0736299
-0.732293
-0.0905346
-0.0605065
-0.116954
-0.0721921
-0.0580184
-0.100297
0.00168265
0.0600149
0.255735
0.200326
0.104093
-0.0168573
-0.185512
0.0568655
0.160978
0.108591
0.435635
-0.249559
0.521047
-0.193987
0.240049
-0.946531
0.339076
-0.0535253
0.0821733
0.0220497
-0.0337443
-1.52917
0.235957
-0.145424
-0.0398979
0.0739384
-1.5421
-0.0226842
1.7276
-1.28633
-0.186382
-0.501219
-0.21577
0.41258
1.88244
0.202691
-0.0533699
-0.0611995
-0.0133907
-0.4134
1.50904
-0.0582033
0.253937
0.0375385
0.205139
0.0240705
-0.266251
-0.035626
0.0763189
-1.78348
0.111097
0.0899853
-0.00330605
-0.0160335
-0.865155
0.073032
-0.09805
-0.338822
0.0962504
0.0495706
-0.082255
0.0383572
0.250742
1.68776
0.00212794
0.369532
-0.166346
0.0738673
0.408198
0.116574
0.0987622
1.35696
-0.752131
-0.134464
-0.213294
0.0424651
0.718722
-0.12133
-0.259573
0.24184
-0.0871741
-0.956109
-0.838237
-0.113515
-0.0177807
-0.0210399
0.10372
0.00486829
-1.8224
-0.164267
-0.122141
-0.221925
-0.177614
0.103772
0.0539845
-0.0891344
0.235521
-1.85557
-0.402495
-0.0405801
0.00931762
-1.8614
0.0848496
0.0336688
-0.221417
0.401385
-0.270347
-0.030888
-0.0407534
-0.114602
0.33035
-0.654907
-1.35079
-0.301271
-0.348211
0.27576
0.0463643
-0.157282
-0.263014
-1.43777
-0.00733365
-0.0114585
-0.283244
0.00474348
-0.690455
-1.78513
-0.129482
0.14653
0.350291
-0.0353689
-0.037489
1.81417
0.212208
-0.132513
0.198338
0.281426
-0.201715
-0.44879
-0.10224
-0.190176
0.0478568
0.24186
0.200837
-0.414919
0.161425
-0.089129
0.157554
-0.0919875
0.0480826
-0.228196
-1.66987
-0.0491023
0.113916
0.0783606
-0.0287129
-0.0661891
-0.0877909
0.316821
0.248996
0.112602
0.648378
-0.122777
-0.211025
-0.0239926
-0.0303322
0.0893203
0.0459518
0.204114
0.215345
0.177165
0.205757
0.189413
0.295494
-0.0173423
-0.29181
0.00860875
-0.416995
-0.958148
-0.170623
-0.0334057
1.57542
-0.262924
-0.179077
0.343348
-0.247368
-0.0686555
0.353252
-0.0205236
0.0474951
-0.256237
-1.7212
-0.0536658
1.84194
0.23245
-0.213171
-0.149581
0.0589598
-0.157792
0.254538
-0.0373696
0.0684439
-0.0566981
-0.165641
-0.0773569
-0.118513
-0.848818
0.301773
-0.119966
-0.061509
0.230243
-0.325721
0.0385043
-0.445029
0.0402547
0.0422115
-1.54533
0.446212
-0.0399325
-0.249694
-0.0654527
-0.0842824
-0.146124
-0.419144
0.0902559
0.0385139
-0.884549
1.55476
-0.224063
0.0341029
-1.9961
0.0695302
0.953139
-0.0458108
-0.160948
-0.331972
0.212657
-0.153778
-0.130565
1.4817
-0.167677
0.124688
0.168671
0.0304197
0.395045
0.329375
0.24282
0.104458
-0.204482
0.00221187
-0.105161
-0.259062
0.105119
-0.19055
-0.145837
-0.280297
-0.50858
0.204181
0.251434
0.255624
0.204378
0.0493027
1.85497
0.0133324
0.0208533
1.97473
-0.222385
-0.0753227
-0.150096
-0.270957
-0.256527
-0.098834
0.392209
0.0361332
1.10723
-0.0019654
0.455871
-0.200475
0.0123318
0.0872865
-0.151417
-0.214013
-0.00296199
-0.16984
-0.0677736
1.32339
-0.0275938
-0.0774901
-0.129684
-0.0955047
0.101391
-0.0619407
-0.368015
0.0276697
0.16506
-0.043196
0.243501
-0.14463
-0.0526713
1.18252
0.223871
-0.0775167
-0.671712
-1.09719
0.120979
0.0800765
-0.155306
-0.123342
0.164408
-0.0147751
1.01712
1.94427
-0.113141
1.98852
0.73497
0.357881
0.114089
-0.644897
-0.199348
-0.0858644
-0.24991
0.127766
-0.00593275
-0.00749764
0.0471922
-0.136331
-0.171095
-0.13427
-0.457035
0.0316896
-1.80148
0.110938
-1.05283
-0.223728
-0.296372
0.0660313
-0.0744785
0.32673
-0.27343
-0.0334267
0.0541035
-0.198218
-1.65066
-0.361451
-0.0816884
0.25037
0.00702575
0.0407206
1.8675
0.365882
-0.0808442
0.115363
-0.172603
0.242775
-0.173625
-0.178324
-0.446412
-0.0445529
-0.56096
0.121989
0.0801993
-1.74252
0.317202
0.231058
0.0504605
0.139602
0.253886
-0.182484
0.120565
-0.0612022
0.717566
-1.80655
-0.384274
-0.0791517
-0.0935009
0.257767
0.164081
1.89171
-0.0364601
0.105
-0.247222
0.230275
-0.207585
0.869477
1.79799
0.164481
-0.25886
0.0438465
0.0380535
0.120559
-0.0883252
0.00906145
0.291682
-0.210329
0.0226484
-1.23757
-0.0889427
-1.32359
-0.338361
0.00729278
0.124255
-0.122025
-0.267613
-0.00496423
-0.0794493
0.0454156
0.0780846
-0.116658
0.105006
-0.0780049
0.930961
0.071175
-0.103741
-1.23464
-0.382626
-0.0999567
0.0487455
0.113443
0.13127
-0.213255
1.35915
0.213201
0.124963
-0.0548953
-0.129383
1.33051
-0.252056
0.240206
0.118391
-0.369384
-0.225557
-0.261362
0.0339781
-0.0508347
1.27479
0.330236
-0.0320524
-1.61763
0.00938419
-0.558849
0.303358
0.0910702
0.0883632
1.27237
-0.0639055
0.0481001
1.26478
-0.0325263
-0.0901923
0.153372
0.0336482
-1.95109
0.128676
-0.0162989
-0.352359
0.0345273
-0.000789301
0.0479285
0.0913388
-1.96132
-0.128058
-0.0958682
-0.164692
0.295009
-0.126386
-1.05566
0.0684562
-0.0955966
0.437045
0.610557
0.77972
-0.499766
0.165684
-0.284057
0.0768739
-0.155098
-0.357482
-1.82639
0.435906
0.00852017
0.28592
-0.170997
-0.209524
0.240261
0.246811
1.11338
0.034428
-0.146077
0.241815
-0.205918
0.102194
-0.130925
-0.17632
-1.55282
-0.127064
0.763845
0.210512
0.00503598
0.0122939
0.279434
-0.0888862
-1.40026
0.126328
0.269559
0.0136055
1.48562
-1.75473
0.157705
0.795903
-0.204074
-0.128287
0.197649
0.241954
-0.248929
-0.309848
-0.10396
0.048585
-0.144057
0.35431
0.0211353
-0.0132884
0.626544
-0.0316244
0.119034
-0.0446729
0.00846212
1.44064
0.178893
-0.012085
-0.0606413
-0.131764
-0.207125
1.26688
-0.222481
-1.8423
0.240636
0.200374
0.24659
-1.509
-0.514405
0.11842
0.0105763
-0.194424
0.0985054
-0.0621667
1.21645
0.0625389
0.0243314
-0.0210747
-0.189973
0.0782446
-0.216159
-0.975193
1.42232
0.147839
-0.313083
-0.121254
0.0527473
0.301842
-1.48311
0.0746463
0.0101632
-1.58633
0.0579756
-0.280368
-0.382232
-0.0507711
1.1289
-0.123005
0.123415
-0.178929
1.95568
-0.11415
-0.0513736
-0.436787
0.00618554
-0.00980615
-0.0483849
-0.094299
0.146571
-0.0515051
0.312157
0.128032
-0.0669591
-0.214577
-0.0687043
0.405786
0.0771899
-0.212086
-0.00577433
-0.268909
-1.44005
0.0804626
0.00335483
0.0621825
-0.782428
-0.0260495
-0.29277
-0.0903316
0.024747
1.14252
0.153122
1.66667
-0.369711
0.115643
0.256977
-0.082788
-0.0451836
-0.336132
-0.00678646
-0.0809291
-1.6881
-0.40132
-0.0825594
0.188195
0.0167666
0.521099
-0.0402294
-0.177725
-0.122454
0.361651
-0.0143823
-0.353034
-0.0291448
-0.0217819
-0.0708463
0.0361678
0.0657306
-0.394815
0.273891
-0.313223
-0.399854
-0.167736
-0.474471
0.0562404
1.86087
-0.0258459
-0.0208778
-0.338412
0.371365
-1.41846
0.336862
-0.241736
0.213091
-0.0543124
0.0536343
0.269981
-0.447413
0.164107
0.0553687
0.0479351
-0.0236753
-0.30712
0.123059
0.17021
0.222309
-1.94966
0.0668921
-0.155443
0.0129808
0.0774274
-0.0171721
-0.018969
0.29703
0.292255
-0.0913056
-0.0593375
-0.116399
0.0412984
-0.0452708
-0.110646
0.222274
0.0231095
0.136115
-0.218088
-0.0125443
-0.0885607
0.0240552
-0.0611151
0.0966839
-0.0905945
0.366512
0.108794
0.289128
0.256132
0.0660911
-0.206855
0.0266238
0.205412
-0.210888
0.213626
-0.0584545
0.439095
0.0748287
0.245482
0.327646
0.0125969
-0.997238
-0.246703
0.0219908
0.209072
-0.225179
0.774752
0.311092
-0.190398
0.210997
-0.00154514
1.14294
-0.0381066
-0.0593198
-0.209859
-0.340323
-0.166099
-0.0681775
0.0162452
-0.153802
-0.192273
0.240401
-0.26777
0.0302355
-0.0629447
0.46009
1.79574
-0.0166926
-0.561222
0.237481
-0.249042
0.0278352
-0.279342
0.476581
-0.0273427
0.118175
1.42743
-0.0979932
-0.0389589
-0.162268
0.071368
0.224642
-0.138171
0.161845
-0.250832
0.183631
-0.14247
-0.0558353
-0.975691
0.187061
-0.0200812
-0.358784
1.10153
-0.0782201
0.283589
-0.274474
-0.0242554
0.230549
-0.0923049
-0.101596
-0.16154
-0.392902
0.0812266
0.0392381
-0.104643
0.211817
0.173496
-0.0182103
0.117647
-0.0899265
-0.209891
-0.326773
-0.104243
-0.0736098
0.144695
-0.914284
-0.141395
0.279206
0.347183
-0.0837715
-0.0685479
-0.938499
0.0409022
-0.0372477
0.140642
0.242892
-0.144545
1.75332
0.207494
0.359522
-0.0157441
-0.160265
-0.287414
-0.0848864
-0.107513
0.0122621
0.128557
-0.132058
1.55041
0.0563581
0.0624963
0.130052
0.00999292
-0.382068
0.0255143
0.270041
0.0311842
-0.120641
-0.243547
0.0166414
1.30936
-0.244329
-0.0879992
-0.0847465
-0.0838238
0.0160064
-1.51503
-0.0536768
-0.119959
0.209723
-0.0763163
0.119516
-0.142358
0.0380509
1.00307
-0.0687155
-1.10771
-0.0137129
0.141314
-0.0888467
-0.0302808
-0.23709
0.0054267
-0.0710728
-0.221122
0.277473
-0.0886207
-0.337305
0.0187219
-0.131001
0.0871188
0.320922
-0.439379
0.226446
0.273069
-0.00708783
-0.377962
-0.0749639
-0.0649964
0.0705111
0.153269
-0.0506037
-1.44759
-0.0087106
-0.00599731
-0.462517
-0.39492
1.45475
-0.145884
1.80476
-0.135166
-0.120105
-1.27189
0.0282704
1.00625
0.10046
-1.18448
0.109419
-0.0318725
-0.00847441
0.0212234
-0.0765648
0.650212
-0.0144066
-1.09162
-0.0151003
0.189766
0.0182923
-0.147601
0.00530474
-0.133892
0.0553956
-0.0998656
0.0208335
-0.139346
-0.102569
-0.495431
-0.00740967
0.868895
-0.775485
-1.85521
-0.0736735
-0.061905
-0.256304
-0.0331139
-0.134804
-0.0416923
-0.342009
-0.256212
0.00883123
-0.0495646
0.0224343
-0.0552488
0.143915
1.50163
0.283313
0.000342189
-0.0318882
0.0629124
-0.164643
0.145976
-1.35848
0.506
-0.079418
0.105372
-0.665506
0.123348
1.26382
0.104335
-0.0308421
-0.204329
0.235776
-1.08573
-0.0962764
-0.101137
-0.257555
-0.0737652
-0.0924213
-0.183176
-0.112078
0.167492
0.0103316
1.76243
1.12658
0.132355
0.051227
0.111439
-0.0203649
0.00592023
0.18595
0.186557
-0.229049
0.197514
-0.0309178
-0.11603
0.0966383
-0.0181067
-1.15602
0.244826
0.156837
0.0230814
0.124527
0.0285752
-0.137432
-0.0292114
-0.077674
0.173371
0.0438384
0.0967559
-0.0902673
0.0227472
-0.558022
-0.0409736
-0.166398
0.54463
-0.238597
0.138596
0.0600066
0.106906
-0.993733
0.212353
-0.082189
-0.258468
0.0436051
-0.120994
-0.0759408
-0.138899
0.17872
1.03957
0.00406592
0.0356599
-0.17042
0.048673
-0.0445707
-0.0640762
-0.229391
0.0761206
-0.0685087
-0.0227172
-0.265414
0.290002
-0.137808
0.0532334
0.122855
-0.148066
-1.30382
0.0865383
-0.0459217
0.231108
-0.461816
0.205169
-0.114497
-0.0308605
0.00766453
-0.161546
-0.212971
0.32365
0.0823505
-1.69121
0.248059
1.3113
0.179563
0.166921
-0.130952
-0.106608
0.00324738
-0.103092
0.409816
-0.0388477
0.173325
0.328717
0.159685
0.0293017
0.145638
-0.235479
-1.22475
-1.60602
-0.000201724
0.197208
1.62765
1.17758
-0.315822
0.179626
-0.0491491
-0.0249846
-0.0922179
0.111702
0.143256
0.03111
0.0084281
1.82891
-0.0575081
-0.247991
-0.43523
-0.276371
-0.0121594
-0.267376
-0.11497
-0.478564
-0.271109
-0.2359
-0.18969
0.0799629
0.406353
-0.110924
0.0434842
0.288082
-0.533408
0.0142743
-1.67506
0.0285112
1.35363
-0.157961
-0.0680776
-0.133147
-0.151674
0.0422563
-0.988648
-0.28416
-0.202768
-0.226542
0.0389655
0.0870719
0.902809
0.315124
-0.0947859
-0.0386595
0.0342323
0.00483324
0.0856531
1.95081
0.187048
-0.133377
-0.120218
-0.2024
-0.0738209
-0.0423985
0.133253
-0.324729
0.0629874
-0.0635104
-1.80933
-0.115791
-0.066321
-0.0173353
-0.225055
0.354282
-0.0588379
-0.052836
-0.140144
-0.755189
-0.090544
1.94875
-0.292798
-0.115378
-0.243928
0.0703308
-0.259299
-0.335735
0.214893
-0.175487
0.100494
-0.12721
-1.52981
-0.108434
-0.0457827
-0.162294
0.179105
-0.181668
-0.122513
0.251143
0.35389
0.288875
0.0217281
-0.0950881
1.30705
-0.299252
-1.773
0.0794168
-0.600861
0.0461293
0.0553441
0.256149
1.8286
-0.281239
-0.0289909
-1.33304
1.68285
-0.0872602
0.108207
-0.0756506
0.2452
-0.15296
-0.0538416
0.0184722
0.453322
1.78293
-0.205046
0.127678
-0.477181
-0.156355
-0.0931795
0.0474442
-0.038536
0.145439
0.294315
0.138327
0.202786
0.0540346
-1.73873
-0.127116
-0.210854
-0.0372668
-0.169925
0.201566
0.949738
-0.2118
0.108299
-0.153344
-0.133781
-1.41314
0.0273238
1.68844
-0.0896579
0.125945
-0.00653493
-0.0191107
1.63404
-0.133752
-1.51748
0.0683699
0.299832
1.1999
1.17896
-0.237662
0.959922
-0.235091
0.506197
-1.87185
-0.382593
0.203477
0.218044
-0.0549843
-0.0829613
-0.0785488
0.0921399
-0.0367237
0.110328
-0.127817
0.13213
-0.383487
0.652436
0.0571681
-0.661311
0.0806334
0.102914
0.057772
0.0266778
-0.0128299
0.0321591
0.056743
-0.319686
-0.0485528
0.253396
0.302609
0.49652
-0.0426192
-0.124568
0.275168
-0.222354
-0.235746
0.0586464
-0.0910582
-0.204526
-0.0109972
-0.194712
-0.0963958
-0.131411
0.0757357
-0.0911352
-0.155253
-0.067803
1.05389
-0.0472758
-0.125637
-0.328921
0.0230282
0.148046
-0.108603
-0.31223
0.00119075
0.15166
1.99077
0.0745787
0.195969
0.263832
-0.114775
-0.105251
-0.306023
-0.0663327
-0.265345
0.104607
-0.196888
0.0319539
1.54236
-0.00881367
0.141966
-0.150504
1.0263
-0.287351
-0.151082
0.0171251
0.0472133
-0.393421
-0.0837427
-0.0124411
-0.15163
-0.00158959
0.0963111
0.0150832
-0.279783
0.74057
-0.0644513
1.57697
0.0796681
1.5453
-1.69754
-0.267591
0.0091431
0.08532
-0.0653873
0.269944
0.19834
0.0498968
-0.053574
-0.326297
-0.284376
-0.349924
-0.0821822
-0.122608
0.0872831
-0.433735
0.124658
1.93569
-0.0790858
1.83693
-0.0785165
-0.133493
-0.14837
0.0673001
-0.134788
-0.139149
1.08985
-0.0948938
-0.3742
-0.194418
0.211057
-0.593877
0.0732101
-1.3512
-0.0360915
0.139184
-0.688397
-0.246632
1.20245
0.773344
0.109155
0.0323051
-0.319875
-0.0227619
0.237938
-0.0325936
0.0955594
-0.0129591
1.47609
-0.421885
0.140072
-0.0574688
0.00863815
0.0608928
-0.0229281
0.328061
-0.206679
-0.835615
1.66204
0.0043124
-0.220994
0.0129229
1.41339
0.226384
0.069186
-0.0312987
0.649726
-0.00337684
0.331175
0.00584754
-0.104185
-0.297814
-0.473566
-0.0141707
-0.450765
0.154665
-0.843187
-0.068085
-0.160367
0.319278
-0.382605
0.220909
0.0648228
-0.186692
-0.664569
-0.113541
-0.217355
0.0500102
0.645703
1.27174
0.282157
0.0415605
0.26101
-0.205467
-0.0346391
0.0346954
-0.0927125
-0.149265
-0.278271
-1.72898
-1.25789
0.57018
0.0941171
0.202944
0.0876368
-0.0286873
0.238394
0.168326
0.00922101
-0.162095
-0.0461943
0.0676432
-0.0793382
0.0656367
0.0732214
-0.0293206
-0.197617
0.11092
0.0193413
0.121954
0.0313449
0.176985
1.12797
0.0178873
0.145767
-1.00208
-0.619456
0.172958
-0.0375439
-0.0617383
-0.197727
0.212638
-0.0885632
-0.0293044
-0.19829
-0.03838
-0.922899
-0.163687
-0.30649
-0.234208
-0.560293
0.72878
-0.0594582
-0.0446893
-0.894787
0.101388
-0.00806741
-0.0238421
-0.227433
-0.17248
-0.0722725
-0.172603
0.291763
0.0246557
-0.00647059
-0.272738
0.599457
-0.11275
-0.0322439
1.61265
0.0354658
-0.299061
-0.0981485
0.0180874
-0.00333514
0.130834
-0.11141
0.130481
0.109858
-0.117024
0.0807147
-1.44616
-0.216941
-0.759267
-1.23973
-0.0652089
-0.146969
0.0487657
0.0262934
1.62941
-0.129935
-0.0799977
1.93966
-0.0878717
-0.0256944
0.309991
0.104016
0.0712094
-0.191923
0.278587
0.226285
1.8224
0.0184802
0.771585
-0.217229
0.00715396
0.011619
0.060699
1.94155
-0.177477
0.325614
-0.00149411
-0.122488
0.183235
0.202702
-0.129801
-0.282995
0.199243
0.0623775
0.353864
-1.33756
-0.14266
0.050855
0.126872
-0.0805389
-0.208057
-0.0399217
0.217301
-0.207289
-0.0159515
-0.0193972
0.0916141
-0.0994081
0.189987
0.204161
-0.0254932
-0.847441
0.0946989
-0.17274
0.0991603
0.260236
-0.300318
-0.0726992
-0.147757
-0.191511
-0.26592
-1.75948
-0.120189
0.0629945
0.0918652
0.181339
0.438735
-0.0776561
0.0608767
-0.443573
-0.0717853
-0.0502174
-0.273966
-0.123293
0.18277
-1.36406
-0.0427614
-0.270281
-0.176949
-0.353026
-0.885413
-0.124606
0.27017
0.0375164
0.150146
-0.0610124
0.0259151
-0.0370231
-1.23369
1.82907
-0.409287
0.254173
-0.0291713
-0.863388
0.125874
0.0312097
-0.177412
-0.00417271
1.83355
-0.00220601
0.0206884
0.0439567
0.174825
-0.0488191
1.77546
0.0998197
-0.241585
-0.07053
-0.25933
-0.00910612
-0.0728793
0.0884628
-0.144006
0.374734
0.0217281
-0.603785
1.87669
0.185402
-0.0218912
-1.71356
1.99616
-0.0392497
-0.0163652
0.188946
-0.286024
1.19395
0.314283
-0.0986029
0.108282
-0.0611033
0.666257
-0.032607
-0.186648
0.0436212
-0.134131
-0.196076
-1.7061
-0.0259338
0.128637
-0.325836
-0.0772646
-0.194901
-0.0451468
-0.147834
-0.022018
-0.00796922
-0.127483
1.31588
0.05271
0.110024
-0.23004
-0.131681
-0.17171
-0.249911
-0.0437178
-0.800018
0.666594
-0.1507
-0.0572878
-0.205864
0.179347
0.0796406
-0.029181
0.0975126
-0.113088
0.173114
-0.0210236
0.0386144
0.115645
0.107155
-0.113239
-0.253889
0.013821
0.134054
0.0492168
-1.09605
-0.753326
1.54441
0.223235
0.243397
-0.272096
0.0202007
0.0446358
-0.0403786
-0.0842385
-0.304646
-0.205368
-0.0850462
0.110579
-0.163356
0.170071
-0.0214077
0.217094
-0.0279855
0.270015
-0.0940975
-0.285863
-0.278642
0.0831326
0.0662528
-0.144733
0.0235224
-0.0897544
0.0946866
-0.119742
0.364398
-0.142681
-0.244344
0.237061
-0.384872
-0.144612
0.223445
-0.11573
-0.561278
0.769234
0.212255
-0.329261
1.99225
-0.0385375
-0.00336981
0.00410355
-0.214987
-0.0156176
0.237375
0.195093
-0.262532
0.376851
-0.00441176
0.347656
-0.125295
-0.120237
-0.163974
0.454852
0.130604
0.0648048
0.143428
-0.0130761
-0.139695
0.13438
0.545929
0.175452
-0.0627866
0.101623
0.13106
0.0969926
-0.133348
-0.095563
0.171489
-0.290363
-0.105379
0.00204702
-0.126794
0.31787
-0.296069
-0.0447725
-0.0512999
-0.327041
0.0886654
0.248571
-0.201616
-0.194718
0.547622
0.253038
-0.0471613
0.230789
0.283539
-0.185113
-0.114078
0.98014
0.143852
-0.0321866
-0.176692
-0.0302327
0.785882
-0.11737
-0.0921156
-0.871067
0.0583381
-0.216843
0.0745232
0.0837944
-0.147427
-0.15456
-0.143168
-0.1713
-0.205236
-0.278228
0.0548822
0.219572
-0.0499214
-0.180508
0.0985527
0.0862859
0.153735
-0.203509
-0.797163
-0.383908
-0.0077683
0.11933
-0.0706369
-0.339884
0.131258
-1.47477
0.25128
0.187295
-0.361256
-0.42089
-0.0298711
-0.136363
-0.113651
1.2384
-0.0833272
1.05393
0.123621
0.0666666
0.148233
-0.333147
-0.207494
0.0688317
0.296034
-0.111912
0.00666785
0.335047
-0.0207192
0.168484
0.83242
-0.191348
-0.082847
0.254374
1.86153
-0.00414051
-1.19835
-0.0971697
0.00186504
0.0532316
-0.078452
1.10075
-1.12334
0.0282245
0.281385
-0.233845
-0.170929
1.93347
0.29773
-0.202242
-0.110643
-0.207815
-0.0534256
1.36859
-0.174381
0.104147
-0.116313
-0.303193
-0.294483
0.0543916
-0.142697
0.0267141
0.0978756
0.171908
0.891126
0.0117011
-0.0227928
-0.00491517
-0.265188
0.177153
-0.164264
-0.0299524
-0.107701
-0.0189887
0.290655
-0.260649
-0.0588158
-0.203217
-0.137046
-1.73681
0.118712
-0.108656
-0.0527105
-0.0675903
0.080985
1.73576
0.076818
-0.116635
0.132609
0.698833
-0.19466
1.44277
0.0597886
0.182175
1.87035
-0.1427
0.277604
0.0654354
0.283394
0.269241
-0.341777
0.132337
-0.208923
1.42844
-0.0252523
0.39514
0.440486
0.130651
0.0923256
-0.115336
0.290315
1.96175
-0.920232
-0.237921
0.102488
-0.0231624
0.0745747
0.00153156
-0.14772
-0.130355
1.8464
0.287947
-0.0338054
-0.184712
-0.025955
-1.2046
-0.113281
0.204118
0.0451449
1.78769
-0.0664404
1.05349
0.0551416
-0.0458248
-0.0162064
0.0370479
0.413062
-0.0277018
0.406315
1.91403
-0.407684
0.1551
-0.294211
0.0200809
-0.0264653
-0.14837
-0.168633
0.076509
0.209839
0.187863
0.0360148
-0.0838573
0.220267
-0.128621
-0.00276393
0.0054777
0.14241
0.233276
0.105843
0.157017
-0.132004
-0.324493
0.00384956
-0.0668196
1.04457
0.397486
-0.134596
-0.170997
-0.00716054
-0.0957636
0.00286923
-0.431896
0.10745
0.227098
-0.0464968
-0.14615
0.250562
-0.264414
-0.250062
-0.0168785
0.221478
-0.840596
0.708972
-1.2107
0.0852261
0.00949849
-0.0610293
0.122602
-0.0570273
0.149185
-0.433722
-0.147343
1.92641
-0.120275
-0.415956
0.292074
-0.248991
1.96899
-0.243143
-0.079946
0.264543
-0.241905
0.0202387
0.254375
0.0716182
-0.274421
-0.191944
-0.270228
-0.160748
0.180026
0.313443
-0.0491598
-0.304707
1.1699
-1.90728
-0.151598
-0.436746
-1.27588
-0.105862
1.41801
-0.0425613
-0.0834315
-0.0737182
0.0768146
-0.0495958
-0.15148
0.0888358
-0.0766561
-0.333767
0.0477801
-0.0538823
-0.174422
1.87572
0.174054
-0.164282
-0.170362
-0.8824
0.0223483
0.0151769
-0.0375561
-0.10945
-0.0634014
-0.0340475
1.98636
0.24733
-0.110703
0.0049541
-0.0310966
-0.047315
-0.212744
0.232859
-0.569231
0.121629
-0.311875
0.128816
-0.300567
0.0651413
0.0298232
0.442523
-0.0117904
0.0904406
-0.129917
-0.017415
0.361383
-0.262474
0.372225
0.115041
0.053912
0.212534
-0.135329
-0.140778
-0.0934441
-1.05623
0.22322
0.130663
0.0514653
0.0852775
-1.33001
-0.223707
1.61793
-0.27506
-0.229417
-0.144397
0.101168
-0.0599289
-0.0932864
0.147957
0.0162827
-0.134814
-0.0202188
-0.655899
-0.024529
-0.0216505
0.122234
0.375173
0.107269
0.0832658
-1.86319
0.234723
0.156695
-0.0756707
0.528147
-0.282434
0.0687797
-0.15541
-0.348934
0.150247
-0.212808
-0.0343474
-0.0940548
0.650539
-1.73129
1.61452
1.1161
1.12806
-0.115331
0.0851276
0.130949
-0.00945375
0.0311491
-0.0684253
-0.393612
-0.0312172
0.193778
0.0598248
-0.256567
-0.40457
-0.0085059
0.315304
0.0886841
-0.0973043
0.0885071
-0.29914
-0.00844486
0.100672
0.192419
-0.283617
0.0920354
-0.282239
0.029706
-0.343296
0.0513469
-0.0481915
-0.00259821
-0.061934
-0.0667615
0.157396
0.246463
0.0061256
-0.100364
0.0721204
0.121682
0.0352365
-0.0486554
0.176476
1.45011
1.79421
-0.28381
-0.273716
0.0775548
-0.165762
-0.017227
0.00406606
0.0239174
0.356387
-0.010438
0.127037
-0.121586
0.0759031
0.116311
-0.157572
-0.411015
-0.960424
-0.137594
-0.149885
0.126958
-0.424053
-0.0287487
0.0695922
0.411452
-1.61394
0.129971
-1.66493
0.0775313
0.0751762
0.184604
-0.354
-0.416396
-0.120476
-0.135646
-0.175215
-0.229136
1.42602
-0.238041
0.0516612
0.155203
-0.106681
-0.140026
-0.0428837
-0.648303
0.0904284
0.0185938
-0.0285754
0.432298
0.0800362
0.301598
0.294805
0.209182
0.0521287
0.0753575
-0.11778
-0.121448
-0.0810357
0.147937
-0.108104
-0.0709713
1.50748
-0.234462
-0.127553
1.78225
0.131648
-0.0133331
0.0277748
-0.104715
-0.045761
0.0566638
0.0895755
0.00361827
0.0256776
0.0268166
0.0649938
-0.0554336
0.11871
0.0809937
-0.27073
-0.293752
0.103984
0.0745712
0.115454
-0.266899
-0.083167
-0.259259
-0.475543
0.0900832
-0.124726
0.0624394
0.123083
0.0873583
0.0478485
-0.0537829
-0.273338
-0.216702
-1.31633
0.138533
0.0796145
0.551599
0.0684934
-0.0982852
-0.0246919
-1.64482
0.400165
0.103028
-0.0965456
0.441676
0.306973
-0.0698515
-0.0312365
-0.0362286
-0.146892
0.0213085
-0.0635955
-0.0156505
0.337967
-0.227531
-0.219742
0.608419
-0.0654964
-0.000102619
0.17781
1.68451
-0.0112889
-0.0627843
0.0131458
-0.112134
0.0285205
0.00683936
0.0851006
-0.0861344
-0.231472
-0.0246122
0.27087
-0.222708
0.12526
0.0857794
0.178048
0.194064
0.144756
0.0769563
0.247618
-0.076723
0.0107166
-0.0418039
0.0145265
0.193759
-1.94248
0.281663
-0.021324
-0.246118
-0.22869
-0.182765
0.0480901
1.4995
-0.149606
1.50549
0.0425818
0.100531
-0.842965
0.123805
0.298987
0.33152
1.88198
-0.142678
-0.0971731
-0.10762
0.103773
0.127989
-0.0674936
1.11257
0.148525
-1.61674
-0.0249216
-1.06239
-0.300366
-0.0439281
0.0575987
-0.769983
0.0435559
0.275957
0.164212
-0.145768
0.189634
-0.0972102
0.097354
-0.0220611
-0.0284179
-0.113673
-0.0548679
-0.362517
0.0807172
0.0542586
-0.0578054
0.0934748
0.00157056
0.0984621
-0.327971
-0.165662
0.082794
-0.174271
-0.00563581
0.0866996
-0.28256
-0.0293639
0.0109478
0.341164
-0.0133443
-1.39259
-1.45109
-0.0329123
0.083966
0.109666
-0.134128
-0.187344
-0.108196
-0.159092
0.073158
-0.0164383
0.0786627
-0.107714
0.0422453
-0.0759049
0.169059
-0.87743
-0.135982
-0.0016248
0.0677553
-0.0325513
-0.167929
1.93705
1.01919
0.0680273
0.168497
-0.0260721
-0.152667
0.126902
0.151434
0.293569
1.43574
0.458717
-0.130627
0.243848
-0.0508709
-1.77745
-0.281612
0.00441117
-0.279046
-0.0620943
0.0516261
-0.0767055
-0.0131045
-0.0879602
0.0113927
-0.249368
-0.0223929
-0.16895
-0.16155
-0.0359963
-0.157513
-0.190078
-0.466951
0.193539
-0.0841321
-0.391205
0.337171
0.195654
0.0174193
-0.143558
-1.25928
0.494107
-0.115357
0.12039
-0.348663
0.85514
0.121943
-0.114881
-0.258188
-0.0255821
-0.190809
0.179325
-0.412836
0.983296
-0.118208
-0.0110102
-0.187016
-0.0272339
-0.11987
-0.301987
-1.4762
-0.198343
-0.0355413
-0.320658
0.284899
-0.93429
-0.00778702
0.138193
0.0556895
0.0480283
0.0581699
-1.49989
0.343082
-0.178674
-0.104093
0.342024
0.133246
-0.0426967
-0.0562748
0.0890846
-0.0493419
0.056552
-0.058017
-0.243263
0.215473
-0.228773
-0.0810356
-0.252215
0.172222
-0.160392
-0.202504
0.40376
-0.077458
-0.340979
-0.176581
0.156028
0.228591
0.179367
0.33055
0.280802
-0.0580941
-0.14193
0.726651
-0.284005
-0.0320411
0.202202
-0.0262627
-0.310292
-0.126283
0.407873
0.026137
-0.139648
1.09674
-0.0305374
-0.429224
-0.0688676
-0.131293
0.591114
-0.254279
0.0799478
-0.0927678
0.232571
0.243425
0.0160244
0.115576
-0.211574
0.250837
-0.342165
0.280172
1.78142
-0.0842378
0.11562
0.140935
0.951729
0.0748521
-0.129284
0.0140305
0.535267
0.0856609
-0.41061
-0.0742744
-0.117107
-0.0244522
1.16578
0.0930427
-0.494709
0.0376481
0.0097817
0.043077
-0.0476044
0.114592
-0.184558
-0.654977
0.0856151
-0.0765921
-0.082217
-0.026597
-0.147207
0.0857852
0.158557
-0.302663
0.149863
-0.249424
0.102128
0.0126607
-0.417487
0.935963
0.177258
-0.0209186
0.172233
-1.11836
0.0260058
-0.0705378
0.388764
-1.68285
-0.109329
0.107747
0.005447
1.58644
-0.18199
-0.0178022
1.66617
-0.06201
-1.83461
0.172207
-0.0740084
0.117483
0.015738
-0.000939115
-0.134919
0.26141
0.0431077
0.195462
0.0280399
-0.176906
-0.027949
-0.0522042
0.0564065
0.0631108
0.171782
-0.0739632
1.94341
-0.0854955
-0.089534
-0.0658927
0.3262
0.0818078
-0.213565
-0.219745
-0.335349
0.342261
-0.0245056
-0.0990894
0.153832
-0.0082699
0.067744
0.171909
-0.135575
0.316864
-0.153681
-0.164676
0.0132566
-0.0876212
-1.80962
1.79199
0.057466
-0.0649128
0.228495
-0.198506
-0.0952967
-0.0634339
0.326268
0.13887
-1.9597
1.54858
0.2045
1.32115
-0.228576
0.0499476
-0.0511459
-0.272477
-0.0569021
-0.19162
-0.0268233
0.184537
-0.229453
-1.32901
-0.106943
-1.35493
0.410426
-0.0296701
0.0852629
0.102913
-0.109618
0.186156
-0.976896
-0.077687
0.131818
-0.124471
-0.113417
-0.00326283
-0.0383008
-0.166899
-0.125902
-0.225681
0.082973
-0.142607
-0.134563
-0.0732976
-0.324404
0.200688
-1.97206
-0.104313
-0.226332
-0.02466
0.353171
-0.101942
-0.406113
-0.00971392
-0.971255
-0.0535848
0.123391
-1.59561
0.0208993
0.212302
0.186155
0.125372
-0.377876
0.97012
0.228845
-0.322446
0.152691
-0.0220379
-0.0417552
-0.184069
-0.00961901
-0.178906
-0.429518
-0.230126
-0.239703
0.12601
-0.955157
-1.02484
-0.0728686
-0.0624425
-0.186989
-0.142598
0.149266
1.47236
-0.0878878
0.216827
-0.187295
-0.196187
0.106238
-0.31082
-0.06563
0.0579854
0.0372049
-0.0376072
0.113613
-0.00788952
-1.09858
-0.108254
-0.26513
-0.0256809
-0.0130588
0.0912602
-0.0550807
-0.0557372
0.0292508
0.142965
-1.46556
-1.00772
-0.070298
-0.465214
0.465432
-0.12407
-0.300605
-0.17007
0.257949
1.89544
-0.201997
-0.244472
-0.016868
-0.142423
-0.0636933
-0.416089
0.44208
0.138661
1.9534
1.81209
0.00577648
0.0304922
-0.0719865
0.111684
-0.19073
0.255417
0.0444023
1.49767
-0.0512765
0.227989
1.79475
0.0454315
0.531138
0.0873665
0.0206756
-0.0969371
0.208386
0.336899
1.43723
-0.0158587
0.231393
-1.33058
1.50397
-0.00258399
-0.141998
0.0504841
0.24086
-0.294752
1.95286
0.127915
-1.95473
0.0554907
-0.0934909
0.0854949
0.277552
0.0534208
-0.107663
-0.0616837
0.255387
-0.0685816
1.44682
0.0653244
-0.279719
-0.333774
0.0442243
-0.0143072
-0.0590533
0.174236
0.0859241
-0.0133534
1.2823
-0.977896
0.131623
-0.214482
0.00077223
0.185216
1.62644
0.0436118
-0.505172
0.0329549
-0.150059
0.17233
-0.097418
0.239693
-0.0900707
-0.0665226
-0.198389
0.0550572
-0.0976069
-0.152732
-1.73035
0.0387088
-0.173755
0.0542773
0.120417
-0.350018
0.162177
0.23343
-0.0216878
0.266981
-0.29189
-0.222728
0.135757
0.0977006
0.0339716
0.376563
-0.0644641
-0.0786856
-0.854976
0.170287
0.237012
-0.144667
-0.0790684
1.34943
-0.156019
-0.116083
0.195962
-0.0596085
0.104891
0.161166
-0.146587
0.218637
0.0872324
-0.337583
0.0404895
-0.16932
-0.164602
-0.0495208
0.0215824
0.0469248
-0.307125
0.00301334
0.242669
-0.174843
0.0723062
-1.53314
-0.0523925
-0.63932
0.107134
-0.00317613
-0.0584152
0.00132368
0.154638
-0.859212
-0.0263548
0.0397004
0.00348628
0.150989
0.0646317
-0.00160212
0.15945
0.190682
-0.106097
-0.082213
1.07382
-1.13569
0.903462
0.0902253
-0.0242258
1.77821
0.184246
-0.0245369
-0.0799234
0.49139
-0.164057
-0.184381
0.0374489
0.07989
0.257965
-0.000408055
0.0708329
-0.0942843
0.00299849
1.64988
-0.065882
-0.0320712
-0.153866
-1.09987
0.0120403
-0.244497
0.0797375
-0.127477
-0.0342435
0.10075
0.0599735
0.165053
-0.012682
0.111999
0.211831
0.113183
0.150919
-0.169604
1.27234
0.393605
-0.036926
0.0863288
-0.103982
-0.221382
-0.0321102
-0.0612552
0.0803474
-0.105871
0.214414
0.405776
-0.170699
-0.169634
-0.0919815
0.15234
-0.633778
0.27979
0.156995
-0.099069
-0.160294
0.167677
-0.250858
0.0374621
-1.03714
-0.135606
-0.123773
-0.0915762
-0.213496
0.385279
-0.524894
0.191143
0.0990079
-0.0994688
0.00370483
-0.260446
-0.0247113
0.229301
-0.0169739
0.0812133
-0.0148893
-1.8311
0.0594717
1.5675
-0.190852
0.296996
-0.0621345
-0.210266
-0.118563
-0.0569082
0.00190796
0.314944
-0.147555
-0.0341495
-0.282805
-0.0487314
0.0851343
0.142577
-0.13003
0.141238
-0.221063
-0.0839365
0.111987
-0.236018
0.0764889
0.161811
0.0382409
-0.135066
-0.178903
0.0587021
-0.0863856
0.196079
0.0240565
-1.20567
-0.00952147
0.0498086
-0.130639
0.187721
-1.43638
-0.0591107
0.179301
-0.119926
-0.0549344
-0.171206
1.12441
-0.16485
-0.0233867
0.264985
0.582323
-0.0263219
0.0369902
-0.033092
0.281468
-0.082031
0.107054
-0.0670997
0.29395
-0.319596
-0.459828
-0.169012
0.912853
-0.000125126
0.469311
1.72291
-0.0259819
0.137189
0.161142
0.182597
-0.202411
-0.07562
0.338094
-0.16215
0.330891
-0.528736
-0.140748
-0.12744
0.368247
-0.94524
0.059694
-0.695857
-0.0708703
0.850294
0.122303
-0.222509
0.0144731
1.4513
-0.174621
0.185803
-0.0882177
-0.145184
1.10911
-0.0282406
-0.0845137
-0.259143
-0.0912214
-0.0960742
0.213471
-0.267406
-0.0828032
0.497906
0.152608
0.100179
-0.236396
-1.09536
-0.0644324
-0.207797
-0.275901
0.273232
-0.166813
0.098644
0.0742012
0.204619
-0.0694996
0.162542
0.0743521
0.236894
-0.0623561
0.133907
0.0714863
0.0404925
-0.117027
0.024823
-0.146805
-0.0536474
0.161498
0.304841
0.155039
-0.228763
-0.242897
0.212485
0.07763
-0.0444787
0.0664639
-0.288027
0.424832
-0.295631
0.367526
-0.326261
0.0876573
-0.227339
-0.108579
1.60411
-0.256128
0.105485
0.106518
-0.0552696
0.31054
-0.157498
-0.0394149
0.0985679
0.170611
-0.0300847
-1.07978
-0.0303071
-0.080918
-1.29571
0.223777
0.276903
-0.0690332
-0.0680688
0.0590056
-0.0802968
-0.121029
0.147351
-0.37399
0.11551
-0.889299
0.137496
0.0823529
0.350676
-0.0625979
0.0261462
0.460845
0.0457214
0.0368663
0.200689
-0.184504
-0.0412107
0.450083
-0.235516
-0.510221
0.664389
-0.123782
0.253307
-0.101179
-0.0021603
-0.171293
-0.137269
0.0185229
-0.201965
0.164857
0.109906
-0.0710965
0.209475
0.273984
0.0311502
0.224322
-0.103267
-0.0770203
0.0689192
0.277232
0.153363
-0.283017
-0.0143332
0.124246
-0.496732
-0.151918
0.256698
1.67662
-0.413913
0.175644
-1.27865
-1.21607
0.0338352
1.46173
0.450773
0.392897
0.167315
-0.114929
-0.0743614
-1.00521
-0.131062
0.0713456
0.483228
0.1936
-0.684723
-0.458461
-0.155942
0.113321
0.198195
0.505647
-0.341681
-0.0265546
-0.157063
-0.0664749
0.220544
-0.0134734
-0.00490863
0.00987955
-0.340191
-0.240334
0.341652
0.117552
0.0932141
-0.313674
0.319907
1.25915
-0.0497278
0.0486862
-0.267109
0.168325
-0.223073
-0.263992
-0.499255
0.335956
-0.0795681
0.17568
-0.189503
-0.529996
0.200075
-0.0236084
1.49836
0.345601
0.194051
0.444211
0.0493942
0.157192
0.122832
0.0804666
-0.0568473
-0.235867
-0.253107
-0.221219
0.196914
-0.101615
0.152244
-0.177335
1.64669
0.159757
-0.0325133
-0.106455
0.11378
-0.0816497
-1.10777
0.0530888
0.0611909
0.0988382
0.4008
0.312412
0.107888
-0.0881047
-0.190207
-0.138887
-0.169015
0.142435
-0.167115
0.0111217
0.345761
-0.223294
-0.151099
0.0450495
-0.00136937
0.200439
1.80179
-0.018916
1.53721
0.794807
-0.137407
0.175582
-0.059285
0.0596946
0.0441284
-0.40184
0.8914
0.125536
-0.0942842
-0.0868839
-0.123302
-0.0598493
1.56178
0.0824762
1.33006
0.177626
0.258202
-0.377669
0.385673
-0.0977818
-0.0405952
-0.459939
0.0891896
-0.345864
-0.057079
0.0754424
-0.469336
-0.18928
-0.199403
-1.34363
-0.14509
-0.236935
-0.713144
0.110664
-0.0537921
0.234907
-0.126274
-0.393886
-1.82322
0.228128
-1.32288
-0.708631
-1.62784
0.108925
0.308128
-0.159078
-1.62751
-0.209409
-0.0628738
0.109431
-0.252311
0.2652
0.123914
-0.125787
-0.134256
-0.256115
-0.288531
1.22283
-0.688172
-0.273312
0.0548114
0.532756
0.0659359
0.294549
0.140376
0.214885
0.252781
-0.0562829
0.0621101
-0.26921
0.0837611
-0.0149557
-0.47888
-0.313635
-0.0543527
-0.132835
-0.140239
0.00560773
0.258042
0.153652
-0.0471736
0.202121
-0.0095342
-0.0303402
-0.0151159
0.0360464
0.0807379
-0.238503
-0.247548
0.167378
0.0816572
0.0671637
-0.180257
0.189862
1.33502
0.0291404
-0.230608
-0.143185
-1.08523
-0.214491
0.0772866
-0.297079
-0.00748838
-1.56671
-0.0548836
0.0901163
-0.257517
-0.575848
-0.295924
-0.197345
0.0743226
1.19267
0.0823318
-0.0892744
1.78479
-0.0388844
0.14256
-0.0368176
-0.143127
0.442293
-0.15132
0.116403
-0.172646
0.339563
-0.269435
0.0379496
-0.118478
0.427243
-0.213005
0.171133
-0.0701008
-0.406837
0.00863871
-0.227597
-0.30596
0.248052
0.243726
-0.109796
1.07302
0.899387
0.0842765
-0.0583774
0.12558
-0.0151963
0.142297
0.115735
-0.0653314
0.398797
0.284757
1.53453
0.0389601
-1.00633
-0.0522875
0.187045
0.134033
1.87539
-0.195313
0.0642063
0.129363
-0.00241279
-0.402776
-0.190385
-0.221905
0.0747476
-0.115525
0.416605
0.0212006
0.171587
0.0603073
-0.180594
1.83804
-0.112512
1.66614
0.0523518
-0.90332
-0.111101
0.615957
-0.0902022
-0.266277
-0.0716703
-0.00115751
0.10183
-0.154905
0.111064
-0.0843236
0.464463
1.51288
0.208098
-1.63377
-1.40976
-0.641209
0.0751596
0.232859
-1.94308
-1.28524
0.255755
-0.12506
0.237435
-0.0213641
-0.0202005
-0.210059
0.0249675
0.13345
-0.0149349
-0.0418666
-0.111466
-0.158283
0.0400467
0.0886773
-0.00878428
-1.33362
0.0408254
0.0224606
0.366247
0.00176589
0.0528682
0.0630177
-0.019629
-0.0990653
-0.095042
-0.377619
-0.0596435
-0.0207094
-0.0143829
0.10866
0.419357
-0.0268447
-0.0577406
-0.129344
-0.232661
0.307888
-0.0443878
0.793008
-0.353642
0.241598
-0.114841
1.54446
-0.148161
0.645525
-0.170993
0.251254
-0.102413
-0.199086
0.197169
1.94087
0.275018
0.0911212
1.8058
0.0276441
-0.217038
0.291513
-0.0998664
-1.39374
0.0870719
-0.114039
0.225874
0.184672
-0.475951
0.23222
0.252269
0.0781859
0.348715
-0.311865
0.00483652
-0.0514695
-0.151518
0.161643
0.104502
0.103601
0.698761
-0.217684
-0.211463
-0.170997
-0.455208
0.171591
-0.0704333
-0.287157
0.233852
-0.154609
0.0393215
0.0457305
-0.015908
-0.138116
-0.00564427
-0.285265
0.163132
1.27703
-0.306882
-0.0368387
0.37206
1.22078
1.13045
1.57978
-0.117597
-0.145663
0.0603545
-0.189105
-0.111086
-0.211402
0.198346
-0.922021
-0.0288038
-0.0966977
-0.276898
0.422384
0.195101
-0.0946064
0.616688
-0.00702262
0.0867357
0.305831
0.0599406
-0.0948399
0.0368976
-0.108677
-0.101849
0.449593
0.318184
-0.273913
0.233667
0.785661
0.262099
-1.93521
0.137695
1.23051
-0.382464
-0.281404
0.0981566
-0.337593
0.0627428
1.69145
-0.0708092
-0.135202
-0.162377
0.123426
-0.00252495
-0.0328298
-0.0207159
-0.637911
-0.303299
-0.0951551
-0.196787
-0.0726739
-0.133043
0.273972
0.0105867
1.82795
-0.254768
-1.25715
0.118922
0.864989
-0.203796
-0.187652
0.791339
-0.166747
-0.0328286
-0.0796065
-0.0536251
0.242893
-0.0050855
0.0549471
0.0351851
0.122173
-0.304741
0.0135572
0.0540405
-0.982716
0.0415191
-0.0449303
0.145191
0.147549
0.154793
0.119334
-0.139672
-0.244919
-0.235247
-0.182386
-0.0189386
0.0487331
-0.117702
0.00120623
0.194352
-0.758342
-1.59365
0.0401276
-0.151743
0.583945
-0.0941119
-0.137851
-0.284046
1.01494
-0.0973308
0.206175
-0.149406
-1.38526
0.138207
-0.198052
0.138818
-0.132422
-0.0306185
0.292564
0.11198
0.217353
-0.0185884
0.0228192
0.231676
0.00349087
0.0331598
0.148332
-0.122291
-0.0335985
-1.76045
-1.06187
0.177514
-0.222561
-0.200118
0.470669
-0.477352
-0.124622
-0.0600496
-0.226845
-0.460461
0.147994
-0.174601
-0.0946236
0.00353104
0.129741
-0.250604
-0.101695
0.0571546
-0.393661
0.186047
-1.81664
0.221529
0.0775874
-1.29075
-0.053475
-0.169589
0.169811
-0.0666155
-0.139833
-0.18863
0.294281
0.0762024
0.833461
-0.307257
0.132689
-0.071058
0.240677
-0.180887
0.132499
-0.479232
1.06313
0.357955
0.0180995
-0.148624
0.00800638
0.0888987
-0.338205
0.0568498
0.000194054
1.66376
-0.229629
-1.28765
-0.136146
-0.197004
-0.0345865
1.84965
1.78733
-0.0310382
-0.0188937
-0.1728
1.19481
1.78692
0.128017
-0.0976065
-0.156256
-0.0810897
0.096279
-0.0540334
0.289144
0.00351045
0.0576582
-0.596224
0.75786
0.0453431
0.00485132
0.190028
-0.0562222
-1.01087
-0.0596065
-0.206585
-0.106696
-0.154962
0.0506711
-0.0494988
-0.295954
0.0395862
0.748832
0.100151
-0.313746
0.109107
-0.0424604
-0.173502
0.142652
1.65081
-0.172897
0.20132
-0.0351619
-0.0308254
0.354806
-0.198056
0.613098
-0.418893
1.68447
-1.49708
0.0422269
-1.77244
-0.333972
1.52008
-0.0845907
-0.110185
0.425794
0.0390054
0.174852
0.330136
0.220256
1.08318
1.30048
0.0804941
-0.0863947
-1.92437
-0.355423
0.175383
1.48877
-0.117837
0.0203905
-0.16232
-0.018934
1.99312
-1.99698
0.0231566
-0.0230888
1.26293
-0.10379
-0.0305373
1.15156
-0.166405
-0.130609
-0.00441975
-0.0592258
0.0028762
-0.0892247
0.1917
-0.715847
0.0607367
-0.13926
0.102251
0.206306
-0.225871
-0.0525143
-0.213959
-0.27843
-0.00261822
-0.0272234
-1.32473
0.0290371
-1.78552
0.0358017
-1.73361
-0.0987917
0.0892672
0.212504
0.127583
-0.035703
-0.0289129
-0.0315405
-0.211822
-0.0848891
-0.0315557
-0.292321
0.140768
0.083837
-0.011942
-0.0519803
-0.0490352
-0.501151
0.281759
-0.28042
-0.0718307
-0.14677
0.103254
0.25696
0.203178
-1.21031
-0.162089
-0.161052
1.26784
-0.0144583
0.00507815
-0.0567226
-0.0810669
1.22608
0.00786087
0.796001
-0.116769
0.153747
-0.200522
0.0699591
0.105589
0.0267129
-0.117649
0.0267953
-0.0198055
-0.0207031
0.0700416
-0.0120256
-0.027687
-0.067096
-0.201127
0.215784
0.0658258
0.00516337
0.277217
-0.120702
0.0180129
0.581782
0.297429
1.26968
-0.0917463
-0.266996
0.0114493
-0.0929626
-0.119767
0.335641
-0.216024
0.0747486
0.139272
0.227403
0.27069
-0.135035
0.924118
0.038932
0.114904
0.180979
-0.011151
-0.105516
0.353578
0.0555407
-0.124109
1.09601
0.0315994
0.129752
-0.181815
0.0738289
0.0546801
0.0273539
-0.180075
0.023281
0.304448
0.0737378
0.028765
0.110836
-0.296683
1.40432
-0.506124
0.12165
-0.156677
-1.94149
-0.0470413
-0.00357113
0.0447392
1.72872
-0.0834772
-0.324831
-1.96649
-0.20499
1.75491
0.140071
-0.0346664
-0.347483
-0.042728
0.0614702
-0.387998
0.024876
-0.0577308
-0.044109
-0.13077
0.926131
-0.347832
-0.210299
0.00503125
-0.000522416
-0.203072
0.055133
1.8018
0.124678
0.571585
0.0839025
-0.414931
-1.02664
1.19358
-1.51184
0.126861
0.220334
0.0957331
-0.220275
0.14481
-0.254602
-0.0818433
0.315712
0.0193896
-0.846206
0.0867424
0.0373993
-0.270723
-0.22959
0.0443935
0.1115
0.157503
0.11943
-0.245836
-0.0587716
-0.128791
0.0919042
0.0326033
0.13433
0.0997781
-0.275039
0.102431
-0.164536
-0.194597
-0.138419
1.21504
-1.63189
0.0414169
-0.303306
-0.0938737
-0.00677444
1.93364
-0.390162
0.0623221
-0.0835167
-0.481604
-0.0982318
0.181184
0.28801
-0.0641608
-0.0109381
-0.191167
0.177149
0.00204667
0.0354853
0.174366
0.951184
0.418556
-0.0510095
-0.0591656
1.44245
-0.685846
-0.282119
0.250516
-0.0260575
-0.0951943
-0.0365792
-0.147363
-0.0544095
0.162139
-0.153489
-0.429576
-0.150156
0.0837932
0.0239995
-0.309245
1.01645
1.63381
0.22342
0.0563324
0.213444
0.0654783
-0.263198
-0.904595
-0.598372
0.0848267
0.0482715
-0.111306
0.161315
0.225936
-0.0359069
-0.0315413
1.255
0.370743
-0.180372
-0.451791
-0.195986
-0.0578961
-0.19008
-0.0303664
-0.233391
0.0228035
-0.0590233
0.0780834
0.0576635
-0.0800294
-0.123196
0.997221
-0.188459
-0.0427835
-0.32113
0.0864625
0.0307155
-0.913213
-0.352162
-0.0424866
-1.92411
0.0868712
0.305328
0.112671
0.18498
-0.745529
1.65494
-0.0112892
0.22875
0.377885
-0.13344
0.12725
1.0601
1.23691
0.0775931
1.22166
0.0583806
-0.0318074
-1.57972
0.0284748
0.143312
0.039542
0.290944
-0.318677
-0.193203
-0.143356
-0.00316106
0.173957
-0.394189
0.142382
0.872492
0.180513
0.00820647
-0.0638709
1.52861
1.43352
0.0268918
0.244953
0.0833347
-0.153017
1.52003
-0.108259
0.0226846
-0.325702
-0.00509953
-0.235296
0.477964
0.0119368
0.236226
0.15356
0.0982578
-0.152555
-1.41271
0.75828
0.00346886
0.0128851
0.0691355
0.18931
-0.131298
0.632145
0.010025
-0.182061
0.343981
0.126717
-0.0522296
0.0295188
-0.142502
-0.149554
0.0411258
0.21317
-1.45995
-0.378347
0.0471258
0.0738934
0.200888
0.420687
0.0700901
-0.245672
-0.236621
-0.0542653
-0.11369
0.241082
-0.106926
-0.0904382
-0.0759119
-0.064044
0.344697
-0.314409
0.100496
-1.75249
0.115015
0.332533
1.57141
-0.0125561
-1.93275
-0.0979262
0.0705081
0.146884
-0.175927
-0.298386
-0.130723
0.0512063
-0.00027174
-0.0407441
0.299419
-0.0480889
-0.100721
0.0968328
0.213835
-0.394286
-0.236004
0.00872032
-0.0720336
-0.0696312
-0.119248
-0.000648555
0.145821
0.0643788
-0.0403768
0.354655
-0.250162
0.119255
-0.446261
0.305382
-1.6522
0.635752
0.0806313
-0.182008
-0.22237
-0.121828
-0.0223933
-0.00361568
0.00980635
-1.21832
0.0872848
0.0546051
-0.913143
0.116699
-0.0388699
0.155544
-0.238696
0.339967
1.21591
1.74772
0.253003
-0.148454
-0.133852
0.0252974
0.0307915
1.87064
-0.0380865
-0.0843583
-0.854398
0.10816
-0.57157
0.605018
-0.100285
0.0833659
0.250829
0.238707
-0.216997
-0.273996
-0.0490135
0.189494
0.00538807
-0.98792
-0.0181054
-0.115994
-0.252676
0.0316571
-0.52497
0.121274
0.500045
0.0123718
-0.268082
0.354261
0.170043
-0.323129
-0.151028
0.00483982
0.201827
-0.0373846
-0.0580245
-0.138385
0.171977
0.0602192
0.0237576
-0.130798
-0.121937
0.0493286
1.86701
-0.0714033
0.0334787
1.38544
0.0632282
-0.413663
0.0155391
-0.339966
-0.396058
0.299004
0.0647822
-0.767097
1.00991
-0.0776706
0.0702377
0.325006
0.199187
0.205651
0.00966126
0.145669
0.103945
0.15099
-0.157809
-0.102945
0.166925
1.59766
0.126697
0.174289
0.0558249
0.0175289
-1.86946
-0.0240745
0.00212498
-0.0202117
-0.241305
0.350509
-0.128815
0.183977
0.0200433
1.98434
0.261833
-0.0103323
0.690352
-0.107919
-0.278724
0.261314
0.0499475
0.00835387
-0.16297
-0.0619827
-0.463326
-1.49117
-0.000884843
-0.140261
-0.125292
-0.0159305
-0.210698
-0.12346
-0.107545
0.112477
-0.780104
0.390542
0.102869
-0.14698
-0.191974
0.117833
0.192378
0.101897
-0.269162
0.467913
-0.160307
0.0442283
1.86466
-0.236055
0.303454
-1.15422
0.325516
-0.313552
0.0229032
-0.0173378
-0.22639
1.88278
-0.232477
-0.0143747
-0.288943
-0.0466667
-0.000261132
-0.0651886
-0.154627
0.0680585
-0.00291335
0.22425
0.103816
0.167415
0.311937
0.0342695
0.0117783
0.128899
0.584917
-0.239428
-0.0162016
-0.244048
1.06257
-0.11947
0.333032
-0.360305
-1.84485
-0.076548
-0.152004
-0.069461
-0.666332
0.176811
-0.182785
-0.293701
0.257238
0.129149
-0.265114
0.0255327
0.12226
0.30301
-0.184929
0.0873137
0.216828
0.0750587
-0.0119945
0.236922
-0.0372199
0.435663
-0.0767539
0.134555
0.308056
-1.7353
-0.00865236
-0.0508562
-0.0884399
-1.15808
-0.0589471
-0.0316396
-0.258422
-0.212204
0.062138
-0.205601
0.0278662
0.831475
0.320284
-0.573813
0.182281
0.169988
-1.78834
-0.441529
-0.364898
0.0363106
-0.720675
0.101255
0.778741
-0.481292
-0.164782
1.34232
0.188902
0.171022
0.0310289
-0.050101
-0.0186564
-0.0139281
0.107022
0.128884
-0.261771
-0.121271
0.263554
-0.036502
-0.258124
-0.0692245
-0.0905602
-0.129737
0.0700609
0.102026
0.0253143
0.111098
-0.252614
-0.249244
0.000300065
-0.722617
-0.0750182
-0.0557107
-0.920778
0.136254
-0.126482
-0.0261433
-0.0654311
-0.0697106
-0.0809635
1.88827
-0.169586
-0.24109
-0.122604
-0.288527
0.130816
0.429691
-0.223216
-0.0772765
0.118044
0.0295718
0.141046
0.206469
0.094959
-0.162341
0.213001
-0.178232
-0.136221
-0.380948
-0.326988
-0.19962
0.455104
-0.139127
0.00558548
0.0871052
0.219112
0.693067
0.460041
-0.250583
0.0891829
-0.34882
-0.101934
0.109042
0.00396767
-0.518045
-0.00737862
0.064327
-0.123457
-0.00549664
0.0756296
-1.47855
-0.110575
-0.0954481
0.474547
0.214162
-0.209366
-0.188084
1.03567
0.22826
-0.0483021
-0.0347539
0.415121
0.0558075
-0.0368251
1.45355
-1.71373
0.157295
-0.180282
-1.8067
0.117239
0.0125787
0.635511
0.0292509
-0.103738
0.0578712
-0.0262198
0.22474
-0.190678
-0.304224
-0.184877
0.409259
0.105068
-0.802694
-0.00955175
1.0842
-1.79325
0.0407889
-0.262907
-0.0703377
0.600583
-1.21354
0.323394
-0.0198232
0.0285026
-0.0642276
-0.319698
1.14968
0.0983118
-0.482064
-0.041735
0.0327873
-0.198786
0.155954
0.178764
0.0830015
0.00552636
0.0677179
-0.128434
0.152396
0.0215737
-0.121381
0.204578
-0.0607632
-0.0462063
0.219708
-0.0183346
-0.0326996
-1.60693
-0.285517
0.132595
0.290988
1.60671
-0.0328223
-0.0100754
-0.14843
0.194863
-0.227082
1.61167
-0.0360783
-0.0515294
-0.0957277
0.169752
-0.066094
0.0928492
0.232633
0.0525633
-0.723275
0.0757316
1.55674
0.0151459
-0.0499542
-0.0240258
0.171954
-0.0679556
0.0489302
0.107953
0.0489337
1.89027
0.256746
-0.0213996
0.0952931
-0.0440799
-0.0203318
0.0977416
0.237
1.74521
-0.0360658
0.302482
-0.0823941
0.167138
-0.144105
-0.117772
0.185887
-0.150341
-0.0329495
0.0973756
0.0798797
0.0407972
-0.0182095
-0.217676
0.114348
0.00704967
0.0296284
-0.0647709
-0.0145165
0.228895
0.954324
0.00528324
-0.188197
0.129292
-0.0082892
-0.0096212
0.0700361
0.0391174
0.134131
0.151862
-1.9238
0.116946
-0.0288773
-0.264373
-0.102682
-0.0915481
0.162905
0.0922956
0.0124409
-0.00645422
0.0450414
-0.230276
1.66169
0.179649
0.0767238
0.174404
0.141963
-0.0705864
0.0825151
0.0595461
-1.156
-0.217283
0.11537
1.37587
-0.0601769
0.00784854
1.34619
0.0512762
0.195669
-0.170687
0.245465
-0.0744873
0.118766
-0.108664
0.0807531
1.67996
-0.0198661
-0.000710945
0.155351
0.0484555
-0.0366147
0.194302
-0.083447
-0.0203548
-0.0860407
-0.319756
0.35765
-0.164128
-0.123954
-0.856944
1.2522
0.90261
0.183378
0.297602
-0.0431173
0.0193039
0.107269
1.52232
-0.262926
0.00860101
0.213256
0.172695
-1.16085
0.913145
0.120807
-1.01654
0.0897896
-0.147972
0.646355
-0.0817324
0.250278
1.57444
0.0225444
0.081569
-0.0146999
0.884471
-0.52989
-0.0121044
-0.719516
-0.0745949
1.43081
-0.191585
-0.272583
0.888042
-0.298091
0.0547025
0.963672
0.390245
0.122538
-0.182394
-0.0647197
0.490094
0.103022
0.318791
-0.127325
0.0514288
0.267933
0.259082
0.0512204
0.0633708
0.000194341
0.0359238
0.0742929
0.0040765
0.148463
-0.151597
0.149442
-0.120719
-0.0641118
-0.0479548
-0.0278134
0.0703636
0.0751724
-0.262802
-0.16206
0.0104757
0.0747603
0.216478
0.047934
-0.256809
-0.178106
0.159087
0.734669
0.187106
0.0632677
0.26078
-0.175554
-0.655628
-0.204898
-0.0936443
0.118479
-0.103419
0.0977693
-0.314021
-0.0438689
-0.127289
-0.316764
0.855539
-0.224594
-0.113091
-0.0231
1.94518
-0.0155827
0.011293
-0.17463
-0.148826
0.163289
-0.214746
-0.175442
-0.289972
0.936891
0.167483
0.0684171
-0.0359091
-1.51714
1.72415
0.135143
-0.0776546
1.87313
-0.509483
-0.134182
-0.0709634
0.0872597
0.120134
0.180146
-0.0840083
-0.330306
0.317962
-0.107135
0.361232
0.324179
0.00645523
-0.769405
0.214222
-1.97424
0.104161
0.027898
1.41343
0.202998
-0.256379
-0.015403
-0.00200731
0.0109164
-0.0753346
-0.419371
-0.119259
0.00664159
-0.00232725
0.00651245
0.179278
0.0523431
0.199012
0.454185
-0.0150511
-0.127654
0.0375639
-0.131596
0.256736
-1.85929
0.57106
-0.164531
0.431075
0.00805096
-0.0315272
0.385877
-0.369234
-0.311001
-0.422961
0.0925201
-0.00689318
0.129093
-0.190868
-0.210937
-0.531644
-0.227717
-0.0358282
-0.307007
-0.359626
-0.138422
-0.0163534
0.172076
-0.101121
0.0495126
0.393866
0.0386482
-0.186259
-0.0178626
0.0966221
0.213573
0.1382
-0.00766772
0.0232286
-0.209006
-0.369294
-0.0712142
0.109236
0.250438
-0.00168199
0.287378
-0.235414
0.0853002
-0.235434
0.142536
-0.0777794
0.0526154
0.00758979
0.0327672
0.157777
0.0367619
-0.0125268
0.901857
0.00953679
-0.0564101
0.268279
-0.00120235
-0.116623
-0.231307
-0.307875
-0.0972278
0.452606
-0.103633
1.94588
0.0602814
-0.204988
-0.196011
-0.0283594
1.68285
0.150955
0.0343451
0.30777
1.28801
-0.0952056
1.72251
0.415293
1.17004
0.108908
-0.23494
0.187051
-0.0954622
-0.248696
-0.183744
0.0552338
-0.0123267
0.217182
0.138405
-0.0712383
-0.00217471
-0.0222369
0.00929452
-0.0054689
0.0278148
0.0895471
-0.377039
-0.252341
0.0517952
0.102774
-0.0255461
0.0320218
0.363632
-0.149952
-0.13902
0.0659806
0.231293
0.21721
0.0106702
-0.0425525
-0.138349
0.186368
-0.332721
-0.0470835
0.114916
0.0198703
0.100642
0.120363
0.0932937
-0.151662
0.0854796
-0.0907327
0.0240581
0.0636534
0.227089
0.258272
0.0864312
0.258118
0.101375
-0.0785602
0.0187045
-0.13983
0.700573
1.09578
1.58829
0.0159138
-0.219925
0.757419
-1.41549
-0.0100892
-0.0102231
-0.145822
0.0590887
-0.234116
-0.154983
-0.981057
-0.200233
0.059075
1.68711
1.18932
0.870277
0.788677
0.142534
1.9242
-0.161265
-0.155912
0.243308
0.503697
0.178475
0.0207208
-1.77102
-0.550887
0.391134
0.181454
0.205428
0.0665677
0.180502
0.221298
0.0113574
0.111952
-0.0871881
1.15472
-0.0733393
0.266868
0.0157601
0.183822
0.336277
0.0729168
-0.0399983
-0.0492932
0.159087
-0.133031
-0.0762848
1.44021
-0.121535
-0.185801
-0.0462336
0.0933685
-0.167193
-0.146988
0.0390083
0.129555
-0.198667
0.386405
-0.81132
0.158067
-0.0382626
-0.131018
-0.0750737
1.80718
0.332575
-0.125114
-1.5198
-0.0115422
0.0396661
0.378478
-0.295791
0.108008
0.342984
-0.0562359
-0.0330318
0.171163
0.958508
-0.167521
0.956431
0.104389
-1.05918
-1.42912
0.0909686
-0.28381
-0.0752079
0.154532
1.84364
0.387818
-0.0408772
-0.0968455
-0.0885451
-0.253034
0.0821867
-0.246762
1.25024
-0.156374
0.175223
1.80203
0.0195351
0.071859
-0.237438
0.986087
0.232601
0.118294
0.0784204
-0.0452014
-0.0603159
0.078197
-0.0769626
-0.382826
-0.34926
-1.39409
-0.0615916
-0.0498945
-0.302046
0.21396
0.298493
-0.186578
0.144009
-0.0938473
-0.327518
1.7989
-0.00910643
-1.64327
-0.933399
1.57419
0.137916
-0.374971
0.0779001
-0.112473
1.00128
-0.153673
0.715308
-0.0793943
-0.153046
-0.225994
0.0578708
-0.157899
0.22635
-0.346737
0.308617
0.0206033
-0.147256
-0.252383
0.131882
-0.0327195
-0.272584
0.0162437
0.20982
-0.134162
-0.191756
0.779881
-1.19542
-0.0602358
0.115946
0.193109
0.0964215
0.173378
-0.00531071
-0.0924402
-0.170182
0.0432843
-0.147729
0.182959
0.244258
0.044442
-0.168814
-0.368058
1.54716
0.00208291
0.0153669
1.98217
-0.234155
-0.155994
0.172151
-0.206339
-0.232706
-0.325937
0.00952072
1.36398
0.18301
-1.59946
-0.0478217
0.461381
-0.0776386
0.00032563
0.0858689
-0.368002
0.0386922
-0.26045
1.07788
-0.144856
0.162862
0.0142884
0.112581
-0.0932927
0.133554
0.319595
0.11701
-0.0654513
0.0838909
0.0880137
0.110132
0.239985
1.94478
1.66466
-0.427968
0.0998058
0.0537788
-0.120471
0.040419
1.30814
0.136461
0.204952
-1.29117
-1.23264
0.238864
0.0858059
0.128387
-0.128127
-0.25881
-0.252138
0.00368681
-1.65371
0.294827
0.0961559
-1.63281
-0.0125257
-0.194997
1.90537
-0.117598
0.921643
0.0158534
-0.0986632
0.0194745
-0.0168732
-0.0447132
-1.6225
-0.0761235
0.108447
0.226387
-0.238743
0.199971
0.0557293
-0.0235306
0.0342854
0.357155
0.130985
0.0578319
-0.8628
-0.0612428
-0.15585
-1.47439
0.0841662
-0.0563824
-0.156303
0.482367
-0.858288
0.211029
0.0192718
1.11166
0.260591
0.197539
-0.226799
0.513197
0.174351
-0.359008
-0.422802
-1.18116
-0.0324542
-0.0956306
-0.0154297
0.0256977
-0.11359
-1.42115
0.0108893
-0.217092
-0.164459
-0.283604
0.00598578
-0.0356567
-0.220745
0.325769
-0.0734791
-0.150013
1.32322
-0.0989903
0.000301694
-0.698088
0.125471
1.90987
0.233307
-0.21779
0.0597434
-0.0727885
-0.136806
0.354172
-0.22365
-0.316949
-0.190476
0.0738811
-0.0404311
0.0445844
0.140177
0.427998
-1.6405
0.378565
0.145677
-0.088784
0.20068
0.0482551
-1.9141
0.106956
-0.244144
-0.235427
0.0311289
-0.304204
0.024616
-0.240538
0.00137665
-0.0339695
0.129169
-0.0306722
1.0866
0.311461
-0.119104
1.67303
0.0501743
0.271194
0.0322134
-0.0487717
0.117218
-0.00611472
-0.114674
0.0389036
-0.66048
0.162483
-0.229803
-0.65373
0.234488
1.50589
-0.00154187
0.0384196
-0.57809
0.067968
-1.43578
0.0540566
-0.167823
-0.113937
-0.130405
-0.0204224
1.32266
-0.086842
-0.763503
-1.49376
0.0623914
0.117658
-0.0564161
-0.0403007
-1.60995
-0.0691489
-0.129947
0.0140951
0.0356489
0.91802
-1.90667
-0.00138656
0.0840283
0.106888
-0.0946856
0.111054
-0.0412639
-0.0896024
-1.4267
-0.0128168
0.403621
0.0803281
-1.68548
-0.023206
0.282493
0.0705055
0.00035769
0.125868
-0.213979
0.181728
0.0351285
0.0271375
-0.944664
0.282277
1.89022
0.314999
-0.240761
0.686612
0.651315
-0.171167
-0.0335843
-0.196696
0.0248643
0.6249
-1.26564
-0.156516
-0.00851331
0.0141145
0.0778669
0.0206648
-0.150829
0.160654
-0.020967
-0.250386
0.369645
0.343253
0.155535
0.0763376
-0.198882
-1.34517
0.119664
0.0687808
-0.432592
-0.0819053
-0.347921
0.0445982
0.184432
0.0926098
0.490618
-0.131008
0.136844
-0.810033
0.0537976
-0.191531
-0.00912596
0.103421
0.160721
-0.257247
-1.04066
0.17535
-0.0140411
-0.138829
-0.112417
0.112853
0.0195991
0.0147301
-0.211129
0.0392167
-0.15881
0.31214
-0.197404
0.0580657
-0.308419
-0.0328268
0.0751582
1.02621
-0.383512
0.108963
0.461633
-0.235323
0.0584514
0.511414
-0.12565
-0.0246318
1.77406
-0.262795
0.00188523
-0.166043
0.329743
0.0776178
-0.164195
-0.0998927
-0.82314
-0.122997
-0.0548782
-0.390113
-0.0578963
-0.089167
-0.206685
-0.0296523
0.0320341
-0.0708353
-0.0678529
-0.0582938
1.84525
0.200515
-0.0365039
0.184493
1.82787
0.215213
0.337911
-0.137105
0.705825
-0.0250534
0.208543
-0.280378
-0.158527
-0.0965828
0.200979
-0.0150697
0.173892
-0.177989
-0.114631
-0.31772
1.30092
-0.176615
0.143507
-0.0914122
-0.143978
-0.14005
0.508052
0.164374
0.0708693
-0.396471
0.0795824
0.0595345
-0.105987
-0.696398
0.0464694
0.233889
0.133105
0.0768452
-0.919598
-0.151968
0.364716
0.0147231
0.181413
-0.37381
0.0589105
-0.649345
-0.0892063
0.183937
0.902544
0.135172
0.216658
-0.0229334
0.0270826
0.0766642
-0.0495143
-0.0994442
-0.0281676
-0.000605185
0.0954378
-0.277392
0.0412006
-0.246297
0.265913
-0.103487
-0.0751816
0.313646
0.1213
-0.55974
0.337439
-0.154595
-0.0238957
0.0443824
-0.0845309
0.349426
0.258855
-0.128034
-0.140002
-0.132137
0.0120522
0.0369113
-0.366398
0.0521196
-0.0409828
0.0354142
-0.0125204
-1.94742
0.0786933
0.761798
0.0756697
-0.282112
0.203887
-0.383674
-0.321478
0.180927
-0.161348
-0.213655
-0.0619136
-0.0138626
-0.244746
0.00150335
-0.133647
-0.318142
1.75112
-0.115746
0.184858
0.397262
-0.277372
-0.179112
-0.266835
1.91205
-1.63324
0.00793112
0.154556
-0.00444193
-1.27237
0.0298953
-0.111737
1.95275
-0.154703
-1.20394
-0.0661098
-0.207706
-1.8277
-0.904016
-0.184282
-0.0964493
0.00797965
0.244732
0.00674953
0.227642
-0.136156
-0.150808
-1.12727
-0.189759
0.079637
0.0839265
0.202264
-0.00355668
-0.115401
0.129445
-0.290822
0.104417
-0.0290848
0.0899901
0.101073
-0.27518
-1.95759
0.447076
-0.361922
-0.234493
-0.229875
-0.0585287
-1.50472
-1.13245
-0.185663
-0.0705296
-1.38093
0.127905
0.88328
0.0815967
-0.613286
-0.207254
0.643367
-0.204337
-0.0520688
0.00310131
0.0680167
0.00849639
0.156919
-0.182652
-0.226235
-0.0877423
-0.552736
0.335166
-0.0210938
-0.0644372
-0.0723157
0.203713
0.112955
1.95627
-0.0519992
-0.230962
0.110491
1.72131
-0.0143148
0.11677
-0.0106033
-0.608846
-0.211615
1.5217
1.04466
0.0282174
0.107944
0.0255191
0.156916
-0.311286
-0.0236375
-0.139592
-0.150613
-0.014703
-0.0253048
0.788238
-0.196426
-1.22949
-0.266457
-0.05375
0.0323885
-0.0991983
0.238868
1.81509
1.94258
0.105788
-0.121823
0.0245874
-0.351687
1.3632
0.477276
0.0508533
0.0072824
-0.0800916
-0.00547785
-0.401692
-0.107564
-0.0997289
-1.01623
-0.0404489
-0.222405
0.123434
-0.596619
0.0524923
-0.113006
-0.0591904
1.70065
-0.295343
0.00459929
1.79643
1.72759
-0.148764
1.13491
-0.215384
-0.104662
0.38202
-0.129841
0.0325665
0.0663542
0.541615
-0.497286
0.0112651
-0.0227585
0.211889
-1.35662
0.0341078
0.0146156
-0.281999
-0.303939
0.821082
-0.079913
-0.27997
-0.11663
-0.18719
0.225741
-0.232767
1.73002
-1.0756
1.12316
1.92969
0.179252
-0.00460344
0.439031
-0.0143871
0.171223
0.0112473
-0.395355
-0.0906267
0.0599985
0.240249
1.6762
-0.0499638
0.172285
0.153969
0.13017
1.9281
-0.100067
1.47352
-0.0629527
-0.119847
-0.0123615
1.254
0.376082
0.309842
0.0762168
0.0747824
-1.49734
-0.023044
0.121862
-0.297406
-0.20136
0.0686303
-0.602279
-0.265064
0.17207
0.209358
0.252891
0.0931991
0.307681
0.128447
0.00482786
-0.580761
-0.182551
-0.0958967
-0.232974
0.210722
-1.504
0.230781
-0.0212859
-1.61816
-0.00361001
0.0850451
0.339829
-0.0680277
-0.185557
-0.0660292
-0.141914
-1.02065
-0.179839
0.0449279
-0.0429298
1.43106
0.184998
0.0227033
-0.16726
-0.0412267
0.833443
0.19383
0.0499507
-0.508195
0.103451
-0.181067
1.89833
0.17623
-0.568967
-0.236941
-1.52261
-0.122673
0.108668
-0.102073
-0.659521
-0.13222
-0.959544
-0.414907
0.105318
-0.0296996
0.20772
-0.176573
0.132582
-0.030719
-0.149619
-1.46761
-0.061007
-0.0115718
0.127252
0.378481
0.376539
-0.371962
0.0868566
-0.107611
-0.10257
0.0395757
-0.582304
0.401497
-0.961499
0.618245
0.284429
-0.117283
-1.74168
-0.028044
0.175148
0.036228
-0.0668174
-0.068797
0.107467
0.624035
0.103717
1.35652
-0.249588
-0.0832934
-0.175524
-0.0984767
0.25037
0.0908981
-0.0143228
0.203596
-0.197
0.343392
0.0969836
-0.131454
-0.299875
0.0394022
0.217258
0.175626
