-1.35297
0.239796
-0.0891834
0.135243
-0.0419907
0.144927
-0.942654
-0.0424563
0.140195
0.0856463
0.0124623
-0.0346508
0.254018
0.0245968
0.0390995
-0.176447
1.75399
0.0990514
0.0564199
-0.143664
-0.10709
-0.0864862
0.158167
0.0836263
-0.0248461
-0.898942
0.0131749
1.07391
-0.098656
-0.0420878
0.0368168
0.168364
0.232768
-0.137909
-0.418546
-0.192797
0.0749519
-0.499892
1.08579
0.592101
-0.209138
-0.0166345
0.185149
-0.185559
-0.382883
-0.0935339
0.148714
0.224129
-0.149833
-0.0477403
-0.0384321
0.695068
0.281405
-0.0519389
-1.49318
0.0434501
0.0564759
0.0704451
0.0819186
0.0724594
1.32902
0.071902
-1.14858
-0.18829
-0.243207
-0.278327
0.113894
-0.00930288
0.171617
0.270986
-0.156811
0.197198
0.399535
0.0319687
-0.0545531
0.0747014
0.0355571
-0.201503
-0.045535
-0.0571372
-0.048329
0.0321722
0.00714568
-0.173053
-0.273593
-0.0833111
0.144611
0.0218349
-0.0787302
-0.472609
0.0393075
-0.259359
0.0742101
0.12338
-0.333967
0.0985361
0.233003
-0.126881
0.0518508
0.0437947
0.00430179
-0.061929
1.3902
-0.0881363
0.114342
-0.0484803
0.000693445
-0.0973408
-0.188246
0.0745932
1.84397
1.31844
-0.0779343
-0.0481232
0.280762
-0.216918
0.0372047
-0.0412119
0.0708315
0.0941052
-0.0744397
-0.0388814
-0.0393816
0.0742533
1.33761
-0.608709
0.0421301
0.112646
0.286904
-0.174213
-0.079527
0.00793585
1.72031
-0.00109987
-0.00642847
0.0893886
-0.154548
-0.258541
0.186865
-0.118415
-0.0385144
0.0685439
-0.0125344
0.0660471
0.184785
-0.0716383
0.0887941
0.450752
0.216526
0.36621
0.206982
0.120782
0.0433468
1.61951
-0.0953977
0.0562278
0.0859666
0.181751
-0.166167
0.0938688
-0.039283
0.0588161
0.241075
1.76985
0.116427
0.15553
-0.0213795
1.92239
-0.128451
0.0971394
-0.0728829
0.359798
0.226309
0.310765
0.0626489
0.128477
-0.0848166
-0.203348
0.305188
-0.0162773
-0.0893503
-0.13524
-0.163751
0.0410159
0.247323
-0.086687
-0.211335
0.180508
-0.0920931
0.170014
0.320125
-0.0418615
0.0610393
0.293507
-0.0513502
0.0102894
-0.0262016
-0.0543803
0.137471
-0.029181
-0.335677
0.111242
-0.399918
-0.0494614
0.037782
-0.0132938
-0.350736
-0.104292
-0.00272756
0.295253
0.13308
-0.199517
-0.0333596
0.115875
0.280128
-0.166492
0.12388
-0.0145042
-0.158379
0.199121
0.461524
0.24098
-0.0376892
-0.0597758
-0.0870213
0.220032
-0.0119536
0.0561053
0.0397837
0.218673
-0.0566975
0.065231
0.251067
0.0207674
0.0256727
-0.195771
-0.111763
-0.253199
0.0709692
0.0581314
-0.0559247
0.118831
-0.0523564
-0.160362
-0.0797267
-1.06858
-0.244398
0.0682172
-0.0190997
1.91028
-0.285466
-0.0615781
0.0581615
-0.194088
0.0368875
-0.128173
-0.000364411
-0.0638293
-0.038055
0.2061
-0.252212
1.0632
-0.37535
-0.0452908
-0.119671
0.206819
0.162738
0.143813
-0.0554687
1.98995
0.0492767
0.230497
0.150935
0.00551725
-0.148487
0.279661
0.0663801
-0.0373391
0.312449
-0.183369
-0.0184584
0.0902941
0.0237227
0.11072
0.028397
0.0293106
-0.306982
-0.119185
-0.0047614
0.0706008
-0.201336
0.0486092
-0.0579751
-0.0375735
-0.351609
-0.109236
0.184905
0.0165457
-0.210093
0.21205
-0.134713
-0.130325
-0.0245441
0.0937896
0.248498
-0.251033
-0.139647
-0.156854
0.156477
-0.24319
-0.545306
-0.097767
0.076296
0.0322771
0.236947
-0.00613816
-0.244148
-0.252921
0.318171
-0.189775
-0.0958363
0.180685
-0.0651128
-0.103152
0.0233156
0.0474315
0.0908314
0.154245
0.302067
0.00454051
-0.216297
-0.593519
0.0769369
0.0118927
-0.174704
-0.198776
-0.0463313
-0.0903137
-0.150284
1.06689
0.0357994
-0.0285231
0.0799352
-0.213289
-0.00418847
-0.202897
-0.0513303
-0.682259
0.631565
0.125316
-0.0206905
-0.174297
0.134242
1.5566
0.0529563
0.137328
0.160603
-0.139198
0.169929
0.0425446
1.75506
-0.0836251
0.0755938
-0.253331
-0.174856
0.242107
1.09911
-0.681189
0.159327
0.227749
0.10272
-0.0215485
-0.00575134
0.0849643
0.248273
0.635811
0.0380822
-0.202176
-0.0671527
-0.115073
-0.111998
0.0930163
-0.0979452
0.177701
1.53496
1.8301
0.135071
-0.831739
0.0973785
0.942573
0.110303
-0.00825369
0.0240373
-1.83286
0.126212
-0.0556585
0.0352664
-0.253342
-0.297613
-0.023267
-0.0719585
-0.200487
0.742714
0.13365
-1.06203
-0.0256249
0.88755
0.0870214
0.086054
-0.0131482
-0.0953201
-0.0415131
0.711934
-0.232285
-0.00482507
-0.776629
-0.174815
0.219477
0.00460984
0.133013
-0.0270122
0.177624
-0.882424
0.173931
0.0365299
0.372663
-0.08937
-0.890025
-0.032801
0.0735846
-0.107908
0.080945
1.00354
0.10333
0.155988
-0.0430263
-0.0590677
-0.0380774
-0.779345
-0.134955
-0.0931081
0.0777314
-0.0353056
-0.0162991
0.12708
0.193744
0.0712365
0.84848
-0.0952404
-0.0736648
-0.809708
-0.202203
0.0899075
-0.0719663
-0.0276696
0.222301
0.152004
-0.919903
-0.328686
0.0389283
0.118339
0.967901
-0.0329495
-0.164817
0.103842
-0.189226
0.136614
-0.182247
-0.00787977
0.752064
0.281278
0.17745
-0.179644
-0.103042
-0.0698418
-0.0285981
-0.0481319
-0.154679
0.160103
0.100592
0.0213923
-0.204796
0.03999
-0.109104
-1.01551
0.156584
0.0316134
-0.0104265
-0.147603
0.13258
0.0917879
-0.1487
0.332166
0.0370089
-0.168413
0.3858
0.238636
0.0971611
0.00981652
-0.118652
-0.127854
0.182478
-0.257097
-0.0786946
-1.02368
-0.0137517
-0.413986
-1.5172
-0.174928
0.0682798
-0.207907
0.489818
0.00181373
-0.00213133
0.551252
-0.0692161
0.165366
-0.232504
1.1928
-0.0986758
0.0223837
1.90759
0.14819
-0.0522472
-0.120866
0.343874
-0.262173
0.0741518
1.87812
0.047047
0.00865846
0.0942853
0.109781
-0.0786036
-0.080137
-0.0607531
-0.202012
0.048847
-0.0747687
0.248823
0.0489594
-0.0226074
1.00427
-0.0862774
-0.0585389
-0.0740516
0.242601
-0.0523474
-0.218101
0.380891
0.00196286
0.651616
1.87544
0.0730958
-0.152279
-0.125807
-0.0696845
0.302933
-0.193645
-0.851478
0.0352481
-0.0880643
-0.274634
-0.109766
-0.225764
-0.0264854
0.200275
0.0348563
0.0874502
0.234296
-0.0561718
-0.18373
-0.136431
0.0320106
-0.194297
0.0309977
0.0397263
-0.616864
1.78593
0.329874
-1.2309
-0.213014
-0.17491
-0.0769295
0.22384
-0.0662781
-0.0929245
0.0734045
0.0512851
0.00619721
-0.227176
-0.153131
0.188519
-0.140164
0.0371482
0.101981
-0.197193
-0.0825137
0.0554956
0.173437
-0.172741
0.203703
0.0757753
0.296024
0.0643673
-0.223436
-0.236639
1.4274
-0.137941
0.0814273
0.00862436
0.946339
-0.607417
1.36218
0.307034
0.0280669
-0.0994472
-0.0364591
0.245446
0.638634
0.045114
0.352575
-0.00058833
0.0710644
-0.0417292
0.0431966
-0.126793
0.296589
1.55629
1.54616
0.0911511
-0.0960237
0.041351
-0.0161761
-0.0024858
-0.372159
0.00610935
1.85183
0.043177
0.145148
0.302957
-0.297474
0.064195
0.0783922
0.0186081
-0.184963
0.260556
0.134058
-0.236992
0.0178516
-0.168551
-0.0290899
1.05923
-0.151691
0.617305
-0.23205
-0.192279
-0.435157
0.0220307
0.0575253
-0.0859888
-0.00518939
0.0647832
-0.284849
-0.199039
0.00500923
0.23256
0.199246
0.0715641
-0.179792
0.201889
0.0154059
-0.245653
-0.00542442
0.234337
0.01055
0.0103353
-0.201715
0.00983361
0.114192
-0.0356634
0.181953
-0.0660891
0.267136
0.0713662
-0.211174
0.102846
0.0239993
0.176471
-0.148197
1.64959
-0.222422
-0.137436
0.118692
0.208125
-0.0560057
1.9685
-0.0142435
0.105944
-0.073136
-0.193443
0.173032
0.197677
-0.0486145
0.018827
0.160584
-0.124926
0.143782
-0.0314452
0.116582
1.29988
0.280443
-0.183196
0.00739949
0.118529
0.0971115
0.0371477
-0.271174
-0.254682
0.0234063
0.12088
-0.272568
0.16134
-0.0313948
-0.0343073
-0.102009
-0.130845
-0.184123
-1.14989
-0.108193
0.0889635
-0.126626
0.0577964
-0.0103732
0.0681713
-0.0721487
-0.149139
-0.189659
-0.202062
0.0891901
-1.01572
-0.0336141
0.0362867
0.0333912
0.19169
0.00196312
0.0845196
0.104349
1.4729
-0.300811
0.0345394
-0.0453973
-0.134367
0.140772
-0.102275
1.8845
-0.218617
0.0136173
-0.0776014
0.123524
-0.107778
0.164255
1.7386
-0.244887
-0.253424
-0.422827
0.149153
0.161682
-0.179072
0.124396
-0.165154
0.516589
-0.057995
-0.0370028
0.123546
-0.0165781
-0.275632
0.0707555
-0.118454
-0.128733
1.92781
0.0392424
0.0752348
-0.0448899
-0.172912
0.0344434
0.131579
-0.18944
0.173159
-0.0547318
0.0772022
-0.213893
-0.0838861
1.70187
0.180157
-0.0680154
0.0880717
-0.227917
5.74531e-05
0.518919
-0.0380417
-0.217205
-0.205412
0.264843
0.0733108
-0.0118997
-0.148046
0.122736
-0.0286328
0.151092
0.0288804
0.0154493
0.942512
1.25474
0.0466143
0.0457441
-0.0605795
0.0114722
-0.180149
0.121165
0.157753
1.59953
0.12681
0.0431585
-0.0935089
0.0386961
0.0165311
-0.466078
-0.265015
0.00454677
-0.213069
-0.0483477
-0.254571
0.026024
0.122353
0.175916
-0.00821099
0.352401
-0.288563
0.0388406
-0.220357
-0.263759
0.0198818
-0.11653
-0.224144
0.161932
0.274335
0.184567
-0.031952
0.19755
-0.0743039
-0.161727
1.01636
-0.246015
-0.01337
-0.14758
-0.288585
-0.0459657
-0.0956787
-0.0152122
-0.0726106
0.18745
0.169795
0.218157
0.223207
-0.186172
-0.0802624
0.895331
0.0387119
0.0239264
0.165749
-0.131727
-0.132845
0.0311705
1.70967
-0.293617
0.156772
0.13018
0.129856
0.0359307
0.182083
0.151477
-0.154528
-0.097634
-0.178332
0.127381
-0.0679654
0.101444
0.132222
0.0519861
0.0329353
0.292056
0.0417758
0.0571246
0.0995748
0.129024
-0.422034
-0.506694
-0.000752355
0.0975383
0.0163305
-0.19835
-0.129237
1.42754
0.0479373
-0.164843
1.61215
-0.0784684
-0.110163
1.07623
-0.0280795
0.144958
-0.231591
-0.205533
1.67725
-0.00463563
0.0502191
0.0342329
0.102629
0.0383385
-0.118033
-0.154874
0.0464582
0.342578
-0.252904
-0.0117821
0.0696067
-0.308008
0.178591
-0.190774
0.0907509
-0.204583
-0.101705
0.162654
-0.248067
0.0378744
0.201506
0.134999
-0.96721
0.0388553
0.0632509
0.0687853
-0.287279
1.97627
0.561221
0.0203772
-0.206445
0.395543
0.372171
-0.125765
0.00806951
-1.82312
0.0566655
-0.253118
-0.155998
-0.0201085
-0.292959
0.230212
0.0814387
-0.0401315
0.0389468
0.000150187
0.292613
0.150364
-0.068023
0.223947
1.91773
-0.195627
0.1073
-0.173562
1.72642
0.203956
0.0288325
-0.221076
0.045552
1.77924
0.192089
0.0560034
0.00189095
0.0821172
-0.14261
-0.0228176
0.113667
0.267421
-0.116676
0.00853885
-0.057145
0.0725495
-0.245667
0.118282
-0.012596
0.111891
0.151012
-0.0112727
-0.468477
1.08103
-0.364458
-0.0831842
-0.0487361
-0.0229191
-0.0244071
0.00213512
1.52877
-0.00104813
-0.131494
-0.0886218
0.010618
0.100365
0.335147
-0.247575
0.264872
0.119266
0.170788
0.10043
0.976849
-0.324673
-0.0718818
0.0942141
0.135558
-0.150728
0.0911268
0.256704
-0.00525518
-0.0060086
1.87487
-0.0946012
0.0941921
-0.143455
0.159776
0.0379592
1.35328
-0.105788
0.242735
0.130887
0.711719
0.0779193
-0.183951
0.15175
-0.0797392
0.0200623
-0.035541
-0.0306366
0.111298
1.7125
-0.15633
-0.220157
-0.151392
-0.0675681
0.293056
0.0896993
0.0505638
-0.113018
-0.0765377
-0.0471855
0.0241825
-0.0594635
0.151857
-0.0336827
-1.79526
0.0300316
0.327531
-0.114643
1.69536
0.0350481
0.0175559
0.149063
-0.0580812
-0.0589146
0.0383153
-0.221521
0.0905061
-0.178014
-0.105256
0.0901091
0.0570691
-0.158298
1.98849
-0.203048
0.0561034
0.122788
-0.0827902
0.169376
-0.165884
-0.0306862
0.046452
0.17783
-0.051769
-0.0264662
-0.016894
0.129731
0.131626
-0.131089
0.270487
-0.00611355
-0.119055
1.75471
-0.0496693
-0.0544599
-0.0961415
0.133201
-0.0977699
-0.0533532
-0.00238422
-0.166661
-0.0614876
0.102057
0.218684
-0.148636
0.154055
-0.499401
0.08958
0.132456
-0.103013
-0.0474277
-0.0420583
-0.245623
0.119789
0.0775202
-0.0252429
0.19015
-0.33815
-0.138994
-0.00804589
0.756537
0.17773
0.0746501
0.0617519
-0.0748945
0.16127
-0.0632726
-0.0595213
0.0698174
0.177422
0.127562
0.12548
-0.094399
-0.151109
-0.0986916
0.198102
-0.0361229
-0.0113403
-0.158721
0.0853278
-0.0673863
0.119788
-0.0235056
0.520484
-0.0463266
0.104663
1.76184
0.011607
0.0429429
0.333633
0.119948
0.0802598
-0.0844006
0.0203307
0.157512
-0.0769514
-0.201585
0.277317
0.0958106
-0.109505
0.126644
0.205052
-0.0859403
1.53617
-0.00966504
0.0439018
0.0794607
0.943033
-0.0781766
-0.0650642
0.0273866
-0.210055
-0.257063
-0.00329114
-0.181279
0.033685
-0.272258
-0.106694
0.404165
-0.0235683
-0.0479375
-0.291639
0.0519121
-0.170458
-0.112041
0.100399
0.056104
-0.0913953
0.113667
0.108843
-0.104735
-0.384717
-0.214803
0.164558
-0.220787
-0.0308789
-0.0928844
0.148538
-0.317917
0.140022
-0.0859475
-0.0069781
-0.323111
0.0761448
-0.125395
0.0448297
-0.18735
0.11651
0.000665073
0.231124
-0.201588
0.213434
-0.114372
-0.0166064
0.07612
0.0933426
-0.00131811
-0.00250826
0.0881523
-0.177396
-0.203351
-0.630503
-0.022301
0.487429
0.937851
-0.218937
-0.234764
0.0362385
0.191746
1.02364
1.72316
-0.00358488
-0.142541
0.0819307
0.273235
0.113551
-0.176949
0.0111246
0.0198647
0.342384
-0.00586508
0.950527
0.178793
-0.114254
0.106404
0.0452616
0.0690057
-0.0287899
-0.0747942
-0.152034
-0.0963043
-0.0274918
0.185227
0.136862
-0.0666226
0.00480888
-0.00537259
-0.101726
0.0735156
0.0060989
-0.0715857
-0.0637025
-0.00526072
-0.0731137
1.73942
-0.104342
-0.154896
0.16183
-0.287034
-0.158071
0.156014
-0.0396271
-0.068582
-0.0622515
-0.0131264
0.100625
-0.0784336
0.0718916
0.0554939
0.110726
1.60541
0.0166626
-0.238892
0.11483
1.96175
0.239329
-0.0870192
0.0384249
0.0490432
0.15589
-0.0946859
0.244181
0.233897
0.00555076
-0.114363
0.0623347
-0.519817
-0.038814
-0.0511873
0.120618
0.122698
-0.174036
-0.116278
0.166502
0.373631
0.0287078
0.200714
-0.135126
1.52286
0.170559
0.0289454
0.0881743
0.114572
0.31553
-0.22796
-0.22386
1.28235
0.0295791
-0.0542523
0.048362
-0.0357155
0.0438906
-0.214947
1.69349
0.0846104
0.044944
-0.0218764
0.060523
-0.00281556
-1.21325
1.32237
0.0813314
0.220583
-0.332948
-0.127356
-0.105418
0.0544004
0.151516
-0.286107
0.146658
-0.00636945
-0.118551
0.257625
0.0401384
-0.250981
0.554927
0.19926
0.0396426
-0.177525
0.00235451
0.128448
0.0294168
0.131687
0.111699
0.0577081
-0.0119673
-0.0276351
-0.251245
1.80493
0.426777
0.214718
0.0955324
-0.0741886
0.214129
-0.289099
-0.0893517
0.0977045
0.0949287
1.85976
0.233265
0.23176
-0.0126082
-0.105833
-0.0664352
-0.107589
0.419047
-0.0357634
0.24295
-1.03791
-0.161219
0.092363
-0.0152401
-0.0659103
-0.143372
0.123421
-0.248495
-0.0395181
1.7558
0.141558
0.16325
-0.209769
0.280019
-0.0978182
0.00889246
-0.236026
0.0415479
-1.67038
0.0806557
-0.162573
-0.0557539
-0.347304
-0.194554
-0.242174
-0.0803585
-0.131475
-0.179383
-0.150641
0.0756954
0.0194053
-0.254977
-0.0468906
0.185286
0.122739
0.0657902
0.142742
1.82437
-0.0449586
0.137023
0.0642654
0.158306
-0.0743898
-0.728282
0.192614
-0.0125291
0.0418709
-0.194232
0.14179
0.026767
0.043504
0.355472
0.19242
-0.0300727
0.268928
-0.114152
0.199537
-0.448976
0.219506
-0.0586179
0.113488
-0.305311
0.318791
0.0014499
-0.0486287
-0.272391
0.0331429
0.271269
-0.196292
-0.144785
-0.0324524
0.170724
0.0816541
1.38034
0.272532
0.0650808
0.180508
0.00499117
-0.0895443
1.37705
0.182319
1.31299
-0.0106827
0.13159
0.0552154
0.16855
0.123764
-0.118303
0.0846949
-0.153983
-0.195998
0.214878
0.0477407
0.263889
-0.413454
0.0344934
-0.0972648
-0.345826
0.0115876
-0.111838
0.221972
-0.202772
-0.127989
-0.0457261
-0.397128
-0.016415
0.116353
0.21519
-0.0750758
-0.0522994
0.14895
0.300956
0.0399328
0.21346
0.172407
0.06907
0.0957787
0.906199
0.00552191
-0.061116
-0.0655471
-0.18052
0.0962826
-0.146544
-0.00865211
0.117845
-0.281658
-0.170147
1.81559
-0.0480663
-0.048636
-0.339146
0.614891
0.0197318
-0.251777
0.0783125
-0.0221303
0.0865467
0.117268
-0.0579591
-0.124024
0.0694121
0.0284431
0.127434
0.196554
-0.197414
-0.225389
0.0885335
0.156086
1.16762
-0.0579166
0.0665812
-0.0932967
0.0346998
0.0220814
0.0873573
0.12356
0.14038
-0.243381
0.230217
-0.0991128
-0.317277
0.117409
1.92108
-0.0572081
0.256642
0.0723758
-0.0582775
0.162021
-0.112666
0.00107634
0.0829847
-0.205915
-0.207274
0.118516
0.161012
0.199237
0.109147
-0.0238244
0.158799
-0.0433623
0.241434
0.0942765
0.209459
0.331174
-0.393405
-0.223586
-0.401032
-0.0368793
-0.0500054
-0.0835708
-0.0539128
-0.105738
-0.00350335
-0.0324251
-0.0727119
0.0799209
0.136043
0.190173
-0.113189
-0.150783
0.263647
0.0655429
0.0852524
0.0032109
0.173751
-0.259465
-0.228138
0.443659
-0.0989292
-0.266092
0.0739345
-0.0296023
-0.163667
-0.212119
-0.365035
-0.0182687
-0.243455
-0.128633
-1.18395
-0.0542391
0.20381
0.183544
-0.166475
-0.188364
0.067087
-0.0955068
-0.197346
0.317784
0.382156
1.83668
-0.0872299
-0.162394
1.49547
-0.20711
0.0600825
-0.198163
-0.0141431
-0.230979
0.0899828
0.266959
-0.0631024
-0.0181133
-0.126754
0.00314543
-0.283649
-0.133154
0.130463
0.0161666
0.64289
-0.270017
-0.0410258
-0.222695
0.306269
0.14883
0.111082
1.97817
0.132132
1.94552
-0.197101
1.3046
0.151977
-0.420768
0.176603
0.11033
0.093844
-0.0336139
0.0349316
0.0596684
-0.0265136
0.18295
0.102892
0.602767
-0.050355
0.262385
-0.350573
-0.141781
0.122714
0.148902
-0.040702
-0.242449
0.111449
0.725798
0.32775
-0.0332385
-0.0392269
-0.179718
-0.33326
-0.0675497
-0.127157
-0.106682
0.101785
0.057169
-0.0207854
0.0440083
0.155512
0.183248
1.0333
0.109256
0.351815
0.104217
1.54954
0.0810032
0.208716
0.202908
0.115044
-0.130739
-5.69814e-05
-0.175117
0.0644052
-0.331255
-0.16364
0.161999
0.00477691
-0.0487278
-0.479172
0.284578
-0.228809
0.0370583
0.0852793
-0.0668673
-0.143027
-0.163153
0.130064
0.20213
0.0104825
-0.0784431
-0.0113912
0.0744874
-0.148299
1.38422
-0.138321
0.247169
-0.139389
0.180573
-0.0413101
0.137648
-0.359908
0.147041
-0.0663676
-0.167398
1.839
-0.139088
-0.117553
-0.238849
1.96577
-0.0922938
0.0309986
-0.203076
-0.0506608
-0.00739785
0.178277
0.0703735
-0.0474536
-0.0584512
0.172431
0.062314
0.0535694
-0.327746
-0.23938
-0.118199
-0.0175953
0.0362163
0.393564
0.631795
-0.142372
0.204201
-0.0908443
1.27401
-0.0706123
0.0851533
-1.06887
-0.0504157
-0.0699816
-0.224034
-0.239743
-0.00606733
0.34006
-0.308853
0.0228389
-0.0331927
0.160106
-0.105911
0.167618
-0.0376925
0.246995
-0.209507
0.177167
0.00292721
0.255534
0.252412
0.120726
-1.54966
0.0182413
-0.189931
1.23843
-0.369293
0.0323197
0.159421
-0.0333716
0.101652
0.00838604
-0.472009
1.76878
0.0910803
-0.182668
-0.262771
0.535918
0.0516857
1.60206
-0.149481
-0.0246402
-0.323318
1.43564
0.00119363
-0.00824372
0.252736
0.27747
0.0363256
0.70602
0.00327359
-0.107227
0.00904805
-0.235145
0.151405
0.0757394
-0.0346448
0.0739918
-0.0925617
0.0735839
-0.0328048
-0.106513
-0.14983
0.236667
0.189335
0.168918
0.839139
-0.0668558
-0.036405
-0.0102885
0.0584348
-0.0600208
-1.86199
0.0383277
-0.127391
-0.0774802
-0.365367
-0.12118
-0.676723
0.00125382
0.101613
-0.128691
-0.0442031
-0.0443311
0.175186
0.173638
0.0188195
1.07343
0.297234
0.316955
0.0311591
0.169176
0.103534
0.0776214
-0.0320391
-0.12973
-0.171437
0.37859
-0.144229
-0.289325
-0.0388255
0.176157
0.112311
-0.074329
-0.342942
0.0455574
-0.190847
0.161675
0.197849
-0.115587
0.0878452
0.0137276
-0.220779
-0.0700865
-0.111148
1.98054
0.0207761
0.0293682
0.18596
1.04201
0.0663662
-0.201124
-0.108862
0.0401265
0.264668
1.19125
0.20682
0.032287
-0.0641828
0.00182603
-0.332046
0.169125
-0.0635108
0.0994299
0.0540039
-0.211031
0.0884963
0.17847
0.17449
-0.147741
-0.0443104
0.0335302
0.0200341
0.110082
-0.167209
1.9347
0.156507
-0.200441
-0.0014965
-0.100892
-0.0520744
-1.55214
-0.275035
0.105914
0.131933
0.139177
-0.0949976
-0.17588
-0.15416
1.55081
0.244829
0.113596
-0.00695921
0.074686
0.0153396
0.995214
-0.00498075
-0.0598458
0.0244582
0.131746
0.25422
-0.0618125
-0.0791471
-0.0810085
-0.287987
0.015948
0.319165
1.11972
-0.095632
-0.0185534
0.0894497
-1.53312
-0.238292
0.116449
0.072523
1.52101
0.320352
0.00435883
-1.1416
0.135727
0.0142414
0.137641
-0.189263
-0.0830819
-0.257426
-0.0459923
-0.316864
0.0939497
0.0745761
0.0491583
-0.0152779
0.119602
0.33165
-0.164824
0.142205
-0.0614521
0.288873
-0.0267743
0.125629
-0.0315895
-0.0930949
0.483653
0.270894
-0.249086
-0.0135604
-0.109826
-0.230124
0.0327313
0.0844511
-0.164091
0.009368
0.42222
-0.121855
-0.0853105
-0.139003
-0.185858
0.0720728
-0.0213067
0.103392
-0.119754
-0.0876597
0.149405
-0.0476235
-0.308902
-0.0194421
-0.314542
1.01166
1.66265
-0.250457
-0.263182
0.0371084
-0.0864179
-0.149701
0.12921
0.127584
0.122575
0.12762
-0.0320615
0.164873
-0.065497
-0.179294
0.147239
-0.108835
0.296493
0.0161513
-0.0549419
-0.0935921
0.156096
0.0443981
0.0273031
1.57305
0.234992
0.0457039
-0.0948545
0.0300498
-0.0756211
1.97903
-0.0340316
1.39809
1.84754
-0.171018
0.0555196
-0.153463
0.275772
0.0705935
-0.102929
-0.071558
0.109135
0.183843
0.0762416
-0.0594319
0.0713912
0.047175
-0.227431
0.088044
0.722114
0.267478
0.113961
0.184245
-0.0283922
0.0940606
-0.137485
0.112725
0.419606
0.254604
0.231543
0.152574
-0.0988885
0.0879842
-0.0232057
0.189002
0.159781
0.105554
-0.174274
0.0200339
-0.229615
0.031308
0.0350911
-0.140068
-0.215019
1.75847
0.148545
-0.0861595
-0.0394715
-0.251396
-0.260639
-0.0160368
-0.354626
0.125253
-0.0527236
-0.386488
0.041868
0.0811717
0.0978749
0.0339317
0.241498
0.565531
0.0666383
0.264407
-0.132661
1.25898
0.0659944
0.189382
0.158815
1.65213
0.129837
-1.55067
0.0413646
0.166121
0.0199985
0.0638614
-0.111645
0.431904
-0.0694806
0.126983
0.0701105
0.0850453
-0.0241457
0.104875
0.140383
0.0302325
0.0559574
-0.129255
0.064298
1.70696
0.0142155
1.07631
-0.0476275
0.0520169
0.0107228
0.0304463
1.87245
0.0522632
-0.0594611
1.16327
0.0915905
-0.0317283
0.0815249
1.85433
0.0784829
0.27248
1.62861
1.08868
-0.242626
0.152418
0.470438
-0.103662
0.628672
-0.00653355
0.0920471
0.173223
0.0757867
0.832784
0.118963
-0.0911202
-0.263031
1.94938
0.335118
-0.0428156
0.152216
-0.0652034
0.0717975
0.336219
0.176449
-0.141376
0.189849
-0.235885
0.0952529
-0.27968
1.03977
-0.0756327
-0.164165
0.183131
-0.0470254
0.225256
1.28935
-0.591793
0.033974
-0.155721
-0.089272
-0.138495
0.0989743
0.0715459
0.140263
-0.19226
0.219231
0.10335
0.0127872
-0.0732399
-0.278824
0.0684183
0.211777
-0.101462
0.0522182
-0.160642
0.0205442
-0.0179694
0.923029
0.132978
0.165622
1.13313
-0.0190217
-0.384211
-0.158018
0.02391
-0.0911026
0.0430665
-0.00347118
1.47139
-0.257116
0.0952944
1.24882
-0.323037
-0.0835423
0.238038
0.134736
0.178976
-0.0325664
0.43757
0.208657
0.130728
-0.0541542
-0.132284
0.0366089
-0.106768
-0.12042
-0.0145895
-0.145127
0.048618
0.0389202
-0.132086
-0.193841
-0.277296
0.162808
-0.353165
0.134663
0.358915
-0.0572681
-0.0882517
0.160173
0.00995881
0.225312
-0.1725
0.00763657
-0.00833934
0.0694
-0.0146283
0.0575817
-0.232992
-0.0465532
0.018172
0.0821268
0.172823
0.00955801
0.0341224
-0.0460262
1.95651
0.870693
0.00310112
0.967483
-0.0272668
0.0652958
0.0957506
-0.00936552
0.906926
-1.04693
-0.00802347
0.025471
0.0242243
0.00659169
1.15983
0.21603
-0.0151949
0.09362
-0.108997
1.81926
0.241605
-0.0389437
0.130749
-0.114276
0.127585
-0.195491
-0.0246632
-0.185377
-0.198496
-0.293932
-0.0249637
0.161045
-0.159311
-0.00116544
-0.20265
0.0949969
-0.00508229
1.01013
1.65797
1.40361
-0.0339258
0.580571
-0.170626
0.0986768
-0.0113289
0.0523443
-0.106419
-0.0492173
0.191623
-0.473165
0.0202207
0.278187
-1.75505
0.120223
0.380448
-0.209599
-0.0247092
0.0578107
0.142608
0.135015
-0.0700042
0.15468
0.15242
-0.032687
0.308984
0.156041
0.0588641
-0.0305494
0.0340722
0.0442086
-0.368318
-0.223539
0.155834
-0.153633
0.0940845
-0.11117
0.0043777
0.340766
-0.364136
0.0193633
0.0144296
1.02027
-0.212504
0.1012
1.72673
0.133997
-0.126077
-0.127271
-0.0810734
-0.061272
0.159068
0.380512
-0.114074
-0.00684097
-0.065942
-0.1924
-0.0386485
0.183453
-0.127205
-0.144758
0.118114
-0.0690861
-0.178976
0.0653678
-0.0685534
0.0379203
0.156567
0.160897
-0.0747009
-0.0245962
0.13254
0.0245111
0.140342
0.0355678
-0.125613
0.41269
-0.00146366
-0.303132
-0.252661
-0.26458
-0.182263
-0.174101
1.34037
-0.0279835
-0.179603
-0.0979755
0.00593535
0.10102
0.019041
0.141982
0.312707
-0.000215694
0.0635506
-0.0142541
0.163068
-0.0458174
1.67626
1.83835
0.713101
-0.0592564
0.0188049
0.125567
-0.175649
-0.181638
0.143387
1.58963
1.31782
0.99133
0.271216
0.184726
-0.186452
-0.0399366
-0.0822257
1.95635
-0.00250532
-0.037494
0.0566961
0.033
0.209854
-0.131093
0.110128
-0.103378
0.226853
0.0846238
0.119061
0.0452399
-1.44571
-0.139088
0.0338638
-0.310171
0.0616956
0.121482
-0.0801806
-0.240571
0.114956
0.0987078
0.0323545
-0.0496972
-0.102001
-0.267683
-0.106734
-1.55643
-0.0264475
-0.0637928
-0.193702
-0.201207
-0.044651
-0.154725
-0.05291
-0.165632
1.98835
0.049355
-0.430197
0.288421
0.0205405
-0.275335
0.02065
-0.0845019
1.33429
-0.531731
-0.00852239
0.0902785
0.0772219
1.59447
-0.0364255
1.99861
-0.000833156
-0.0476852
-0.107524
-0.322031
-0.0448344
-0.0442489
-0.100692
0.0366444
0.00957106
0.254376
0.188231
-0.0305432
-0.0855404
0.154699
-0.0603939
-0.0669174
0.213319
0.0943669
0.429844
-0.0554125
0.155516
-0.110598
-0.109428
0.380242
0.182664
-0.0243174
-0.109807
0.0742867
0.182062
0.0627429
0.101773
0.100463
0.0845702
-0.0855286
-0.643832
-0.0161471
-0.375341
1.06975
0.313651
-0.121447
-0.235256
-0.146134
-0.311487
0.0447517
-0.371424
0.0947607
0.116746
0.0592049
0.0821712
0.132703
-0.171847
-0.000926989
-0.0677114
0.143102
-0.0847778
0.310963
1.62056
-0.141802
-0.0780234
0.068268
-0.0515764
-0.126903
-0.120207
0.153009
0.0230082
-0.170227
1.03102
0.0650019
0.0643697
0.190006
0.968193
-0.157787
0.109581
0.124648
1.87737
-0.0165255
0.119907
-0.135336
-0.121504
0.100725
0.184416
0.0363417
-0.278416
-0.241648
0.97158
-0.245242
1.96825
1.38565
-0.16717
0.112701
0.0593244
1.07708
-0.0775768
-0.084273
-0.0128084
-0.0114942
-0.214432
0.228822
-0.0512877
-0.0954252
-0.22937
0.0136805
0.202644
0.274598
0.2623
0.127711
0.103807
-0.199774
0.0558809
0.125804
1.34937
1.08974
-0.173354
-0.0400082
-0.0766907
0.00941606
-0.079636
-0.0230589
-0.027638
-0.116151
0.952074
1.97789
-0.00903865
-0.374162
-1.60763
-0.0209891
0.0170933
-0.119981
0.0607532
0.0953452
0.192304
1.61617
0.0128129
0.248375
-0.102597
0.189919
-0.262231
0.145066
-0.144357
-0.127738
0.245238
0.110004
-0.161171
-0.0949309
0.217431
0.190671
-0.118509
-0.0551656
0.192056
-0.0428036
0.0453912
0.167631
-0.287357
-0.168917
-0.131175
0.27033
-0.0153079
0.321798
0.213979
-0.0609001
-0.131734
0.122991
0.071042
-0.817234
-0.137652
-0.111295
0.0812859
0.0195642
-0.137689
-0.236461
-0.120312
-0.0189442
0.0250523
0.0414084
0.0314787
-0.0333529
0.0161428
0.144809
0.058653
0.0368972
0.0438332
-0.422479
-0.0645474
0.0780851
-0.110521
0.217868
-0.128509
-0.298376
0.14352
-0.0117966
-0.265989
-0.0469939
0.0749289
-0.279655
-0.00709758
0.275023
0.166694
0.257328
-0.877029
1.82562
-0.137097
-0.199499
0.103959
-0.162815
0.0137418
0.010528
-0.114974
-0.0225145
0.274788
0.0277979
-0.121111
-0.0538181
-0.181277
-0.0423283
-0.316055
-0.0850857
0.183189
-0.0920509
0.00630579
0.153621
-0.127107
0.0913667
5.04648e-05
1.22126
0.876983
0.0548545
-0.0650091
0.0464923
0.202695
-0.0849655
0.133644
-0.0748026
-0.228077
-0.0651462
0.239837
0.255285
0.310773
1.95636
0.0994603
-0.0820646
0.100613
0.0825659
0.218398
0.0950407
-0.0290599
0.224734
-0.0200305
0.0995148
1.23524
0.0493801
-0.0796202
-0.0612088
0.0371934
0.103178
-0.0810083
-0.021529
-0.201915
-0.165355
0.16994
-0.0588881
0.0454952
-0.0571675
0.0713552
-0.210404
-0.0975936
0.110657
0.0454686
0.129028
0.0384419
0.158883
0.21148
0.171916
-0.0750024
-0.124118
0.0784679
-0.020944
0.229619
-0.0207966
-0.086831
-0.0242954
0.0473116
0.0813004
-0.0343472
0.216378
0.0041011
-0.0772418
-0.243734
0.147852
0.293374
0.0899549
0.259843
-0.0616013
-0.100085
-0.349185
-0.276093
-0.111664
0.183562
-0.149236
-0.327969
0.0133007
-0.901037
0.589785
-0.0199325
0.18673
0.0396208
0.15846
-0.0390239
0.189268
-0.0919535
0.0869329
-1.10053
0.256373
-0.113279
0.0473749
-0.318035
-0.148231
-0.0827682
0.277647
0.797654
-0.167072
0.203671
0.117746
-0.228143
0.10178
-0.133317
-0.0535187
0.231819
0.131431
-0.180939
-0.0787521
1.20067
0.102756
0.15388
0.0672943
-0.111709
0.0691027
0.0118745
0.913062
-0.00634177
-0.0838066
1.85516
-0.0478565
0.190473
-0.0675001
-1.19646
0.122524
-0.0288063
0.0108818
0.175774
0.0329338
1.53573
-0.163845
0.00524387
0.0559349
0.104454
0.166054
0.0597128
-0.365481
-0.151368
-0.0399875
-0.048782
0.525284
0.176984
-0.0490007
0.199339
0.00838481
-0.14665
0.197648
-0.00422722
0.462513
-0.275032
0.0828044
-0.333082
0.145094
0.247594
-0.0188271
-1.05846
0.111817
0.049115
0.0794185
-1.9074
0.736469
-0.050615
-0.272765
-0.332796
0.092707
0.186127
0.261549
1.77675
-0.196924
-0.147064
-0.183873
-0.0815748
-0.198787
-0.0284738
-0.289865
0.12551
-0.0073658
0.261679
-0.168832
-0.115995
0.0184879
0.0451175
0.220466
0.0927633
0.183866
-0.17581
0.0887184
-0.14982
-0.334917
0.229473
-0.0543999
-0.00539189
0.0896495
0.12922
0.139973
-0.0730894
1.34056
0.124817
-0.136974
-0.00570083
-0.0342848
-0.131993
-0.0924077
-0.0695702
-0.00464665
0.207911
0.0144153
0.153707
0.0360023
-0.048715
0.00573047
0.0680514
-0.143512
0.0618166
1.82198
0.102846
0.27609
-0.144523
0.160324
0.829283
-0.0206817
0.0890953
0.114655
-0.032253
0.116563
0.229774
0.16357
0.0855808
-0.118712
0.219102
-0.0984851
-0.122175
0.116418
0.0941417
-0.189376
-0.0193238
-0.117893
-0.167635
-0.383617
-0.0266981
-0.145165
-0.0288216
0.895742
0.962478
-0.0780574
0.825758
0.0267526
0.0365749
0.0766152
0.168519
0.262573
-0.168915
-0.136401
-0.0574196
-0.0341758
0.637768
-0.294224
-0.235
-0.0748067
0.137652
0.138358
0.182175
0.261551
0.0519193
0.102724
0.0185381
1.70728
0.999412
-0.105316
0.0105971
0.178775
0.262141
-1.27058
0.114157
0.105252
0.0369087
0.178444
-0.0768891
0.73018
0.0331514
0.0910776
-0.178012
1.71553
0.10967
0.201185
0.0996334
-0.0287841
0.0213988
0.0591744
-0.48666
0.24082
0.36605
-0.0855847
-0.00580925
0.010726
-0.169599
0.0409784
-0.0428764
0.0337179
-0.0381587
0.053774
0.301129
-0.160865
0.000172051
0.385415
0.432035
-0.0607411
-1.02895
0.550059
0.0654467
0.0325941
-0.00195329
-0.0889288
-0.231388
-0.35179
-0.20619
-0.221637
0.315771
0.183655
-0.149988
-0.00243843
0.282913
-0.279594
-0.0814356
0.10163
-0.0307974
-0.221141
0.0815597
-0.156567
0.221122
-0.0403932
-0.114772
0.140371
-0.108055
-0.132249
0.0919933
-0.0759485
-0.360807
0.2982
-0.0865481
0.0404223
-0.126882
-0.0489783
-0.0834232
0.34671
-1.65386
0.056695
0.0118444
0.0595372
0.141614
0.24604
0.237021
-0.132924
0.0797793
0.168945
0.0755299
0.186655
0.0132551
-0.0398897
0.00422034
0.130758
-0.0407416
-0.0407558
-0.094863
-0.146944
-0.290364
0.188208
0.0179953
-0.172476
-0.152174
0.00915887
-0.140063
0.0540027
-0.0646334
1.18428
0.0853531
0.0736718
1.35468
0.149747
-0.149284
0.099361
-0.150073
1.06134
0.157064
0.241628
0.0302944
0.0940158
-0.0802302
-0.293835
0.142655
0.117821
-0.0544561
0.0358349
1.26865
0.118144
0.181335
0.0690594
-0.205059
-0.0203726
0.309513
-0.193996
-0.125122
0.173794
0.0555194
0.255506
-0.0496094
0.0181048
0.149166
0.275669
0.134467
0.00806
-0.0404375
0.00660472
0.0289886
-0.052733
-0.0147348
0.0716378
0.06538
-0.192407
0.0161192
0.144614
0.446848
-0.0274509
0.0185077
0.0947629
0.0450527
0.077749
0.0219459
-0.201839
0.0907496
-0.0281875
-0.0864533
0.314096
0.266245
0.247889
0.111327
-0.0165946
-0.167584
0.0268111
1.83099
0.0235136
0.0183146
-0.0803782
0.134752
-0.0272528
0.222466
0.00546095
0.0363771
1.91812
0.387627
-0.161548
-0.095195
-0.228046
0.216292
0.084349
-0.153145
1.31322
0.00417224
0.149155
-0.137873
0.244553
0.176463
0.0106711
0.0937994
0.183594
-0.0271122
0.169384
1.98226
0.0293183
-0.0593111
0.0142758
1.4834
-0.056954
0.0948904
0.163215
0.317611
0.0738712
-0.0453938
0.12376
-0.112021
-0.308732
-0.119251
-0.00665971
-0.0964574
-0.235947
-0.32417
-0.0300608
-0.0538541
0.0643257
1.73373
0.297709
0.00639574
-0.112196
-0.258233
0.118243
-0.104871
-0.184886
1.70118
-0.118013
-0.0997198
0.0550979
-0.185409
0.0499813
-0.205732
1.81824
-0.915469
-0.0270052
0.231591
-0.203153
-0.000721652
-0.184899
0.00845128
-0.200675
-0.171732
1.82074
1.1781
-0.0593523
0.183814
1.00183
-0.323299
-0.0418671
0.147184
0.0985053
-0.238635
-0.243117
0.10082
0.214514
0.00765602
0.325987
-0.181608
0.287807
0.0653874
0.0314176
-0.139936
-0.490958
-0.785706
0.114133
0.16323
0.0384014
0.0014943
0.0125415
0.0050484
0.134594
-0.0568363
0.020481
0.114267
-0.0261667
-0.196585
-0.254733
0.0448531
1.72343
0.2239
-0.0592743
-0.153398
-0.0158205
0.0765427
-0.720726
0.0951869
0.0236331
-0.00793144
-0.0147234
0.0314521
-0.0736585
1.60597
-0.0300658
-0.0305171
-0.165093
-0.0635421
0.217429
-0.128105
0.270754
0.0465934
-0.244773
-0.323729
-0.0976232
-0.276902
0.01625
0.0239745
1.91828
-0.105712
0.116647
-0.135139
-0.0914374
-0.0672144
-0.0188848
0.0183814
1.56044
0.0115099
0.0797191
-0.0784342
-0.058712
0.0509407
0.0693272
-0.210286
0.723704
0.107822
1.18945
0.982163
0.0135492
-0.131681
0.0285842
-0.0278071
-0.231495
0.117848
0.00508307
-0.0131725
0.0317588
0.159124
-0.118072
0.0527384
-0.103684
-0.198733
0.394198
0.252203
-0.00296967
-0.0418507
0.715571
0.0792768
-0.09255
-0.0405858
0.255457
0.148035
-0.37156
-0.2725
-0.230623
-0.479734
-0.0466045
-0.13113
0.292514
-0.0179451
0.00734509
-0.196011
0.112831
0.154526
-0.0285268
0.637244
-0.06137
-0.0436273
-0.159369
-0.25764
-0.0955086
0.115836
-0.141923
-0.192112
0.0591641
0.253244
1.8204
-0.109128
-0.0754282
0.0317836
-0.100171
0.250708
-0.161627
0.348916
0.0751439
0.137488
0.106794
0.0307396
0.0858224
-0.0378902
0.00595424
-0.0927314
0.101406
0.0159901
-0.148987
-0.0717941
-0.0130848
0.0955039
-0.147553
0.313893
0.19017
-0.0658109
0.29634
0.0344114
0.180971
-0.0308549
0.129253
-0.0735361
-0.0831228
0.0653318
1.86872
-0.0887525
0.0542177
-0.111444
0.347419
-1.35988
0.0249361
0.132326
-0.341802
0.0557659
-0.0282757
-0.027278
-0.0677806
-0.378946
-0.139794
0.267119
-0.0488661
0.0113372
-0.0142956
-0.0931515
0.088101
0.161299
1.55273
-0.180675
-0.0948494
0.0616467
1.62879
-0.22638
0.0293701
-0.320547
1.26286
-0.0406495
-0.224592
0.0219701
-0.0901559
-0.15488
1.52353
0.100745
0.0329891
0.0599317
0.05798
0.19369
-1.06691
1.10956
0.147452
-0.222592
1.8539
0.0417949
-0.00168543
-0.0316337
0.392803
0.00330307
0.0962452
-0.0370424
-0.21633
-0.136206
0.227836
-0.0868296
-0.0655035
0.264314
-0.191342
-0.112021
-0.324218
-0.225439
-0.366562
0.0763487
-0.12413
0.0979587
0.0505692
-0.191689
0.27978
0.105406
-0.0524562
0.167424
0.133133
-0.0293194
0.0679123
-0.0105174
1.53554
-0.163214
-0.258974
-0.0805913
-0.279825
-0.114481
-0.0463513
-0.0263141
-0.107183
-0.0348174
0.0365346
-0.021227
0.226657
-0.242239
-0.408114
0.297659
-0.07468
-0.207199
0.11379
0.135166
0.0217413
0.0626461
0.278704
0.255953
-0.0291364
-0.104583
0.287536
0.00196027
0.288079
0.182643
1.57648
-0.190012
1.39389
-0.0912835
-0.0106982
-0.192416
0.178092
0.163717
0.0626538
0.16334
-0.056662
-0.0564086
0.106397
0.276252
-0.191273
0.904267
-0.191188
-0.274159
0.212481
0.103229
0.167868
-0.153874
-0.200893
-0.173828
-0.0834197
0.0828888
0.064313
0.024492
-1.98169
-0.237382
-0.204052
0.0976489
0.225666
0.994903
-0.00899663
0.0989098
0.980261
1.27019
-0.0446295
-0.0673523
-0.050495
-0.438728
0.0249778
-0.103261
0.144435
-0.131339
0.0490538
0.159884
0.0409213
-0.0917507
-0.108639
0.0806368
-0.0996565
0.117377
-0.0358629
-0.0322988
0.200657
0.116224
-0.230229
0.0649777
0.193579
-0.244517
0.077046
0.2862
0.559385
-0.0944835
0.044941
0.015352
-0.20567
0.0808312
0.169215
-0.374856
-0.0374725
0.0730929
-0.230055
0.00547148
-0.0591449
0.0851801
-0.140239
0.195504
0.157248
0.138885
0.111521
-0.0532526
-0.0652074
-0.331357
-0.405166
0.258274
-0.0439208
0.930352
-0.0170304
1.70795
0.170463
0.0923681
0.120472
-0.0307029
0.136484
-0.115313
-0.375448
0.173225
0.0992687
-0.0116576
-0.0277504
0.214471
0.13136
0.186083
0.0521589
0.157884
1.61695
0.0871754
-0.0833526
0.24964
-0.24794
1.56886
0.104149
0.0110009
-0.604511
-0.208178
-0.185368
0.252417
-1.1401
0.112613
-0.488726
-0.192422
0.159215
-0.112046
-0.117085
1.1276
-0.122418
0.0265383
-0.0314807
-0.082599
-0.0316477
0.0789723
0.208513
-0.015054
1.83265
-1.81842
0.039253
-0.1239
0.0970095
-0.167155
-0.0254107
0.266328
0.0585125
-0.188646
-0.216308
0.117795
0.114763
1.68455
-0.0340583
-0.134444
-0.292458
-0.157773
-0.0817068
0.128992
-0.0154393
0.667173
-0.00818017
0.0897127
-0.18457
-0.0331536
-0.272413
0.165411
-0.107709
-0.109377
0.0067334
0.944615
-0.0462148
-0.317221
-0.225423
-0.0639449
-0.00898362
1.35505
-0.143021
0.0249841
0.200356
-0.33253
-0.924602
0.00498661
0.0662854
-0.0962032
-0.508153
-0.0390795
0.138306
0.023084
-0.143497
0.123223
0.0404734
0.867102
1.15272
-0.111903
0.300692
-0.0445174
0.0757794
-0.209567
-0.155609
0.010137
1.77438
0.264732
0.181558
0.385933
-0.0832121
0.937377
0.00391891
0.0411725
0.00101169
0.0551366
0.362798
0.0034846
-0.120681
0.347305
0.0551383
0.899499
-0.122621
0.0286635
0.0628937
-0.0122996
-0.225395
-0.234263
0.154022
0.0622895
0.0192596
0.0498741
0.135528
-0.0848462
0.039509
0.167716
-0.0439105
0.0501869
-0.0683353
0.781504
-0.0388929
-0.307298
-0.146858
-1.11733
0.00599069
-0.137256
0.125679
-0.152428
1.00387
-0.0969864
0.154785
-0.0401884
-0.103799
0.0654875
-0.117884
-0.0550997
-0.000851316
-0.230156
-0.189556
-0.119573
-0.408851
-0.328364
-0.0795109
0.284931
0.15459
-0.293176
0.0506811
-0.27502
0.0710696
0.0130697
0.0710034
0.0232024
-0.00275379
0.144735
-1.06473
1.48956
1.64609
0.0567871
0.0591574
0.0487787
-0.0719988
-0.149963
-0.229499
0.202784
0.362825
0.290329
-0.297378
0.172991
0.123001
0.0291994
0.168917
-0.0124822
-0.163318
1.88991
0.135969
0.336985
-0.0583035
-0.0411151
1.42873
-0.0759996
-0.131627
-0.275083
-0.0972525
-0.0522375
-0.26062
0.0596982
0.137048
-0.0490598
-0.194957
0.0461291
0.317941
-0.0509689
-0.0718822
0.0335399
-0.53329
-0.212968
0.0147329
0.0304579
-0.0188643
-0.177513
-0.316881
-0.0239122
0.282491
-0.0758825
0.0208509
0.0539288
-0.0574653
1.11727
0.158264
-0.411132
-0.233595
-0.0101045
-0.145092
-0.206866
1.73549
1.16898
0.385306
-0.0169918
0.149819
0.204645
0.374566
1.53768
0.0961932
-0.28411
-0.0702869
0.183704
-0.0843761
0.0907494
1.32869
0.0659593
0.156349
0.0433166
0.275828
-0.207673
0.194455
1.01338
0.199165
-1.95118
-0.14113
-0.128434
-0.0545973
-0.206944
0.134608
-0.0403681
0.239485
-0.0850382
-0.245063
-0.354624
0.0187458
0.0194313
0.22776
0.218505
0.0665745
-0.051552
0.152152
0.0485716
0.122566
-0.0374634
-0.113938
0.0399322
-0.120532
0.0225991
-0.0343785
-0.0803787
0.186563
0.122347
0.536851
-0.0700271
0.131938
0.0472997
1.4549
-0.269027
0.206471
0.0351665
0.251785
1.63856
-0.290766
-0.162027
0.0427942
-0.0128982
0.141886
0.428253
-0.10733
-0.113711
0.00688329
0.396985
0.13616
0.351059
0.0652124
-0.146832
-0.00854521
-0.196932
0.00341833
0.11777
0.245172
-0.0743902
-0.0899324
-0.134949
-0.21825
-0.301921
0.0262775
-0.591501
-0.221459
-0.171149
0.0393192
-0.910509
0.0709596
-0.020423
0.112363
-0.0931319
-0.109106
-0.290656
-0.28468
-0.704335
0.0588273
0.213247
-0.0177774
0.128183
-0.23955
0.926952
0.0516888
0.117516
0.0300708
0.295206
-0.165795
-0.227938
-0.187988
0.122067
1.63038
-0.0678191
-0.123565
-0.103478
-0.175939
0.0694197
-0.129413
-0.764383
-0.043039
0.0103155
-0.0885654
0.33001
0.124776
-0.0112376
0.707795
0.111372
0.0935
0.274383
-0.0496503
0.0419342
-0.45824
-0.073611
-0.238599
-0.155877
-0.0918144
-0.082276
0.207819
-0.0438753
0.116445
-0.00344964
0.0521717
0.117696
0.0633328
0.128795
-0.058429
0.00757723
-0.0418858
0.0753952
-0.295265
-0.285565
-0.0295668
0.205546
-0.049071
-1.45407
-0.0149561
0.369341
0.0186206
0.227122
-0.0538599
0.118789
0.32967
-0.0150732
-0.13441
0.166965
-0.0635189
0.11516
-0.0390857
-0.086929
-0.0128434
0.0428874
1.63706
-0.0181354
0.139935
-0.108354
-0.210511
0.749109
0.0191671
0.1281
-0.234093
0.0895933
-0.102297
0.127411
0.126843
0.0538061
0.0108523
0.0874706
-0.266277
-0.368152
-0.0364848
-0.137972
1.81058
-0.0959422
1.65061
0.0234244
0.0198805
1.67193
0.146225
0.19732
1.07855
-0.1072
0.137601
-0.110447
-0.149574
0.0259205
0.255934
0.195835
-0.242794
0.176594
0.0507158
-0.3852
-0.106389
0.777365
-0.0709804
0.120545
0.0335071
0.231616
0.150169
0.527718
0.0985456
-0.0494934
-0.0115273
1.05869
0.18851
0.188551
-0.0143527
0.266684
-0.133764
-0.0104598
-0.00362665
-0.160488
0.0825587
1.17139
0.0596209
-0.0026264
0.0720051
0.00665287
-0.314295
-0.125196
-0.0899669
1.03985
0.106805
0.078741
-0.382584
0.165861
0.0576694
0.315171
-0.134899
0.0611643
0.220077
-0.197427
-0.12161
0.156442
0.0596806
1.34488
1.30436
-0.0613595
-0.320416
-0.0710232
1.93053
-0.151301
0.278468
0.415664
-0.00763726
0.101052
0.00914053
1.58378
1.11799
-0.130421
-0.0267571
0.057434
0.119929
-0.168132
0.184975
0.144345
-0.0340029
-0.25019
-0.146394
-0.0215642
-0.173424
0.0392145
0.252015
0.0310033
-0.642825
0.145223
-0.132685
-0.139146
0.685677
1.44977
0.135977
0.135391
-0.0928135
-0.151426
-0.0143905
0.401836
0.2582
0.0408175
-0.0561696
-0.114643
0.726603
0.054927
-0.0999183
-0.298931
-0.0455901
0.231901
0.262593
-0.426819
0.0010094
-0.0589189
-0.143765
1.88589
-0.244464
-0.229779
-0.222798
-0.0166688
0.266844
0.0118629
0.077427
0.0412292
0.192238
0.312832
0.110197
-0.0745847
-0.137492
-0.367835
0.0595792
-0.155395
0.0812551
0.173581
0.185404
0.132187
-0.00957889
-0.0393415
-0.791977
-0.230322
0.26234
0.0197451
-0.28368
1.7148
0.249826
1.62546
0.0613392
-0.152222
0.0463488
-0.148918
-0.192216
0.309707
-0.2006
-0.317529
-0.153302
0.104814
0.305943
-0.197811
1.35733
0.648136
-0.733902
0.0366389
0.0523316
0.00952947
-0.192827
0.0619793
0.0466632
0.128253
0.139712
-0.0783732
-0.162423
-0.0703347
-0.096606
-0.0158418
-0.153665
-0.00872054
0.309311
-0.385087
0.205373
0.0508282
-0.0250724
1.99864
0.0166092
-0.106097
-0.125546
0.0857249
0.0979491
0.27413
-0.124447
0.117198
0.246883
-0.0980012
-0.103541
-0.0923001
0.150127
-0.047539
-0.0605109
0.111655
1.05459
0.743728
-0.21302
-0.286544
0.0682233
0.0571651
0.683656
-0.0591432
-0.106034
0.933122
0.529504
0.0415527
-0.217544
1.47457
-0.186484
-0.0927484
0.180725
-0.230046
0.0435915
0.992655
-0.26659
0.139809
-0.172725
0.119742
0.0402823
-0.0476349
0.312427
0.0785907
-0.235497
-0.00901593
0.102795
-0.0339618
0.00584175
0.196298
0.0731865
-0.155733
0.0671715
0.0268924
0.389149
-0.251699
0.256918
-0.250701
-1.4531
0.395466
0.917278
0.0403332
0.0476568
0.125647
-0.0834713
0.119006
-0.078776
-0.0997707
1.87108
0.092047
0.0708223
0.0308922
-0.127368
0.00424194
-0.132436
0.0467766
-0.0466475
0.192626
-0.119703
-0.213303
0.0850656
-0.0290294
-0.663228
0.134501
-0.0634127
0.184965
0.247103
-0.0312187
-0.170585
-0.0147299
-0.211334
0.00201009
-0.140786
-0.254349
0.346067
0.0521824
-0.024038
0.172418
-0.196276
0.0431894
1.56745
0.196676
-0.91957
0.0318112
0.500618
-0.248009
1.18759
-0.811172
0.241603
0.16729
-0.133248
0.158813
-0.0712044
0.0527525
-0.875587
-0.451387
0.162419
-0.0735202
-0.116791
0.141343
-0.0707117
0.0473769
-0.144403
0.0283057
0.178865
1.9653
-0.436806
-0.303327
0.0813368
0.384767
0.097101
0.240794
-0.107016
0.0361572
0.134865
0.0460268
0.0956509
0.0630292
-0.082984
-0.168391
0.0807571
0.156297
0.0731
-0.173634
-0.262766
0.116421
0.135665
0.114479
-1.71432
-0.132905
-0.0618305
0.286228
-0.0361985
-0.0378103
0.929445
0.0814853
-0.109846
-0.18377
1.98983
0.00225417
0.0114869
-0.0243265
1.95825
0.140871
-0.0574612
-0.0770431
0.110297
-0.0825684
-0.298764
0.163167
-0.0639186
0.0832382
0.249491
-0.244895
0.152979
-0.0538399
-1.12691
-0.1787
0.088158
0.139845
0.273937
0.25982
-0.17266
0.0742775
-0.211956
0.167882
0.0756999
-0.134758
-0.0255645
-0.132304
-0.0386961
0.238562
0.185766
-0.296676
0.0310816
0.254366
-0.13592
0.141145
0.0258094
-0.0324668
0.246408
-0.123482
-0.00193936
-0.152212
-0.0720284
0.102144
-0.0583538
0.247893
-0.222572
0.0719564
-0.19126
-0.162681
0.129996
0.0611792
0.251454
0.116892
-0.112423
-0.0678724
0.298835
0.086812
0.262301
-0.215882
-0.020788
-0.175242
-0.0649427
0.188034
-0.0835435
0.577967
0.134643
-0.0399351
-0.224386
0.073151
-0.00257752
-0.47617
0.252698
0.136863
0.267162
-0.0871216
-0.22492
0.0245573
0.0056715
1.36644
-0.1631
-0.169086
0.0317073
-0.0775348
0.0899312
-1.21887
-0.055
0.274985
0.184201
0.649799
-0.00528521
-0.0440504
0.111065
0.152465
0.194575
0.0710681
1.78258
0.177382
0.104266
-0.212884
-0.0850413
0.654099
-0.0880468
-0.0189104
0.234002
0.0310602
0.0952832
0.0391494
0.21235
-0.172195
-0.0388243
0.322274
-0.0571801
0.169981
-0.115057
-0.159585
-0.0265342
-0.0275751
0.102976
-0.0794154
0.103472
-0.131033
-0.100124
-0.59695
0.171068
-0.133796
0.0863176
-0.281127
-0.0692654
0.271929
-0.0352902
-0.140195
-0.24348
-0.382968
0.0891035
-0.0113953
-0.0340437
-0.403634
-3.19736e-05
-0.052014
-0.255767
-0.231334
-0.463081
-0.0168151
-0.159212
1.96598
0.114917
0.324433
0.141464
-0.0253138
0.021362
-0.0235251
-0.0622774
-0.0294451
-0.0458056
-0.0697112
0.301638
-0.0800415
0.0877918
1.49158
-0.0619453
1.60462
0.0243316
0.135648
-0.185959
-0.0489809
0.103691
-0.0770363
-1.16912
-0.228135
0.739561
-0.0121748
0.376867
-0.266283
0.229419
0.0555095
0.0851602
-0.0588836
-0.0274585
0.313841
0.558061
0.161664
-0.058628
-0.0790644
0.0206329
0.322787
-0.0390666
-0.160002
-0.018749
0.0531239
-0.103959
0.153485
0.16576
0.056703
0.208006
0.166511
-0.024323
0.0969814
0.135055
-0.00424907
-0.0495773
0.115302
0.105284
0.101022
0.102389
0.882216
-0.084467
0.0238462
0.243283
-0.123339
-0.0700168
0.180152
-0.277074
0.254881
0.196043
1.43626
0.081922
-0.12469
-0.18931
0.0842823
-0.091091
-0.190075
0.172382
-0.0485074
0.0268066
0.098907
0.0465689
-0.120822
0.199748
1.00798
0.0490279
-1.99807
0.130583
0.159757
-0.18218
-0.107258
-0.167979
0.15187
-0.243453
-0.202953
0.0213311
-0.124532
-0.338967
1.05591
0.115071
-0.0450769
-0.0604493
0.0403335
0.112962
-0.529804
0.325769
1.44479
0.0244169
0.298835
-0.186643
-0.136139
-0.0212624
0.0149033
-0.0122823
0.0166253
0.302742
0.8558
0.167672
0.0532886
0.012538
-0.0145267
0.0145282
-0.0350463
0.0257705
0.0880287
0.00857651
0.0752988
1.21253
0.137275
0.294304
0.207538
-0.0322201
-0.257558
0.342905
-0.0884281
-0.0302854
0.0934017
0.185913
-0.035595
-0.188787
0.072146
1.36105
0.173959
0.217714
1.76582
0.106109
-0.153868
-0.220153
-0.149289
-0.135513
0.065845
0.0652311
-0.0383744
0.426329
1.42826
-0.158257
0.0558581
0.149223
-0.0737901
0.770285
-0.0846021
-0.0428632
-0.162752
0.0661936
-0.0773863
0.0489855
1.25516
-0.183898
-0.0866648
0.0103142
-0.197487
0.0266269
0.144293
-0.191796
-0.0554871
-0.364907
-0.10059
-0.0369142
0.0127299
0.132983
0.106564
-0.324151
0.176723
-0.0566833
0.00290454
0.165102
-0.0724418
-0.021418
-0.145957
0.161348
1.66505
-0.274461
0.0539442
-0.210986
-0.0781936
0.0411136
0.038496
0.292522
-0.0315299
0.131067
0.0289857
-0.0511684
-0.0768442
1.53559
0.235994
0.11728
0.121551
0.123796
0.0537578
0.305851
-0.130409
1.44572
-0.139765
0.102004
0.274965
-0.0502257
-0.0883429
-0.0643596
-0.13378
-0.0239053
0.466433
-0.284518
0.0625993
0.320984
0.00477622
0.056979
0.146464
-0.12534
-0.345712
0.150655
0.1899
-0.0790601
-0.224648
-0.516415
1.12396
-0.32653
0.048084
0.0134762
0.262706
0.30289
0.69778
-0.0878639
-0.0420736
-0.687857
-0.00864775
-0.0782228
0.889151
-0.0101382
-0.0243754
0.179293
-0.154235
-0.0760698
-0.0201722
-0.164628
-0.115454
0.691863
1.09883
-0.113598
0.934292
-0.0640358
0.0415299
-0.289724
-0.241389
-0.00156995
0.0952156
-0.010293
-0.0829324
-0.16427
-1.25152
0.055919
-0.115252
0.174179
-0.144782
0.0603228
-0.123379
-0.00302279
0.197918
0.00529171
0.126741
0.123965
0.106597
-0.016436
-0.0750266
-0.110803
-0.0172342
0.0744608
-0.215261
-0.134768
0.265226
0.282075
0.0279628
-0.0821751
-0.217945
-0.00665907
0.131319
-0.183121
0.0543917
-0.0682303
0.0492106
-0.141327
-0.0689739
-0.177092
-0.0352788
0.0384697
0.328491
0.169175
0.148622
1.06579
0.104313
-0.347282
0.199256
-0.326778
0.133206
0.165755
0.111795
-0.076576
-0.173827
0.158255
0.0973069
1.11422
0.788286
0.0678271
0.00490104
0.0963802
-0.667165
-0.239117
-0.0305052
1.04902
0.210234
0.140495
0.0130613
0.100453
-0.117362
0.119725
-0.228178
-0.124551
0.310041
0.0795594
-0.183129
0.291502
-0.150337
0.20399
-0.0309842
-0.312565
0.17208
-0.683649
0.169108
-0.778029
-0.0965305
-0.028726
1.57146
-9.7188e-06
0.0790673
0.00921851
0.0156811
-0.201235
-0.0214864
-0.165225
-0.477621
-0.0135798
-0.10279
-0.190256
0.157163
-0.0169965
0.643939
-0.0625262
0.0106504
-0.132744
-0.137925
0.150171
0.180245
-0.127904
-1.98205
-0.0173692
-0.0398996
-0.0128652
0.10973
-0.0926236
-0.234612
0.0403512
-0.269754
-0.0905216
0.0488995
-0.0762308
-0.0511786
-0.0212957
-0.0719258
0.168851
-0.0380516
-0.200261
-0.25416
0.100331
-0.0321819
-0.193175
0.0606777
-0.0628074
0.0450076
0.0225582
0.16099
0.0514015
-0.222316
0.299985
1.91267
0.233448
1.91794
1.18524
-0.547413
0.218219
-0.199597
0.103671
-0.221272
0.00513117
0.245925
0.0862971
-0.114292
-0.0389797
-0.0288623
0.135628
0.773405
-0.109383
-0.116913
-0.11709
0.0556948
0.163898
0.0810198
-0.147371
0.0306365
0.00151101
-0.0316471
0.343393
-0.0606374
-0.112929
-0.200309
-0.233553
-0.146801
0.447292
0.0103592
-0.163447
0.187352
-0.00305481
0.741399
0.103491
0.173884
0.0626168
-0.220171
-0.0422784
0.0481563
0.149842
-0.00729773
-0.188667
0.0711497
-0.174286
-0.0466615
0.12533
-0.0244855
0.0720287
-0.1177
0.0817191
-0.140945
0.0832277
-0.124913
-0.692192
-0.201248
-0.00884213
-0.0496071
0.0378331
0.218616
-0.187752
0.0755116
0.122771
0.278271
0.120713
-0.0919041
0.0578025
1.35255
0.0322309
0.251937
0.247411
-0.0585598
-0.167451
0.0700037
-0.0884269
0.0461355
0.054305
0.241199
0.0502174
-0.142824
-0.507665
0.141439
-0.103133
0.127724
0.223265
0.133075
-0.0855245
0.0488166
0.238207
-0.00397044
-0.0379909
-0.0933318
-0.138864
-0.152461
0.116374
0.0452643
0.151977
0.0779914
0.0220353
0.113808
-1.26137
0.247591
0.0600211
-0.114773
0.113594
0.16417
-0.0173246
-0.162124
0.0110333
0.193336
-0.138542
0.0367038
0.325722
0.998862
0.0713756
0.0893867
0.677322
0.23861
0.183732
0.145476
0.191904
-0.136519
-0.385906
0.166235
0.228081
-0.0520044
1.99157
-0.237785
0.0170147
0.307243
-0.0981615
0.08133
1.13753
0.102147
1.59552
-0.367184
-0.248835
-0.12289
0.108702
0.610272
-0.0874196
0.253042
0.306676
0.0837538
0.108752
-1.386
-0.0582722
-0.234872
-0.0333362
-0.0921624
-0.194876
0.102102
-0.127065
-0.249801
-0.582886
-0.166551
-0.0819687
-0.111703
-0.13078
-0.47415
0.129232
0.0297951
0.144003
-0.0754684
0.0182486
0.150278
-0.150723
-0.245372
-0.0324721
0.134216
0.0266127
0.570866
-0.00202691
-0.107081
-0.101689
0.0473672
0.0210947
0.0855666
0.00849669
0.131283
0.0257254
1.61013
0.0686437
0.457294
1.78917
-0.0413906
-0.214424
-0.0540306
-0.1668
0.0797854
0.0367604
-0.212035
0.186189
-0.193305
-0.0195603
0.172724
0.285132
0.112687
0.1734
1.27184
0.0331489
-0.248835
-0.0729026
0.300918
-0.0616592
-0.208422
0.14632
0.0688998
0.133729
-0.0739254
-0.213038
-0.0942089
-0.119481
0.0874636
-0.0782486
-1.04607
1.05711
0.128387
0.188915
-0.0319015
-0.0669243
-0.229408
0.0782486
-0.00994186
0.121093
0.0617951
-0.0875381
0.19435
0.0480706
-0.108899
0.0577209
-0.0516897
-0.157346
-0.0192788
-0.30279
0.253875
1.23969
0.0868574
0.155987
-0.0665356
-0.018196
1.71493
0.00551102
-0.0751551
-0.0375563
-0.0682354
0.0515095
-0.0988352
-0.0522461
-0.169424
-0.0331124
-1.08662
-0.0467284
0.111015
0.658267
0.0158337
-0.390145
-0.291295
-0.108656
-0.0872394
-0.319207
0.0497388
0.151444
-0.107593
-0.00258663
-0.232354
-0.140323
0.169428
-0.177206
0.0227116
-0.0748412
0.202339
0.538164
-0.240142
-0.115098
0.0968866
-0.162956
-0.0714929
0.0647036
-0.0373141
-0.147374
-0.0463426
0.12682
0.647705
0.0370319
0.0244045
-0.16448
-0.0907336
-0.0758857
-0.0184492
0.55299
1.93015
0.174127
0.011768
0.0570499
-0.32093
-0.044128
0.0642588
0.0752057
-0.0964483
-0.22409
0.00185768
0.0273094
0.192263
0.119858
0.00670099
-0.128994
0.284669
-0.200168
0.183375
-0.0669832
-0.0916805
-0.0204251
0.0846649
0.0160131
-0.00386068
-0.00193344
0.0212619
-0.0453549
-0.106897
-0.172186
0.0989412
0.189369
0.517232
-0.328626
-0.0281826
0.176938
0.248348
0.0518958
-0.156959
0.171398
0.133276
1.87758
-0.0248923
0.210163
0.0804467
-0.0721715
-0.00735416
0.127869
0.220243
-0.102263
-0.0151007
-0.201961
-0.0743945
-1.17526
0.171777
0.0577414
0.139437
-0.22522
0.109238
0.137294
0.210288
-0.185038
0.0633636
-0.0615311
0.0561469
0.0782837
0.0987119
-0.00386363
0.0130992
0.104709
0.0561699
0.0523702
-0.111808
-0.327472
0.214817
1.12201
-0.0300074
-0.214807
0.199752
0.18684
0.0109925
0.156671
-0.247965
0.2309
-0.212895
0.0784346
0.332006
-0.140763
0.307394
0.00617066
-0.00667796
-0.112309
-0.0119318
0.255174
0.023845
1.08682
0.042994
0.155039
0.182158
0.607576
-0.0247685
0.0179424
-0.04253
0.0111664
0.161535
-1.39187
0.0674879
1.46215
0.311503
1.49822
-0.123188
0.110899
0.321931
0.0814242
1.99179
-0.206817
-0.164618
-0.0462277
-0.0908947
0.0357093
0.085021
-0.411782
-0.903554
-0.0725484
-0.0584642
-0.0197402
-0.200415
0.0675338
0.124295
-0.16151
0.0941307
-0.0453705
1.2742
-0.124261
-0.368011
0.126849
0.173834
0.133618
0.0596541
-0.0366432
-0.918223
-0.062761
0.00704688
0.119589
0.115043
0.100522
0.160116
-0.0448838
-0.136596
0.223166
0.278159
0.204103
-0.149817
-0.0158201
0.167921
0.148535
-0.0923697
0.165907
-0.117381
0.0770288
0.170514
0.00860892
-0.129005
-0.135757
-0.155907
0.0505393
-0.20083
0.11405
-0.179202
0.151296
-0.127346
-0.112136
-0.0339488
0.00991217
0.0244349
-0.087328
0.08428
0.0609031
0.14995
0.0668412
-0.149189
-0.138442
0.0889876
0.0256489
-0.146049
0.213541
-0.132637
0.103203
-0.0139024
0.826465
-0.193043
-0.565627
-0.119864
-0.245021
0.162149
0.0569153
0.151466
0.000943581
1.2762
-0.110768
0.244659
-0.0947023
-0.0886178
-0.171743
0.147856
-0.00392007
0.209645
0.451082
0.0482203
-0.0457995
1.63366
-0.140827
-0.11107
1.75255
-0.0656329
-0.130244
-0.0652987
-0.198739
-0.0304118
0.121222
-1.36456
-0.128337
-0.112879
0.0256021
0.216866
-0.241986
0.668878
-1.98777
0.02415
0.0111285
-0.126581
-0.142178
-0.0981985
-0.0477397
-0.696782
-0.214964
1.02589
-0.216891
-0.106087
-0.180984
0.139567
-0.0745011
0.08826
-0.0237823
-0.302546
-0.142566
0.129725
0.148564
-0.344955
0.17311
-0.0186623
0.154937
-0.02965
0.013425
-0.0320268
-0.0769487
1.99479
1.21027
-0.00412398
0.00383793
1.97709
0.155586
-0.0525413
-0.266417
0.092778
-0.0082146
-0.138491
0.105705
0.0820087
0.185705
0.126298
0.181057
-0.162803
0.181814
-0.115943
-0.810207
-0.10044
-0.0635437
0.216123
0.283513
-0.180327
-0.0507353
0.235858
-0.518834
0.00535765
0.0227765
-0.241314
-0.115171
-0.247369
0.0626394
0.0847726
0.182064
0.296317
0.02859
-0.140499
0.310687
1.17818
0.0932999
1.08704
0.111514
-0.161949
-0.00661912
0.0871077
-0.0684429
-0.135297
1.7168
-0.181964
-0.0292803
0.0944266
0.233205
-0.0240723
0.151491
-0.210267
0.128291
-0.00731332
-0.394008
-0.0820964
0.120022
-0.205016
-0.00267599
1.00784
-0.135671
0.0064402
-0.155968
-0.244739
-0.737912
-0.17967
1.16288
-0.340723
0.076813
0.0656154
-0.202837
0.0498843
0.0966653
-0.22764
-0.115792
-0.274609
0.0748392
0.163096
-0.0625409
-0.106676
1.14511
0.0609805
0.264094
0.145776
-0.109985
-0.262353
1.54666
1.27437
-0.187475
0.0781949
0.133596
0.0645236
0.0449317
0.156721
-0.118694
1.92008
0.161294
0.0642485
0.023042
0.239108
-0.219978
-0.0587779
0.102273
-0.283422
-0.191657
0.174317
0.963743
0.114487
-0.15065
0.176235
0.130108
0.0199877
0.0918212
0.0180639
0.257948
0.0357824
0.0484698
-0.288223
-0.113441
0.1273
-0.0339414
-0.234947
-0.279486
-0.244059
0.0789385
-0.156235
-0.109562
0.149015
-0.143545
0.00212911
1.1124
0.102494
0.0529785
-0.146875
-0.111813
-0.804453
1.20502
0.284955
0.0115488
0.073975
-0.100497
-0.0447293
0.0262383
0.0546708
-0.789328
-0.276719
-0.19562
0.105687
-0.0394191
0.0368953
-0.0786536
0.39286
-0.127934
0.0872129
-0.11408
0.00549427
-0.33429
-0.24806
-0.0561198
-0.0942575
0.038681
0.0396361
-0.160441
0.149643
0.385544
-0.245299
-0.122249
-0.0993716
0.98353
1.97803
-0.154574
0.160254
-1.55958
0.139529
-0.106628
0.116407
-0.0701819
0.219555
0.022072
0.226099
0.0806122
0.0215103
-0.0512471
0.375101
0.121454
0.106687
-0.116058
0.219544
-0.0322293
0.138617
-0.0537179
0.209977
0.169304
0.0866359
-0.0765582
-0.172284
-0.154989
-0.129538
-0.0293668
-0.1277
-0.193709
0.0232521
0.0390742
0.0625842
-0.467669
-0.103933
-0.347514
0.68734
-0.969925
-0.216755
-0.431141
0.209822
-1.14327
-0.0622898
-0.0126692
-0.287099
0.141214
-0.13816
0.115052
0.244927
0.0995434
0.330101
-0.0878709
1.6806
0.413304
0.0198024
-0.383631
-0.0012481
-0.118563
-0.432771
0.217234
0.141244
-1.78508
-0.0138951
0.159249
-0.0488788
-0.295595
0.0123974
-0.313091
-0.220109
0.00930412
0.372803
-0.173283
0.190314
0.104832
0.0882577
0.0910395
-0.0220422
0.279857
-0.301362
-0.0849213
1.88955
-0.111193
-0.19307
0.0540728
-0.3529
-0.0375839
0.169122
-0.276657
0.172826
-0.228442
0.0252643
0.233965
0.138876
1.86982
-0.0118745
0.123264
0.254848
-0.00589158
-0.142179
0.28718
-0.198156
0.0213521
-0.0127529
0.054613
-0.259612
-0.197748
1.06534
1.93538
0.378347
0.121152
0.101768
0.0919513
-0.0774124
-0.29204
-0.129024
-0.0924718
-0.000349834
0.047784
0.0491216
-0.0389924
0.0598811
0.24429
0.0241028
0.0324739
0.156238
1.49877
-0.0629147
-0.100524
-0.226922
-0.00282179
0.0794691
-0.0133357
0.0558089
-0.136799
0.149585
0.0153395
-0.0456405
-0.0509965
-0.034827
0.445712
0.186602
-0.157345
0.00924461
0.0409716
0.290383
1.01608
0.279988
0.131996
0.063867
0.0380107
-0.313352
0.00797104
-0.200269
-0.00444006
0.0982274
-0.180254
1.42786
0.0063129
0.0359615
-0.319953
0.0525614
0.0933813
-0.096952
0.0404719
1.61009
-0.167295
0.0220221
-0.248094
0.140609
-0.0216571
-0.335258
-0.151975
-0.0915736
1.43204
-0.00802165
1.89418
-0.148417
-0.00803058
-0.249259
1.82202
0.13402
-0.337726
0.180412
-1.30563
0.00794749
0.12534
-0.0103589
-0.351951
0.115136
-0.140739
0.268526
-0.327097
0.368642
-0.00127272
0.129614
0.204526
0.0778514
-0.0184254
0.193458
-0.0752973
-0.207161
0.289947
0.123344
0.124424
0.392197
-0.092003
-0.24348
-0.0886085
0.15362
0.803478
0.10501
0.0577389
-0.0811788
-0.0333743
0.318535
-0.225603
-0.210907
-0.0505781
0.263511
-0.0149536
-0.0764284
-0.0005834
-0.106007
0.120625
-0.0415513
0.0503138
1.84203
0.451543
-0.0824072
0.0103767
-0.0977297
-0.0423971
-0.0525052
0.165926
0.649239
0.0885646
0.0424676
0.0325075
0.232137
-0.0255228
-0.18431
0.0796619
0.90174
-0.0541066
0.0292233
-0.0981556
-0.0500879
-0.239351
0.0425493
0.219161
1.00553
-0.0157171
0.0462819
0.159394
-0.174252
-0.0128197
0.228703
0.0390565
-0.193666
0.192554
-0.240466
0.0359162
-0.0167314
-0.0767987
0.288365
-0.0613899
0.071158
-1.29888
0.0429767
-0.0729761
0.0879381
0.0781153
-0.180237
0.110561
-0.190258
-0.394243
-0.0444943
0.125664
-0.2194
-0.280238
0.11957
0.174553
0.0594862
0.00427683
0.0199371
0.0708436
-0.079398
-0.00800706
0.0879173
-0.168634
-0.0506038
-0.190861
-0.062779
0.132607
-0.200647
0.0383115
0.193162
0.199025
0.208807
0.0897712
-0.381232
0.170501
0.106657
-0.152918
0.0985686
-0.10453
0.123914
-0.00678214
0.040746
-0.00264711
0.1057
-0.0737936
-0.146001
-0.0769066
-0.177229
-0.00452923
0.334728
-0.185489
0.109777
0.0977304
-1.65188
0.095443
-0.0484028
0.214061
0.169207
-0.417808
-0.0691879
-0.0751407
0.183852
1.37009
0.245453
0.160786
-0.134953
-0.0282638
-0.226814
0.0961811
0.106737
-0.0511746
-0.0494773
0.100309
1.79319
0.163128
0.00661517
-0.176852
0.150211
0.245698
-0.068583
-0.0685017
0.0104943
0.0889953
0.00502479
-0.0015467
-0.0107203
-0.318558
0.972855
0.228351
-0.224238
0.0697396
-0.0380097
0.252136
-0.124021
0.438009
0.00159402
0.301308
-0.22703
-0.234345
0.078501
0.0685307
-0.0775463
0.0154998
-0.0464086
-0.0503103
-0.0207066
0.366452
-0.354577
0.113778
-0.0791543
-0.101624
0.0528262
-0.157615
-0.0887265
0.0430563
0.216648
1.30585
-0.262125
0.067616
0.0281395
0.183018
-0.0562566
0.0176187
-0.25108
-0.154389
0.198128
0.00281491
0.64299
-0.160687
-0.275671
-0.0831292
-0.142303
0.110719
-1.91638
0.334037
0.073388
-0.0796224
0.171477
-0.0416569
0.000661274
-0.220935
0.0719535
-0.284409
-0.142596
-0.180101
-0.141019
-0.0327057
1.65721
1.55564
-0.0424473
0.0126718
1.70759
0.174132
-0.0204687
0.14946
-0.216025
0.0264424
0.0150606
0.0204228
-0.094719
-1.98091
0.000891191
-0.0280037
0.114235
-0.0941363
0.060365
-0.229099
0.189979
-1.29716
-0.224786
0.077487
-0.18277
1.13894
-0.117693
0.099192
-0.0432045
1.32825
0.0527339
-0.0190001
0.310904
0.150559
-0.156931
0.0526784
-0.014775
-0.31272
-0.0306206
1.18304
0.425459
-0.320591
0.0580477
0.1226
-0.110175
0.273587
-0.184092
-0.245554
-0.238517
-0.111138
-0.242287
0.0150855
-0.147301
-0.481583
0.219511
0.210255
-0.280643
0.0540325
-0.0170902
-0.0432082
0.657922
0.04659
-0.176233
-0.0415811
0.221311
1.6708
-0.000684421
0.293662
0.0807714
0.0962244
1.96938
0.179687
0.012542
0.151798
0.123314
-0.493654
-0.0459258
-0.00163815
0.00124947
-0.05624
0.0667178
-0.33032
-0.30861
-0.0178709
-0.0735612
-0.0868163
1.09509
-0.091115
0.0223432
0.0360135
0.0998399
0.0600815
0.111745
-1.6073
0.122604
0.0612204
0.0309061
-0.0847586
1.99215
-0.00453082
0.130861
0.949954
0.0605107
0.823477
1.35967
0.158661
0.133093
-0.301543
0.0168512
-0.407112
-0.101036
0.38788
-0.121899
0.284033
0.227473
0.298502
-0.000238291
-0.539992
0.0592263
-0.260234
1.14638
-0.439911
-0.192867
-0.0905086
1.70881
-0.0480765
-0.114434
-0.049887
0.219972
0.259649
0.655048
-0.170455
-0.422463
-0.328116
-0.0871225
-0.00980133
-0.0270171
0.0849245
-0.116948
0.651535
-0.035668
-0.687568
0.0488935
-0.145439
-0.0892337
-0.499778
-0.0220982
-1.14238
0.0528598
-0.0562196
-0.0963088
0.0621307
-0.228336
0.0782942
0.0710392
-0.291786
0.139541
-0.119683
-0.151306
0.302601
-0.0986542
0.0158623
0.161924
-0.31596
-0.198664
-0.0479736
-0.282582
-0.102968
-0.228207
0.0822412
-0.120854
1.68959
0.299589
0.000685405
-0.224674
0.0429772
0.190357
0.233763
-0.010955
0.0920619
0.0858922
-0.455184
-0.111766
-0.05842
-0.349899
-0.157691
0.21984
0.140757
-0.251149
-0.0101266
0.0429706
-0.0266431
0.127956
0.18696
-0.65933
-0.117673
-0.283209
0.229
-0.0110905
-0.167251
-0.126903
0.0636682
0.0941745
-0.000884451
-0.0352761
-0.230743
-0.0694073
-0.266626
0.13327
-0.129693
1.29979
0.206385
-0.089745
-0.0184904
-1.65047
0.240126
1.27342
0.138843
-0.13188
0.0423336
0.133771
0.133328
-0.308145
-0.122123
0.174057
-0.231646
0.184861
0.0916795
-0.165774
0.0286289
0.109618
0.0712095
-0.0961248
1.09556
0.190199
0.0140932
-0.0900134
1.60633
0.112714
1.85519
-0.0801155
-0.147754
0.230164
-0.178684
-0.339679
-0.108246
-0.280502
0.324655
-0.123949
-0.151342
0.0169384
0.0894831
0.162392
-0.0110833
-0.094475
-0.277094
-0.0563364
0.0582404
0.339598
-0.310322
0.0904151
-0.0644884
0.10377
-0.214617
0.06314
-0.27255
0.0128443
-0.0782283
-1.16118
-0.155766
-0.304333
0.130812
-0.964217
0.108463
0.364879
0.0764852
0.317877
-0.0915707
-0.157344
0.0475105
1.28292
0.034137
0.143249
-0.130094
0.134972
-0.10644
0.096355
-0.00238896
0.0574979
-0.017271
0.00395246
0.117462
1.96377
-0.0697546
0.907403
1.72637
0.203452
-0.131478
0.613429
-0.0973021
0.21004
0.11419
1.4168
0.0613861
0.279579
-0.217119
1.85496
0.152886
0.247389
0.517916
0.0143238
-0.0246642
0.141276
0.0174073
0.116229
0.894981
0.0667349
-0.0132137
0.214375
1.38987
-0.0590815
-0.164178
-0.0830311
0.0320371
0.0644469
1.30057
0.559266
0.0980679
-0.242178
-0.152299
-0.0687398
0.349368
0.157555
0.185661
0.0396826
1.40159
0.103929
0.0885868
-0.194163
0.00738321
0.0400717
0.0645818
-0.0626694
-0.14528
0.0116512
-0.0811748
0.092483
0.560575
-0.112318
-0.0279757
0.0659991
0.0358417
0.186152
0.13706
-0.109234
1.99929
-0.083228
-0.00428091
-0.220797
0.0453234
-0.0914749
0.125407
-0.184185
-0.0785912
-0.233085
1.14244
-0.1617
-0.288096
0.28528
-1.02351
-0.121052
0.0623175
-0.464127
-0.0321861
0.0657695
-0.242317
-0.0749251
1.13252
0.162318
0.0462978
-0.735474
-0.0665693
-0.0849006
0.0174092
0.133454
0.103089
1.73255
-0.0776098
0.109497
0.389223
0.047648
0.988639
0.790182
-0.188509
-0.055956
-0.0636619
-0.00133974
-0.149869
-0.0598229
-0.0275762
-0.272455
0.199212
0.00818398
0.0827455
0.00491488
0.0208554
-0.146277
0.153092
-0.194121
-1.62546
0.168078
-0.165647
-0.0120331
0.137028
-0.158314
-0.0751238
0.0311892
-0.244755
-0.168468
0.343472
-0.201516
0.0606245
-0.300168
0.0421743
-0.10351
-0.00030003
0.142623
-0.13316
-0.011771
-0.10328
0.0174065
0.211036
-0.0311167
-0.052869
-0.128606
-0.130786
1.5315
-0.391948
0.0843286
-0.0676575
0.0204834
-0.0217952
0.128625
-0.101865
0.142462
0.242348
-0.199226
0.164368
-0.116465
0.237705
1.83511
-0.0278696
-0.0449582
-0.143255
-0.0645192
0.294091
0.0428018
-0.197628
-0.0486282
-0.146575
1.15899
-0.0543355
-0.0242408
0.741046
-0.190088
-0.135366
-0.0235133
0.0010833
0.0435439
0.361348
-0.12696
-0.427837
-0.00262792
0.126908
0.371733
0.149698
1.87851
0.0439832
-0.194241
-0.0953029
0.819377
0.124873
0.335865
-0.154115
-0.0504879
-0.179005
0.0104202
0.127185
-0.110435
0.156572
0.00485076
-0.0988565
0.0873597
0.12421
-0.222849
-0.332301
0.018349
1.31849
0.133808
-0.0297301
0.249785
0.00957947
0.0406419
-0.084315
1.26443
-0.00874787
-0.0977502
0.130855
0.32728
-0.0554365
0.174368
-0.096088
-0.0341509
-0.267262
0.0392275
0.105067
-0.109948
0.00308468
-0.0621314
0.144378
0.0424816
1.56711
-0.0455145
-0.156869
-0.239256
-0.0484311
0.122794
-0.0359707
0.0965994
0.196109
0.190895
0.157278
0.0787947
-0.0589202
-0.0638201
0.123496
-0.00983497
-0.0626156
0.0326462
-0.0564877
-0.160022
-0.138284
-0.155835
0.248949
-0.0748285
-0.276583
-0.118769
-0.0743226
-0.0671311
0.281746
0.185728
-0.942475
-0.185821
0.14358
-0.0287342
1.42232
-1.59209
0.281141
0.027537
-0.203192
0.438503
0.0309444
-0.0460118
0.247305
0.132606
0.156611
-0.0462974
-0.0905646
0.785731
-0.318971
-0.0486197
1.04553
0.0657477
0.0798316
-0.00658354
-0.0243577
0.00455683
-0.443308
0.0517029
0.112712
0.150429
-0.199723
0.0924417
0.0552128
-0.250153
-0.0362815
-0.205955
-1.16643
0.0144544
1.86653
0.0249861
-0.0853623
0.116314
-0.154923
0.139798
-0.31175
-0.11786
0.0141402
-0.0750208
-0.101803
-0.0134347
-0.374675
0.0560015
1.02451
-0.0766179
-0.0196438
0.955803
-0.312625
0.269479
-0.235206
-0.170122
0.0593576
-0.157279
-0.00801528
-0.0904744
-1.85336
-0.0771336
-0.103589
-0.141037
-0.0254533
0.0154946
0.139633
0.000450044
1.3417
-0.00613644
0.377986
-0.0422615
-0.0883276
-0.137105
-0.269362
0.156141
0.154988
-0.0670119
-0.00793882
-0.0639683
0.00825053
0.125624
-0.00712736
-0.121761
-0.0203458
-0.179369
-0.0356754
-0.17383
0.179883
-0.227731
0.0121473
1.87411
-0.0445143
-0.0827914
0.0504355
0.568672
-0.0993738
-0.152299
0.203475
-0.0661287
-0.0558066
-0.20556
0.213386
-1.01899
-0.151244
0.309431
-0.0130709
0.021071
0.207822
0.544814
1.10916
-0.0120675
-0.0936977
-0.0142664
-0.214172
-0.0257248
-0.0118752
-0.0284708
0.150384
0.229499
1.59994
-0.291762
-0.146675
0.0715978
-0.147719
0.232605
-0.0512168
-0.264686
-0.331637
0.258632
-0.0506806
-0.149393
-0.257312
-0.0392246
-0.0855487
-0.118077
0.0169194
0.0435582
-0.184861
0.0632062
-0.0884798
-0.0243535
0.333432
-0.515535
-0.161136
0.0799886
-0.0210673
0.050281
0.0707799
0.258776
-0.152787
0.0139515
-0.264172
-0.199511
0.240405
0.128059
0.0399621
0.13372
0.0296464
-0.173078
-0.144713
0.13864
-0.0807229
1.84901
0.0172551
0.0970589
0.100515
0.0888754
0.144727
0.142144
-0.166618
-0.0386893
-0.0482929
0.305117
-0.662628
0.0109755
0.181909
-1.90587
-0.0986396
0.333314
-0.300703
0.123688
0.0447559
0.111114
-0.615174
0.419977
0.148439
-0.154169
-0.182943
-0.100532
-0.0245984
-0.076173
-0.106801
-0.158612
0.0106005
-0.0786204
-0.164868
0.208347
-0.0114784
0.228454
-0.0171836
0.0639637
-0.104197
-0.251187
1.44578
-0.112256
-0.0807511
0.17718
-0.0664018
1.74942
0.0678369
-0.316794
0.147514
0.249164
-0.105079
-0.904498
-0.0669683
0.211742
-0.112561
-0.276473
-0.246042
-0.230331
0.269572
-0.21674
-0.134638
-0.122054
0.13116
-0.133265
0.312387
0.130083
0.177968
0.130865
-0.32755
-0.0525452
0.163512
-1.30402
0.173868
0.0058792
0.097051
-0.0812369
0.396521
0.192896
-0.213859
-0.126861
0.0678073
-0.160487
-0.224092
-0.255709
-0.0632179
0.0841892
0.0532271
0.00895856
-0.151554
0.0205051
0.303095
0.0636677
-0.00126959
0.00839654
-0.142215
0.0555499
0.0608676
-0.0857189
-0.0515444
-0.631521
0.0736199
-0.00408486
0.31383
0.0442037
-0.347428
-0.0566962
-0.0318024
-0.110665
-0.0770761
0.456309
0.165389
-0.0568947
-0.0768103
-0.141368
-0.041272
0.0188482
-0.0100562
-0.0771771
-0.00749618
-0.26255
-0.10371
0.112495
-0.098764
-0.209728
0.0280201
-0.117609
0.0590524
-0.153116
0.0793427
0.227282
0.0578802
-0.04058
-0.0687925
-0.0360912
-0.38265
0.111
0.0236178
0.315481
0.151216
0.929363
0.038631
0.11091
-0.0713078
-0.0120416
-0.141189
0.268993
0.171539
-0.0961278
-0.0475413
0.0153422
0.286188
0.414092
-0.639202
0.185931
0.0949146
-0.0268437
0.058667
0.05261
0.247497
-0.112762
0.0258772
-0.00443955
0.0265006
0.203787
-0.136663
1.20715
-0.264653
0.0740178
0.0419304
0.124907
-0.132888
1.43715
0.0226851
1.05658
0.148051
-0.086205
0.148106
-0.332898
0.363616
-0.157625
-0.0516964
0.104608
-0.945961
0.147639
-0.421998
0.031517
0.0440879
-0.239351
-0.120569
1.72029
0.120616
-0.304102
0.0484342
-0.241898
-0.123791
-0.162221
0.140373
0.203997
-0.0861248
-0.142137
0.246679
-0.0552723
0.309738
0.218083
-0.0207697
-0.0100149
0.113423
-0.144882
0.281375
-0.193468
-0.242799
0.306776
0.00794121
0.175829
-0.00784039
0.0210879
-1.52304
-0.0647783
-0.209159
1.66414
0.157846
-0.0623908
0.200039
-0.167716
0.799377
-0.0854023
0.458764
-0.202987
-0.221474
-0.164095
0.117893
-0.136748
-0.170706
-0.0397779
0.115121
0.0395773
-0.143261
0.896108
0.193235
1.99064
-0.193833
-0.423639
-0.695524
-0.197277
0.00863501
-0.000904485
0.746137
0.163685
-0.199646
0.110644
-0.101161
1.76736
-0.0544424
0.29664
-0.0320269
-0.208279
-0.0336944
-0.0240176
-0.168765
-0.0477621
-0.156838
-0.219166
-0.147571
-0.12894
-0.00726755
0.111335
0.0022196
0.0420239
1.4696
0.935684
-0.0429588
-0.137621
-0.10373
0.0444045
-0.110753
1.69183
-0.0864034
0.816674
0.242622
0.0657347
-0.202924
-0.0509527
-0.356236
0.0827563
0.0139762
0.0478353
0.0173862
0.0362219
0.013978
1.9883
0.157294
-0.134081
0.0901769
-0.0788647
0.00040091
0.321414
-0.0348315
-0.255467
0.107573
0.0418781
-0.00819929
0.138388
1.463
-0.0691403
0.0952781
0.158412
-0.120553
0.11269
1.24505
0.0571487
0.130089
-0.0577745
-0.130453
-0.0709295
0.124346
-0.502505
-0.0450479
-0.229889
0.197137
0.123193
-0.0659238
0.157148
0.0154039
0.0546139
0.0821986
-0.0653238
0.182056
0.112141
0.137406
0.0537267
-0.286523
0.100585
-0.108626
-0.320041
0.0720496
0.0522274
-0.153187
-0.0583326
0.0298956
-0.180136
-0.29057
-0.303147
0.000825977
-0.129323
0.147393
1.4087
0.0240324
-0.119858
0.20732
-0.246243
0.365628
0.217611
-0.0707491
-0.118188
0.10628
-0.0190806
-0.190919
1.36179
-0.674889
-0.18566
-0.651049
0.32829
-0.0673513
-0.0611233
0.122297
0.128979
-1.73304
-0.176739
0.139758
0.0466298
1.12491
-0.128812
0.187032
0.656897
0.152713
-0.107232
0.0749666
-0.276514
-0.146544
1.68147
-0.21052
0.246105
-0.249207
-0.161397
0.0941772
-0.158373
0.139889
1.45562
-0.0544065
-0.701103
1.35252
0.0727411
0.223189
0.241406
-0.149911
0.059367
0.0279178
1.99868
-0.0118294
-1.7311
-0.0685193
1.54841
0.0620496
0.027642
0.0394546
1.85764
-0.129941
0.158236
0.0494287
-0.0581625
0.0186323
0.108235
0.110365
-0.265191
-0.590688
0.0131928
-0.246167
-0.0623795
0.0676432
0.0889155
1.37759
-0.207459
0.11329
0.207838
-0.0817849
0.283428
0.115966
0.018086
0.00764942
0.0850058
0.199733
0.00690497
0.112826
-0.0958318
0.0825929
0.0499376
0.257541
0.267622
0.0137368
-0.0846374
-0.197182
0.0601638
-0.0807548
0.235047
-0.0535701
0.0841721
0.121008
0.0517859
0.0919167
0.206469
0.0437335
0.794263
0.0428449
-0.0388221
-0.127462
0.114568
0.250673
0.100825
-0.233542
0.120474
0.0347329
-0.0412763
-0.0451922
-0.0589015
-0.534321
0.0393476
0.246633
0.0337627
-0.147162
1.71134
0.000229122
-0.0718293
-0.0676608
-0.264722
-0.00735992
0.0567834
-0.0596186
-0.110045
0.130298
-0.29124
-0.201426
0.206713
0.217867
-0.391685
-0.0237419
-0.254696
-0.0405695
0.0198061
0.00556953
0.431651
-0.0948025
-0.192397
-0.285627
-0.0464244
-0.275778
-0.295568
1.90729
-0.37099
0.0894161
-0.0805386
0.20517
-0.0210228
-0.181456
0.0710029
-0.230745
-0.107567
0.101054
0.0821744
-0.0939539
0.0634006
0.0393495
0.110382
-0.116342
0.0420405
0.0394729
0.312074
0.0232578
-0.0323149
0.101408
-0.013333
0.137597
-0.804568
-0.196148
-0.0350761
0.0389564
-0.482378
0.0639696
0.246215
0.0566238
-0.166259
0.00621483
0.117351
0.143173
0.00439699
0.0950455
0.208338
0.927096
-0.0146794
-0.117588
1.57935
-0.055114
0.0141616
0.00377543
-0.114544
0.00783677
0.00208153
0.308033
0.0719573
-0.191451
0.181787
-0.151892
-1.23029
0.26023
-0.188849
-0.12493
0.0984142
-0.0779514
-0.0471986
0.12789
-0.142629
-0.187706
-0.0213248
0.0493472
-0.235458
-0.105953
0.0511856
0.100748
1.81963
-0.0939696
-0.180202
-0.185861
-0.143753
0.0117726
0.108459
0.974316
-0.0881547
0.407266
0.0759198
1.06852
-0.306632
0.654593
0.414193
-0.0653396
0.0416679
0.0145342
0.211006
0.0167959
-0.189947
0.0311395
-0.00269145
0.0909241
0.186924
-0.052235
0.146763
0.156815
1.05388
1.29324
-0.0141196
0.155533
0.575593
1.4649
0.119407
-0.139652
-0.0507458
-0.162405
0.0812392
0.073121
1.91092
-0.00272475
-0.115921
-0.0869744
0.295145
1.99363
-0.125104
-0.0162922
0.0435242
0.00994933
0.149781
-0.351237
0.00503469
0.322496
-0.00700109
0.0819595
0.558584
-0.0707388
-0.0382835
0.163386
-0.296361
-0.0471582
0.0739029
-0.138557
-0.336124
0.0922739
0.565336
0.260084
0.882747
0.0819804
-0.0800473
-0.112516
-0.225091
0.125079
-0.097905
-0.0600162
0.0852515
-0.156279
-0.0219495
0.0895935
-0.0193894
0.0995735
-0.104175
0.301212
0.724547
0.054401
0.366312
0.0130001
-1.53705
-1.3826
-0.145892
-0.0522844
-0.019333
0.179934
0.111835
-0.0820805
-0.0448639
0.0538671
0.00406579
-0.795228
-0.0263863
-0.0854911
-0.5539
0.104859
0.295561
0.24414
-0.142764
-0.0118682
0.134642
-0.126875
-0.0870154
-0.080562
-0.156277
-0.293648
0.154894
0.12251
0.0951128
0.134554
-0.094367
-0.242198
-0.274956
0.13876
0.161461
0.0295177
0.120783
0.146696
0.503428
-0.0464008
-0.317775
-0.0444729
-0.635381
1.58067
0.0906575
-0.100927
0.196276
-0.042419
0.11202
0.090401
-0.162819
0.169616
0.154425
1.0209
-0.850835
0.184507
-0.0140175
0.43363
-0.19137
-0.105349
-0.0709183
0.177098
-0.0555904
0.0323041
-0.0626752
0.162401
0.0630137
-0.0108208
0.208698
0.131523
-0.169501
-0.180114
-0.227518
0.134005
0.0498037
-1.0411
-0.0541109
0.293718
0.0822565
0.274099
-0.11072
0.102236
-0.0979464
0.00530882
-0.0383045
1.14722
0.093597
-0.0634123
0.305235
-0.0616147
0.0838662
0.176368
-1.42259
-0.00958072
1.8674
0.00786893
0.347342
-0.177399
0.215271
0.892058
0.0489457
-0.132174
0.597481
0.164223
-0.0876004
-0.0186441
0.137347
0.157236
1.78444
-0.0378389
-0.0614998
0.0949619
-0.21473
0.224115
0.468958
1.08766
0.289573
1.94311
-0.160675
-0.150651
-0.0936174
0.706547
-0.0172313
0.0974248
0.117744
0.153937
0.146892
-0.135737
-0.461355
-0.0191509
0.300398
0.24787
-0.165402
1.60882
-0.254807
-0.042446
0.114396
-0.12603
0.0623056
0.0106464
-0.0176358
-0.303482
-0.0729591
0.12966
0.24856
0.0568571
0.205455
-0.0869832
0.122074
-0.188335
-0.0488403
-0.00154466
0.0674334
0.00115787
-0.0771566
-0.0800373
0.114652
-0.139478
-0.0483293
0.440624
1.04383
0.0144669
-0.320477
-0.311132
-0.0538627
-0.130612
0.2195
-0.196198
-0.147443
0.14717
0.175477
0.181377
-0.0564222
0.137151
0.169835
0.214029
0.019415
0.138974
0.0678051
1.69969
1.41683
-0.403345
0.0318065
-0.156335
-0.117911
-0.095282
-0.170707
1.95441
0.229352
0.152637
0.0582211
-0.185566
-0.0950159
-0.116769
-0.167824
-0.222567
-0.164983
0.302747
1.32637
0.0291524
-0.0935177
-0.0121634
-0.0151524
0.0059251
0.0910392
-0.18885
-0.0474618
0.561096
-0.107829
-0.0183871
0.00180991
-0.264367
0.0772243
-0.217043
-0.0194321
0.182078
0.139435
-0.0147334
-0.146928
0.00245094
-0.255971
-0.169179
-0.312365
0.101244
0.221538
0.243328
0.0947352
-0.131156
0.0457836
-0.157415
-0.0806956
0.297758
-0.0383627
0.152776
-0.0852192
-0.288215
-1.57349
0.315692
0.130327
0.812594
1.01534
0.160956
-0.0324819
0.130261
-0.00110946
0.130442
0.245378
-0.0669976
0.226439
1.23282
-0.230034
0.18664
0.0840981
-0.033478
-0.0182389
0.321294
0.0935019
-0.127901
-0.0756819
-0.0758348
0.0964721
-0.0896741
-0.13984
-0.174826
0.106223
-0.113074
0.211634
-0.163322
1.7244
-0.125486
-0.940858
-0.975949
0.067472
0.104791
-0.198247
0.106978
0.0977765
0.181787
1.65703
0.972377
1.03849
1.88521
0.385351
0.208997
0.0102708
-0.0980889
-0.0128845
0.863423
0.00541439
-0.76302
-0.0283415
-0.0324063
-0.192592
0.327699
0.242646
0.305421
0.0233675
-0.107429
-0.154011
0.0491024
0.0916896
-0.0916623
0.0344772
0.0181915
0.100433
-0.0659299
-0.0432977
0.113181
0.101103
-0.0928593
-0.263374
0.0602897
1.37198
-0.199378
-0.270629
0.0367567
-0.0115454
-0.155301
-0.240902
-1.63636
-0.0596689
0.0397168
-0.14089
-0.0241085
-0.220565
-0.32179
-0.127817
0.0802092
-0.0531355
0.080628
-0.0165521
0.00673792
0.0376183
0.213299
-0.358486
0.132175
0.0502985
0.039901
0.508754
0.196513
0.337017
0.061464
0.205377
-0.139112
0.0412869
-0.00348757
-0.0551835
-1.79768
-0.0950317
0.0607364
0.100133
-0.201545
0.152486
-0.00103449
0.0961185
-0.10878
-0.0700071
-0.0597786
-0.0164452
-0.101224
0.245859
0.198525
0.0674618
0.744626
-0.0335898
0.171284
0.00595226
-0.145431
-0.0388276
0.995985
-0.104761
0.220019
-0.16881
-0.0376751
0.0126007
0.323461
0.20538
-0.116279
-0.212025
-0.208048
-0.0557056
0.0195513
0.0111073
-0.0485183
0.136751
1.93303
-0.106745
0.0962065
-0.0940809
0.0334835
-0.0328748
1.26683
0.067043
-0.273228
0.0787667
0.0534475
-0.14787
-1.70548
0.182107
-0.115023
0.191974
-0.209629
-0.0942908
-0.0144339
1.55573
-0.508998
0.0115502
-0.0431072
-0.230258
-0.0720777
-0.0738694
0.960213
0.036095
-0.0557999
0.0810724
0.142406
-0.0137878
0.999183
-0.221054
0.0146811
-0.501154
0.102689
0.170449
0.170798
0.124101
0.136153
0.0836104
-0.146437
0.071279
0.00622244
-0.0390896
-0.101615
0.158955
-0.224208
-1.08748
-0.162605
-0.0980009
0.0295483
0.0173011
0.0255087
-0.0785656
-0.100692
0.102298
-0.158979
0.0757978
-0.166715
-0.0225606
-0.107798
-0.0750245
-0.000838603
1.35333
-0.115119
0.177597
0.0773091
-0.020827
0.0248747
-0.0566871
-0.010532
-0.183628
-0.0955922
0.0232642
0.0408808
0.0636506
-0.022145
0.170695
-0.893604
0.0314382
-0.00723553
-0.0355824
-0.0193552
0.103079
-0.177366
-0.0716224
-0.215294
1.61595
0.0455468
0.216114
0.0413048
0.117411
-0.121988
0.00773857
1.81525
0.515922
-0.0262334
0.0521163
-0.020312
-0.0602299
-0.0679052
-0.109616
0.0330986
-0.338087
-0.0605095
0.158638
0.0267741
1.60453
-0.0983658
-0.139565
0.0376054
-0.289462
-0.155531
0.00323995
-0.0456947
-0.00367065
-0.0665406
0.0344601
0.300979
0.13482
0.154071
0.134957
-0.134927
0.304161
-0.0581171
0.147672
0.0171199
-0.119872
-0.157069
0.121072
-0.0363452
-0.284981
-0.0918987
0.142405
-0.163416
-0.0599407
-0.083866
-0.129219
-0.172936
-0.203913
0.0265596
-0.136437
0.13687
0.196942
0.0401359
0.119531
0.290492
0.181489
-0.195439
0.113028
-0.0931322
-0.0235347
0.0714957
-0.0621956
0.0682736
-0.256484
-0.300929
0.284017
0.000232187
-0.168034
0.0211495
0.297548
0.0830614
-0.299082
-0.253044
-0.0386749
-0.187066
-0.0831276
-0.214716
0.050172
-0.0647058
0.0304533
-0.114319
-0.0543297
-0.150013
1.87076
0.330166
0.115195
0.276041
0.179302
0.114485
0.180056
-0.268834
-0.228415
0.0605189
-0.313912
-0.232067
0.171649
0.0154648
-0.0501825
0.227952
-0.0990699
-0.0207609
-0.144698
-0.281692
0.0376995
-0.0363435
-0.049578
0.116362
0.0412571
-0.144655
0.0549118
0.531644
-0.0403138
0.115871
0.116828
0.291202
-0.171927
-0.0857021
0.217237
-0.163543
-0.151924
0.0380422
0.123574
0.0269575
0.0750702
1.16465
-0.0231264
0.111577
-0.0374717
0.615404
-0.100656
0.0116811
-0.065016
-0.31074
-0.130751
1.31935
0.0247542
0.161353
0.258558
1.8136
0.0949516
-0.0206033
-0.280263
0.0613346
-0.0201804
0.0401163
-0.0268355
0.291331
0.114756
0.164911
0.254694
-0.158419
0.190838
0.162075
-0.189536
0.0492399
-0.105877
0.0919743
-0.0186319
-0.0521368
-0.00870667
-0.163507
0.103886
0.058636
-0.130232
-1.69752
0.102333
0.223288
0.259632
0.0966153
0.0621319
-0.113922
-0.515297
0.0690107
1.49203
-0.26183
-0.180496
-0.761851
0.101433
0.366603
-0.429637
0.0727422
0.104016
-0.254646
-0.138158
0.0297143
0.193108
0.175859
0.146983
-0.132807
0.332391
0.161527
0.194723
-0.352555
0.0466729
0.0271787
0.101866
-0.0817086
0.0749672
0.0102371
-0.282359
0.149614
-0.238051
-0.348165
-0.0983423
-0.142048
0.0752575
-0.0228873
-0.163948
0.0438995
0.148885
-0.206812
-0.307304
0.071001
0.0230376
0.0160432
0.473271
-0.121691
0.0233664
-0.146821
0.410299
0.895292
0.192049
-0.0598227
0.101651
1.90847
-0.134625
-0.105981
-1.43363
-0.0631112
-0.0605364
0.691472
0.368112
-0.0657279
-0.129524
-0.0987418
-0.120389
0.151746
-0.0719775
1.71921
-0.0119336
-0.103408
0.136976
0.103834
0.136094
0.0309715
-0.252171
-0.404531
-0.160137
0.0667917
0.0519416
0.0672657
-0.329429
0.0999758
0.0794062
-1.28084
0.0709217
0.21744
-0.067728
-0.00623288
0.0238226
-0.495481
-0.233397
-0.0858117
-1.43874
0.0768266
0.265509
0.0725022
-0.0483743
0.256879
-0.318976
0.37888
0.0291631
0.122654
-0.106883
-0.19385
0.0816024
0.279506
0.00921682
0.150197
-0.0308977
0.115556
0.117016
0.0231379
-0.00846441
-0.104533
0.425249
-0.164073
0.022538
-0.111209
0.103586
0.0779849
0.00735785
-0.0608096
0.0624311
0.0196412
-0.0248279
0.258633
0.222805
-0.229092
0.0472141
0.161201
0.0814106
0.392945
0.37554
-0.180208
0.470973
0.14853
-0.122689
-0.0831943
-0.114557
0.0586365
-0.0428954
1.51631
-0.0235147
0.540888
-0.117949
-0.207493
-0.262006
0.153631
0.0851087
-3.76847e-05
1.07715
0.0402175
0.164599
-0.0259844
0.0115838
-0.0265384
0.221322
0.765989
0.1842
-0.0941319
0.122874
-0.213352
0.393976
0.207111
0.0077373
0.0519355
0.15377
-0.0588711
0.0912351
-0.0375062
-0.162918
0.011725
0.191258
-0.0947442
-0.266398
-0.0817058
-0.215084
1.15284
-0.190023
-0.110653
-0.15343
-0.123469
-0.35069
0.241473
0.112516
0.10499
0.0763445
-0.102762
-0.0383358
0.165625
-0.00117641
-0.0712277
0.0842091
-0.0774098
0.0170179
-0.192267
0.0347042
0.2571
-0.026621
0.287099
1.84879
0.158073
0.135435
0.124878
-0.0513248
0.0676476
-0.0572538
-0.0906681
-0.476801
-0.324016
-0.0121559
-0.749062
-0.304527
0.285565
-0.285073
0.0185666
-0.0690657
-0.0415073
0.260667
-0.143444
1.49439
-0.0251298
-0.14021
0.164107
0.00630864
0.166032
0.309842
1.62208
-0.0691898
-0.146453
-0.921812
0.0811198
0.283978
0.0469001
-0.133098
0.355045
-0.690373
0.331677
-0.0612495
-0.00326187
0.0520847
-0.16976
-0.0563672
0.313102
-0.135029
0.224498
0.547915
0.222645
-0.727387
0.120893
-1.68609
-0.125192
-0.0866407
0.178242
-0.123914
0.160349
1.82453
-0.106813
0.732733
0.106865
-0.231847
0.186227
0.119186
-0.061544
-0.055041
-0.391926
0.211359
-0.1964
-0.160211
1.32378
0.949635
-0.0246987
0.0766104
0.172857
-0.056406
-0.048718
-0.00356006
-0.1151
-0.00669555
0.235002
-0.0803818
-0.0760814
-0.0994183
-0.0570309
-0.00485054
0.151746
0.118648
0.389919
-0.112063
0.203729
-0.193892
-0.0981644
0.242464
0.000441221
-0.303176
-0.166856
-0.0709072
-0.0025199
-0.0476992
-0.0761478
-0.259225
0.0579884
-0.0505152
-0.781352
-0.135676
-0.150594
-0.00149302
-0.038833
-0.158291
-0.077534
-0.0732821
0.0837591
-0.195098
0.176866
-0.238846
-0.160529
-0.141968
0.161073
0.243972
1.64863
-0.00514487
0.108496
0.0989119
0.099767
1.898
-0.0279661
0.0549989
0.0892067
-0.126199
0.139315
0.155161
-0.101941
-0.133049
0.294268
0.0429838
1.7792
0.0608956
0.185226
-0.0381714
0.331041
0.225962
-0.338025
0.105773
-0.187081
0.106999
-0.21346
0.054856
1.9881
0.109133
-0.422523
-0.02227
-0.197432
-0.273837
-0.122662
0.043443
0.250333
-0.00620563
0.0252356
-0.0260953
-0.305124
0.0509085
0.00681777
-0.047992
1.61665
-0.0936814
0.110996
0.0216376
-0.0120551
0.051657
-0.195261
0.101497
-0.259932
1.76915
0.511248
0.0470906
-1.03528
0.00589247
0.403561
-0.0860017
0.558424
1.07378
-0.0813375
-0.00960781
-0.0647823
-0.0702303
-0.0795254
-0.362024
0.136217
0.160495
0.0308127
0.271001
-0.15324
-0.195531
0.510874
-0.0935668
-0.152107
0.176251
-0.0468061
-0.0755093
0.0838683
-0.0431519
0.164018
0.0326694
0.178216
1.96181
-0.0882306
-0.0234678
0.136997
0.24942
0.871701
-0.102596
0.141237
-0.443068
0.123633
-0.0843373
0.0867151
0.0937562
-0.0503044
0.0617182
-0.0198243
-0.130206
0.113833
-0.207892
0.153233
0.197886
0.173968
-0.106173
-0.0422127
-0.0491608
0.678235
-0.382106
-0.104202
-0.0499001
0.0573682
-0.162972
0.169195
-0.171902
1.04647
0.105242
-0.0140441
0.118183
0.0493612
0.0268383
0.204362
-0.00480605
0.245061
-0.356371
-0.358124
0.126932
0.0288686
0.0941959
0.18078
1.71396
-0.119822
-0.130849
-0.161316
0.124721
-0.0143189
0.164719
-0.0886504
-0.179137
-0.0449112
0.104072
0.0588802
-0.044119
0.172606
0.111333
-0.0733795
0.328887
-0.43246
0.168169
0.152643
0.0140319
-0.0882632
1.17117
-0.0279444
-0.0747749
-0.209467
-0.044916
-0.325149
0.064044
-0.263469
-0.280007
0.18282
0.133746
0.414778
-0.083695
-0.110298
0.0336422
-0.0101564
-0.0498182
1.0161
-0.0281792
-0.115255
-0.210932
-0.000265886
0.0543152
0.226024
1.50774
0.0946909
0.071697
0.0861276
0.339362
-0.0202338
1.42999
0.0848764
-0.0163727
-0.171166
0.002075
-0.125211
-0.167876
-0.342402
0.378611
-0.239867
-0.0209994
-0.16923
0.0293113
-0.297677
-0.0477746
0.784499
-0.116141
-0.10321
-0.106564
0.165762
-0.0315079
-0.182891
0.124089
-0.124291
-0.240909
-0.111839
-0.00738867
-0.0537887
-0.0889052
-0.681968
-0.00455308
0.235386
0.272909
-0.057715
-0.322568
-0.248947
0.214284
0.00227344
1.65962
0.161607
0.128355
-0.133958
-0.00844326
-0.257767
0.135456
0.847411
0.228481
0.0582595
-0.656962
0.0139745
-0.0414167
-0.0366897
0.0372194
-0.0435878
0.0333379
-0.0633558
1.51396
0.0261351
-0.0552791
0.0351853
-0.189613
-0.260006
-0.069695
1.83131
-0.0622306
-0.0515063
0.073598
-0.186204
-0.00259808
0.0658982
0.0120459
-0.180278
-0.0612754
-0.108182
-1.60312
0.183633
0.380162
0.140799
0.0449173
0.0477525
-0.183157
0.206689
-0.0787431
-0.0436298
0.205474
0.0403553
0.186161
0.0225213
0.133693
0.225557
0.32886
0.030346
-0.206989
0.0822957
0.254998
0.0843625
1.35907
-0.0316146
0.229153
1.67365
0.0745593
-0.103797
-0.424829
0.0608214
0.0581984
0.066965
0.0882068
0.033609
0.124781
0.151108
-0.328109
1.36799
0.283077
-0.172627
-1.29604
0.121819
0.275354
0.0327472
-0.293973
-0.165594
-0.160231
0.0587641
-0.00492325
0.0834366
-0.025378
0.0319583
0.0180056
0.101285
-0.0649912
-0.0746315
0.0947054
-0.250985
0.442895
0.171953
-0.24346
-0.0725083
0.132491
-0.152436
1.86839
0.38176
-0.0241248
-0.174545
0.103802
-0.192085
-0.326064
-0.226191
0.0516299
-1.97795
-0.0726182
0.198531
-0.0511192
0.0865885
0.118105
-0.0214949
-0.181699
0.200624
0.273675
-0.00726418
0.179145
-0.0268246
0.0139029
0.0199204
0.613376
0.0612614
1.6476
0.112469
0.151431
0.050914
0.0478348
0.152435
-0.149178
0.209275
0.745298
-0.27319
0.0246485
-0.194827
-0.52699
0.137983
0.092363
-0.148964
-0.104942
0.228714
-0.141277
0.268067
-0.0893471
-0.112372
0.080889
0.18345
-0.0139038
-0.137279
0.0277548
0.0585177
0.118563
-0.136222
0.696505
-0.0871919
0.0643356
-0.0313244
0.263139
0.959011
0.232051
0.00802305
0.188016
-0.121888
-0.0462715
-0.19306
-0.084659
0.0994547
0.229489
-0.181118
0.0939917
-0.243065
-0.0603534
0.0214296
0.028829
0.0176959
0.00173295
-0.278055
1.52941
0.150495
-0.0699844
-0.377098
0.151406
0.507377
1.56505
-0.0182269
1.5369
0.0948764
0.0201231
0.0598518
0.138822
0.17754
0.0795863
-0.116054
-0.00192543
-1.62617
0.0691533
-0.0799314
1.86445
-1.87314
0.0720262
0.119301
0.22722
0.917002
-0.121336
0.0537936
0.0799216
0.0447928
-0.279388
0.152297
-0.0748169
0.243789
-0.252854
0.0550367
-0.175511
0.0164844
0.0745622
-0.0103168
0.00103559
0.0513041
0.0279077
-0.198036
-0.039981
0.0912674
-0.124046
0.0779615
-0.102646
0.136576
-0.127397
-0.0513457
0.0933676
-0.0980833
-0.0558151
-0.0419827
-0.130927
-0.0651442
0.0368466
0.115051
-0.110909
0.857945
0.0931984
-0.0737486
0.0530693
1.82707
0.0814842
-0.0429249
-0.0156393
-0.0294674
0.15353
0.286367
-0.225268
-0.133725
-0.170321
-0.0384372
1.15154
0.0204915
-0.10838
1.55067
-0.0896028
-0.206595
-0.252456
0.185054
0.0104395
0.00875887
1.81322
0.0379438
1.68741
-0.0564933
-0.244499
0.175427
0.0559759
0.0449038
0.120213
0.192654
0.105805
0.167267
-1.14723
-0.0516809
-0.051473
0.116076
-0.142856
-0.136356
0.0971071
-0.0960476
-0.124351
0.052773
1.60425
-0.0480902
0.00422021
0.0971965
-0.159858
0.284231
0.0407377
0.0664024
-0.0108884
0.0297522
0.0567017
0.0751802
0.088099
0.0745058
-0.0335398
-0.235587
-0.290961
-0.322188
-0.973554
-0.241375
0.173472
0.0707175
-0.387228
0.0334379
0.0270304
-0.247223
0.14423
-0.0772194
0.257706
-0.357639
0.173039
0.0257079
0.0490912
-0.0167876
-0.274678
0.725768
-0.189157
-0.298998
0.024251
0.249636
1.01028
-0.154059
0.116943
-0.250094
-0.0130204
0.0769547
0.0550372
-0.14212
-0.0161359
0.0123765
0.0374006
-0.185755
-0.0181548
0.0715536
0.0195737
-0.974503
0.0320964
-0.0866098
0.177404
-0.379329
0.0354686
-0.0936122
0.321656
0.113287
-0.0163726
0.101202
-0.234197
0.258965
-0.0260427
0.0671383
-0.179977
0.108905
-0.175294
0.0263092
0.472921
-0.0979847
-0.0822219
0.0451048
1.9865
-0.0997777
-0.102207
-0.0158531
-0.142605
0.159411
-0.658024
-0.0679124
-0.0183137
-0.880889
-0.0118352
-0.0400409
0.0200719
-0.052485
-0.0749111
-0.221377
-0.0966104
0.177277
0.224122
0.108786
-0.070504
0.231397
0.262276
0.0942168
0.128337
0.00934385
1.81951
0.192291
0.683097
0.092162
-0.12971
-0.0247751
0.0320894
0.0702152
-0.032725
-0.0160394
1.62061
-0.0461816
0.0407429
0.0609694
0.208439
-0.0421219
0.0694662
-0.0152858
0.99427
0.0281712
0.456258
-1.34308
0.432008
0.0732159
0.237906
0.00198024
0.0706528
0.251921
-0.106644
-0.435016
0.00995901
0.179266
-0.201219
-0.0456155
-0.143455
0.00895951
-1.62265
0.239251
0.0992328
0.0863735
-0.147697
-0.0711612
0.06589
-0.0968088
0.194172
-0.0432289
0.274539
0.0138614
-0.157786
0.0968557
-0.00330602
-0.371718
-0.0206666
1.63193
0.0229926
-0.114382
0.0651056
0.0929767
0.0169504
1.84758
1.46448
0.0647281
-0.180966
-0.121417
0.122628
0.0563154
0.240615
-0.0705031
0.0199279
0.0124323
1.10207
-0.184517
0.00742918
-0.0395565
-0.149942
0.421195
0.0941802
0.121924
-0.0676332
-0.724189
0.0534716
0.0319205
0.0319926
-0.125392
-0.0140073
-0.0422509
0.0860421
0.0392584
0.234698
0.121122
-0.0126797
-0.833824
-0.385839
-0.165038
-0.00804055
0.0534212
0.077403
-0.0110705
-0.129086
0.062865
0.00925153
0.129795
0.153279
-0.0892258
0.224212
-0.283282
-0.0885708
-0.102029
0.356706
-0.247058
-1.44677
-0.367137
0.113477
-0.073989
1.80117
-0.154442
-0.132884
-0.128406
-0.00407559
0.15923
-0.215933
-0.0603973
0.621349
0.0379606
0.318818
0.039319
-0.0689445
1.90831
0.117869
0.218384
0.14017
-0.0873882
-0.525943
0.144414
-0.0033376
-0.123244
-0.358793
0.0592663
-0.27008
0.19924
-0.150846
0.407047
0.0532364
-0.103833
-0.0134093
0.00212788
0.0699017
-0.0034848
-0.1406
0.225265
0.234727
0.0439194
0.139529
0.0609117
0.0899536
0.0832855
-0.189311
0.155339
0.141075
0.781386
0.2963
0.0638197
-0.208255
-0.123623
-0.112307
-0.038756
0.114839
-0.112188
-0.0387313
-0.0219542
1.72585
-0.0505488
-0.0625161
-0.010283
-0.14975
0.199825
0.0377329
0.0698008
0.461354
-0.00279714
-0.224962
0.0132462
0.418963
-0.0474532
0.0572202
0.00316058
-0.0887163
-0.18573
-0.222067
-0.0638276
0.182019
-0.134396
-0.837949
0.100182
0.192993
-0.140939
-0.24323
0.0890504
-0.764587
-0.0570945
0.720356
-0.0186022
-0.377552
0.0587532
-0.309843
-0.23405
-0.137599
-0.109226
1.54901
-0.0158496
-0.128164
0.00508956
0.0102997
0.224211
-0.148832
-0.189788
0.0517759
-0.100755
0.138383
0.14078
-0.484931
-0.115874
0.243721
0.0236452
0.0204538
-0.107695
-0.0862371
0.188416
-0.0267991
-0.111105
-0.230145
0.226143
0.196081
0.23581
-0.0111468
0.180729
-0.0953163
0.195899
-0.00838234
-0.218778
-0.28693
-0.0327518
-0.0530859
0.00164207
-0.0252382
0.22511
0.0145533
1.53288
-0.217221
-0.278302
0.0889193
0.0903992
-0.0443615
0.0342193
-0.95638
1.97281
0.152175
-0.243188
-0.0223257
0.667823
-0.0375545
0.0190387
-0.137665
0.072082
-0.131283
-0.141665
0.0851338
0.260909
-0.119205
-0.00430433
0.0466227
0.192958
0.230453
0.146029
1.79513
-0.27483
-0.03268
0.265127
0.1672
0.139807
0.595699
0.0112064
0.0292519
0.141281
0.176233
-0.162994
0.701
1.30787
-0.0378476
-0.352376
0.0794773
-0.130491
-0.226354
-0.0631844
-0.0266582
-0.10848
0.0135772
-0.155344
-0.0652795
0.224687
0.467103
-0.0851886
-0.142107
0.153221
-0.16438
1.87124
1.17439
-0.0753363
-0.0270449
0.00966106
0.0372637
-0.16283
-0.020992
0.282651
0.240235
-0.0128116
0.0110241
0.0448892
0.194802
0.0875787
0.0843814
-0.127596
-0.0386182
0.0850912
-0.291472
-0.116703
0.0503122
0.240378
1.56552
-0.00829263
-0.15394
-0.103243
-0.0725524
-0.344592
-0.00560069
-0.117794
-0.0455995
1.71659
-0.225696
0.0139984
-0.120731
0.03022
0.0784382
0.251457
-0.128069
-0.143018
-0.0706639
-0.10088
1.32368
-0.100884
-0.00198466
-0.0145492
-0.0518289
-0.0540119
-0.200533
-0.124996
0.0166292
-0.0608787
0.18336
-0.0140257
0.156563
0.177681
0.46251
0.126689
0.360425
-0.0335139
0.160641
-0.0837581
0.0069893
0.200275
-0.107864
-0.123124
-1.84695
0.139122
-0.248084
-0.124279
-0.161719
0.0724766
1.9119
-0.0165885
-0.295305
0.0763247
-0.253581
-0.162374
0.016911
0.141842
-0.160232
0.182189
0.102728
-0.0790543
-0.110561
-0.289204
-0.220644
0.0721154
0.227478
-0.0105874
0.189999
0.306304
0.0159651
-0.320684
0.115451
0.179468
0.156068
0.0442786
-0.153611
0.162206
0.0941142
0.105976
1.8208
-0.0244275
-0.038654
-0.0035262
0.201166
-0.234222
-0.137425
0.161919
-0.111862
0.0267452
-0.0491843
0.139139
-0.0187275
0.0698346
0.0283709
-0.0969943
0.137715
-0.0167469
0.243
0.144679
-0.237082
-0.167441
0.0489656
-0.229444
0.0106321
0.294636
0.266433
-0.0500398
0.148595
1.3513
0.673826
-0.0928351
0.0844671
-0.272196
-0.157204
0.0838523
0.778505
-0.0699076
-0.205582
0.270207
-0.0334552
-0.118997
-0.26908
-0.132042
-0.0582922
0.0850603
0.0583499
-0.241436
-0.238407
-0.143786
-0.164443
0.0941309
0.0382329
0.00747655
0.0572153
0.768344
0.217885
-0.128759
-0.435511
-0.107642
1.91346
0.0375424
0.0635125
0.0077008
0.322916
-0.118407
0.216157
0.0388325
-0.367186
1.54242
1.89454
-0.128883
0.0893867
-0.1231
0.0929401
0.0970875
-0.0427999
0.0839333
-0.182141
-0.0838598
-0.322129
0.108673
0.0881637
0.284795
-0.260031
1.29041
1.85342
0.114218
-0.22489
0.280035
-0.126559
0.0685709
0.0743793
0.204837
0.847977
-0.117573
0.0745457
-0.0707211
0.16633
-0.186967
0.184159
-0.11691
0.0918137
0.031505
0.187748
0.0602428
-0.0459083
0.174973
1.72146
-0.110517
0.200087
0.128163
0.0800517
-0.0975091
0.0139252
-0.0410619
0.102202
-0.115171
-0.287277
0.0735864
0.192094
0.0717019
0.146617
0.257839
-0.39754
0.252564
1.95294
0.23019
1.20046
0.115013
-0.0634998
-0.226377
0.149888
0.0713796
0.0540093
0.356744
0.0237936
-0.167555
-0.0236456
0.0489858
0.0758689
0.175275
-0.0799217
-0.0507246
0.0352949
-0.036547
0.0201549
0.0336679
1.62462
0.0589184
1.81986
0.0148349
0.0851853
0.176377
-0.0190365
1.78951
-0.434664
0.153312
0.00810883
-0.0728177
1.66096
0.18799
0.415466
-0.0322392
-0.192985
0.0732983
0.286372
-0.100954
-0.157862
0.0847084
0.121632
1.09982
0.856337
0.125106
-0.0559705
-0.35068
-0.0436828
0.0551178
1.60952
1.66936
0.896388
1.85336
0.209898
-0.179075
0.041304
-0.655833
0.829082
-0.286051
-0.341984
-0.113153
0.150501
-0.0170006
-0.126088
-0.408056
-0.0323986
0.00263516
-0.0685394
-0.0113768
-0.0199662
0.0950464
-0.0677674
1.69985
0.0476811
-0.24113
0.225196
1.53203
-0.0778819
0.108853
0.209252
-0.0224758
-0.277
-0.156159
-0.0598732
-0.310115
-0.0688116
-0.0541946
0.000926889
0.312683
-0.0714946
-0.107526
0.325529
0.0294568
0.115264
0.00414848
1.47233
0.157034
-0.0388306
-0.277786
0.239582
-0.107311
0.392103
0.0531592
0.47079
-0.0162593
-0.0999828
-0.0208129
0.186239
-0.0932373
-0.8144
-0.0401995
-0.0734773
0.0194907
-1.49303
-0.19937
1.99753
-0.055633
-0.155308
-0.100948
0.0280179
-0.0557505
0.129009
0.0698816
0.198977
0.276111
0.0822395
0.220046
0.0590489
0.830551
-0.32283
-1.09191
0.133292
1.03534
-0.119971
1.82593
0.169435
0.10222
-0.177096
0.0702228
0.247267
0.0639583
-0.238421
-0.0947156
-1.42687
1.0839
-0.322061
0.750814
0.0475938
-0.144484
-0.0959137
0.242786
-1.44261
0.145511
-0.102444
0.0731928
0.138632
0.147457
-0.122223
-1.21137
0.137586
0.373328
-0.0647121
0.0718275
-0.140104
-0.0849266
-0.16522
0.0072813
-0.68093
0.0571704
-0.0721748
0.0365401
-0.240916
0.159488
-0.0448133
0.0541929
1.12917
1.64732
0.337613
0.202387
-0.230488
-0.215348
0.0440991
0.118678
-0.0562774
0.0235099
-0.104203
-0.0887208
0.597525
-0.27033
0.0841854
0.0428062
0.232212
0.235779
0.235419
1.85851
0.131351
-0.0397711
-0.0338624
-0.0877906
-0.293714
-0.0322646
-0.0475166
0.0813423
1.71822
-0.266793
0.0879727
0.055352
0.361588
-0.0171767
0.00368631
0.195314
-0.198329
0.17748
-0.208743
-0.0794577
-0.105004
0.0610205
-0.144899
0.264429
-0.444066
0.32375
0.0121672
-0.0887406
-0.130074
-0.314592
-1.10913
0.844397
0.0234731
0.192276
-0.00866677
0.285732
-0.0636423
-0.145194
0.111221
-0.328316
0.198731
-0.0471257
0.274886
0.243952
0.077802
0.0215231
0.12706
1.28865
0.0338254
1.6931
-0.238707
0.726083
-0.171879
0.0619782
-0.141381
-0.0731809
-0.0291874
-0.20894
-0.0475393
1.47186
-0.138379
0.030272
-0.0134446
0.324212
0.314546
0.148571
0.0749267
-0.0295107
-0.20634
-0.00105461
0.0535804
0.295391
0.232042
0.345021
0.926674
0.334532
-0.0950168
0.188429
1.8981
0.0348238
0.133781
1.89661
-0.241922
-0.116461
-0.214712
0.00928508
-0.148517
-0.0428803
0.532383
-0.00582144
0.210059
0.170837
-0.0555879
0.238423
0.11594
-0.0832306
-1.4691
-0.254921
0.247873
0.0390477
1.13204
-0.131771
0.0171831
0.191653
-0.00521701
0.127808
0.00272323
1.63271
0.0354325
0.358098
-0.147113
0.141222
1.98039
0.193619
1.41334
-0.179217
0.0917418
0.0546726
0.00827476
-0.111346
0.0308974
0.194136
-0.0573047
-0.221744
1.50384
-0.303932
0.0746664
-0.0157644
0.0345378
-0.188522
1.00818
0.0756233
-0.173905
1.96587
-0.114726
-0.0462522
-0.120227
-0.0992635
0.0267799
-0.10164
0.297187
-0.204175
-0.00502091
-0.345104
0.103989
0.169526
0.317979
0.0343683
0.125501
0.121764
-0.103303
0.673838
0.137135
-1.16481
-0.134158
-0.00270248
-0.126544
1.30767
0.071684
0.170055
-0.0112741
-0.132549
-0.0230616
0.245312
-0.0295603
0.0218833
0.186636
-0.229722
0.0436513
0.0951493
-0.057221
0.13864
0.0548158
0.0444782
0.116912
0.049511
0.102302
-0.0143208
-0.126515
-0.226794
0.151235
0.1241
-0.140111
-0.188638
0.319267
0.0165544
0.232549
0.375811
0.130664
0.261173
-0.05792
-0.257552
0.240187
0.0463624
0.0539639
-0.0301745
-0.247606
-0.221761
0.0523356
-0.0268172
0.754568
0.0988772
0.0851756
0.326675
0.0537649
0.107998
0.131311
-0.00806664
0.0329693
0.10388
0.0798502
-0.42288
-0.23772
0.00503744
-0.196445
-0.236889
0.0498824
-0.251976
0.134731
0.00318694
-0.12429
0.230766
-0.189483
-0.330949
0.16479
-0.0047054
-1.39086
0.124679
0.271459
0.00316794
-0.0640767
-0.0398614
0.140329
-0.151278
0.166664
0.730242
-0.175953
1.91442
-0.0359878
-0.140633
0.234111
-0.106302
-0.15915
0.0732413
-0.147468
0.0528069
-0.0449262
0.0542904
-1.33624
0.288912
0.0274456
0.0523575
0.123023
0.264422
-0.0183617
0.0624346
0.186808
0.0297162
-0.060911
-0.120178
-0.345479
0.0193673
-0.0296921
8.02049e-05
0.277584
-0.155136
-0.121972
-0.173005
0.00135549
0.0564116
0.0294936
-0.185871
-0.206876
0.00200508
-0.116127
0.0781525
-0.168307
-0.106044
-0.117078
0.0154756
-0.119387
-0.269554
0.0182383
0.265892
0.18189
1.97029
-0.0406919
0.168908
0.0529177
-0.207239
0.0890148
-1.01759
-0.0660868
-0.217133
-0.0734889
0.113889
-0.0364886
0.113416
-0.142023
0.215292
-0.147582
