0.0182741 0.00307291
0.0268456 0.00318246
0.035229 0.00410105
0.0344953 0.00333225
0.0372124 0.00345058
0.0602085 0.00450737
0.0631322 0.00468214
0.0598414 0.00446896
0.0692218 0.00408487
0.0714467 0.0042062
0.0705196 0.00439241
0.0925419 0.00541844
0.0894372 0.00603408
0.100668 0.00658275
0.0953522 0.00701619
0.0971787 0.00713432
0.0917079 0.00692093
0.073255 0.00502017
0.0710516 0.00546412
0.0675803 0.0054021
0.0923326 0.00733951
0.0913491 0.00758861
0.109532 0.00971012
0.104721 0.00992437
0.0947581 0.0095436
0.134444 0.0130179
0.0848921 0.0105608
