0.0149688 0.00251337
0.00405542 0.000474294
0.00249777 0.000285847
0.0298648 0.00287773
0.0363877 0.00337123
0.0587463 0.00439629
0.0606568 0.00449273
0.0564818 0.00421284
0.0355693 0.00206558
0.0387842 0.00224675
0.0385507 0.00236475
0.0166256 0.000937792
0.0151803 0.000989057
0.0481711 0.00307302
0.0500755 0.00361123
0.0550296 0.00396038
0.057055 0.00423273
0.0330218 0.00221917
0.031617 0.00238642
0.0276329 0.00215915
0.0383322 0.00296882
0.0220728 0.00177397
0.0215744 0.00183214
0.0414825 0.00381699
0.0372868 0.0036458
0.0585389 0.00547219
0.0314499 0.00380034
39.4767