-15810.2
-15783.8
9.9663e-05
-0.0001
15783.2
15809.5
-538215
-538148
9.84788e-05
-8.77852e-05
538135
538201
-678156
-678155
1.42357e-05
1.67856e-05
678167
678168
-15810.7
-37782.2
0.0001
-9.78359e-05
15783.7
37808.7
-538209
-678123
8.31014e-05
-9.99919e-05
538141
678199
-678155
-678155
1.32519e-05
1.71348e-05
678167
678168
-37808.6
-37782.3
4.38676e-05
-6.62596e-05
37782.3
37808.6
-678187
-678133
3.0748e-05
-4.84207e-05
678136
678190
-678155
-678155
1.13289e-05
1.47442e-05
678168
678168
-37809.1
-37782.5
5.52776e-05
-3.18908e-05
37781.8
37808.4
-678197
-678135
4.21772e-05
-1.21321e-05
678126
678188
-678156
-678155
9.59678e-06
1.22068e-05
678167
678168
-37809.2
-37782.3
5.79073e-05
-6.28596e-05
37781.7
37808.5
-678207
-678136
7.72987e-05
-0.0001
678115
678187
-678156
-678154
1.63781e-05
1.79547e-05
678166
678168
-37808.9
-37782.4
4.70858e-05
-6.08308e-05
37781.9
37808.4
-678198
-678131
9.27108e-05
-5.88378e-05
678125
678192
-678155
-678155
7.45841e-06
1.44427e-05
678167
678168
