-2295.59
-2266.96
0.000700362
-0.000136134
2266.32
2294.8
-198822
-198725
0.000363836
-4.85729e-06
198706
198803
-198764
-198764
3.78601e-05
2.91321e-05
198763
198764
-2295.45
-2266.48
0.000812151
-0.00054583
2266.18
2294.99
-198812
-198715
0.000280686
-0.00022386
198716
198813
-198764
-198763
3.58984e-05
2.46949e-05
198764
198764
-2295.01
-2266.63
0.000510464
-0.00041358
2266.32
2294.55
-198801
-198732
0.000167734
-0.000165719
198726
198796
-198762
-198762
1.81963e-05
2.36424e-05
198765
198765
-2295.19
-2266.56
0.000596059
-0.000353913
2265.85
2294.34
-198819
-198733
0.000275454
-0.000160694
198709
198795
-198764
-198762
2.2017e-05
2.0461e-05
198764
198766
-2294.95
-2266.22
0.000629762
-0.000632337
2265.82
2294.37
-198817
-198728
0.000300642
-0.000223575
198710
198799
-198764
-198763
2.36482e-05
3.39674e-05
198764
198765
-2294.57
-2266.3
0.000587603
-0.000349999
2265.88
2294
-198801
-198726
0.000264759
-0.00012299
198726
198802
-198763
-198762
3.49751e-05
1.54008e-05
198764
198765
