0 0 0 0
0 0 0 0
0 0 0 0
0 0 0 0
0 0 0 0
0 0 0 0
0.0748346 32908.6 0 3939.75
0.259469 30643.3 0 5501.46
0.393716 44679.7 0 11363.2
0.575938 16703.7 0 10632.2
0.759104 26434.5 0 15738.9
0.931988 37265.1 0 35118.7
-0.920279 22336 0 2315.51
-0.752792 23000.8 0 2418.14
-0.585817 24017.7 0 2563.56
-0.421479 23512.5 0 2484.81
-0.25512 19865.9 0 2277.14
-0.0820197 24423.7 0 2670.33
0.0834257 20620.9 0 2419.3
0.24775 22054.8 0 2447.51
0.426159 21275 0 2385.58
0.586132 21065.8 0 2281.4
0.748657 26038.8 0 2640.99
0.919194 25275.4 0 2542.8
0 0 0 0
-0.737083 21787.2 0 2813.4
-0.581333 24120.1 0 2126
-0.419638 24246.6 0 1779.76
-0.244799 25047.6 0 1654.97
-0.0851601 25494.9 0 1645.71
0.081683 24803.8 0 1620.25
0.183741 4611.38 0 710.277
0 0 0 0
0 0 0 0
0 0 0 0
0 0 0 0
0 0 0 0
0 0 0 0
0 0 0 0
0 0 0 0
0 0 0 0
0 0 0 0
0.0859121 22599.3 0 2653.96
0.253576 19961.2 0 3719.87
0.419664 30602.9 0 9802.13
0.527521 10424.3 0 9179.41
0.736125 9694.29 0 6732.32
0.878648 12013.8 0 7966.79
-0.922952 17642.5 0 1830.51
-0.75605 19100.9 0 1926.38
-0.58379 17143.1 0 1803.28
-0.408301 18852 0 1978.58
-0.247771 13782.1 0 1588.16
-0.0832807 17989.5 0 1943.83
0.0738031 15459.5 0 1754.83
0.242502 13435.2 0 1601.56
0.416461 18569.9 0 1939.05
0.585948 17294.4 0 1793.05
0.754163 17593.5 0 1807.91
0.909775 18553 0 1893.76
-0.908056 15642.9 0 3026.77
-0.754021 17852.3 0 1963.11
-0.591432 17650 0 1511.35
-0.417101 16658.5 0 1261.14
-0.243626 16913.5 0 1181.51
-0.079954 18449.4 0 1236.31
0.0881272 18061 0 1242.04
0.242963 17093.4 0 1280.43
0.367675 5259.03 0 747.731
0 0 0 0
0 0 0 0
0 0 0 0
0 0 0 0
0 0 0 0
0 0 0 0
0 0 0 0
0 0 0 0
0 0 0 0
0 0 0 0
0.265648 18279 0 3551.99
0.387753 24548.7 0 6678.67
0 0 0 0
0.716092 7928.46 0 6727
0.88486 7069.32 0 6056.32
-0.917574 14925.2 0 1610.2
-0.746952 17952.8 0 1873.29
-0.581959 15904.9 0 1737.94
-0.413006 16591.5 0 1815.76
-0.249552 16638.1 0 1876.63
-0.0799306 18038.7 0 1975.05
0.0887421 18895.1 0 2019.84
0.245935 16042.1 0 1817.95
0.412904 17213.9 0 1852.98
0.576468 16699.3 0 1794.47
0.741566 16542 0 1785.18
0.912491 17036.4 0 1827.49
-0.910442 21032.4 0 3173.37
-0.7471 23968.9 0 2245.94
-0.582897 21793.2 0 1717.33
-0.418738 20321.6 0 1481.02
-0.24567 17821.5 0 1298.37
-0.0813298 19697.3 0 1363.94
0.0806721 19488.4 0 1393.73
0.181367 2975.54 0 524.061
0 0 0 0
0 0 0 0
0 0 0 0
0 0 0 0
0 0 0 0
0 0 0 0
0 0 0 0
0 0 0 0
0 0 0 0
0 0 0 0
0 0 0 0
0.267434 21170.6 0 3696.58
0.406978 33380.9 0 6690.28
0.583906 12542 0 5306.98
0.758462 9230.6 0 3017.51
0.888725 12587.2 0 4153.8
-0.919401 24501.7 0 2345.11
-0.749415 22642.6 0 2351.21
-0.584079 24832 0 2606.85
-0.415421 21805.9 0 2465.84
-0.255315 20492.9 0 2386.79
-0.0840738 25370.2 0 2879.12
0.0847733 20011 0 2330.2
0.24993 22700.7 0 2526.11
0.426756 22170.3 0 2435.97
0.585617 21685.9 0 2347.65
0.746944 22432.7 0 2330.38
0.913976 23799.3 0 2307.06
0 0 0 0
-0.730372 15907.6 0 2580.9
-0.582394 25196.4 0 2553.7
-0.41941 23197.7 0 1818.41
-0.246448 22112.5 0 1519.61
-0.0855384 22923.5 0 1441.94
0.0786929 22208.1 0 1411.9
0.249563 23553.9 0 1582.11
0.366949 7595.79 0 916.084
0 0 0 0
0 0 0 0
0 0 0 0
0 0 0 0
0 0 0 0
0 0 0 0
0 0 0 0
0 0 0 0
0 0 0 0
0.0888781 16697.1 0 2055.13
0.246828 15636.3 0 2766.15
0.427321 244401 0 75317.7
0 0 0 0
0 0 0 0
0 0 0 0
-0.92458 12859.9 0 1350.33
-0.755338 14822.3 0 1517.35
-0.584871 13078.7 0 1432.08
-0.417696 15014.8 0 1604.68
-0.252784 12750.5 0 1444.06
-0.0789255 15817.9 0 1676.36
0.0829043 13856.3 0 1553.49
0.246152 13463.3 0 1504.97
0.417947 13997.3 0 1506.95
0.577918 14278.2 0 1496.44
0.748362 16118 0 1603.42
0.913522 15599.5 0 1554.18
-0.916278 16487.9 0 2933.91
-0.74826 16280 0 1710.43
-0.582306 15061 0 1280.78
-0.413183 13600.1 0 1060.28
-0.245482 13007.4 0 977.439
-0.0800316 15236.7 0 1058.42
0.0870529 14436.7 0 1049.67
0.245162 13375.6 0 1046.78
0.367571 5638.9 0 696.157
0 0 0 0
0 0 0 0
0 0 0 0
0 0 0 0
0 0 0 0
0 0 0 0
0 0 0 0
0 0 0 0
0 0 0 0
0 0 0 0
0.272718 13108.1 0 3709.99
0 0 0 0
0 0 0 0
0 0 0 0
0 0 0 0
-0.913915 14455.6 0 1667.2
-0.746532 16584.4 0 1728.38
-0.579611 13303.9 0 1468.62
-0.412019 16059.2 0 1719.02
-0.245727 12827.4 0 1512.61
-0.0808193 13365.4 0 1557.7
0.0847982 15184.8 0 1704.1
0.248362 10867.1 0 1363.88
0.41673 14150.3 0 1575.39
0.587186 13818.6 0 1537.29
0.750442 14452.6 0 1576.91
0.917621 14428.6 0 1646.16
0 0 0 0
-0.734366 12351.9 0 1302.99
-0.584244 13606.4 0 1170.68
-0.423179 14054.7 0 1095.67
-0.24208 14830.5 0 1102.57
-0.0812117 14170.3 0 1099.3
0.0854286 16384.2 0 1245.62
0.186316 2166.63 0 437.539
0 0 0 0
0 0 0 0
0 0 0 0
0 0 0 0
