p 0 -0.155115 2.4161242740182054
p 1 -0.19658 2.0392011507777585
p 2 -0.24805 0.1726017497255846
p 3 -0.224985 2.714787568269999
p 4 -0.064052 1.2949100512519525
p 5 -0.13965 1.9870375539564757
pi+ 0 -0.1296 2.022919873186611
pi+ 1 -0.167045 1.432001872671029
pi+ 2 -0.21036 -0.020813477204285995
pi+ 3 -0.223695 3.135791384563074
pi+ 4 -0.034541 1.3063993216088259
pi+ 5 -0.109105 1.9872973615776108
pi- 0 -0.0927115 0.9030046885260342
pi- 1 -0.24406 0.3049016793804412
pi- 2 -0.242745 -0.8564096350510856
pi- 3 -0.2275 1.179382262387108
pi- 4 -0.0943425 2.015789597362119
pi- 5 -0.13088 1.4531906275502884
k+ 0 0.0010274 1.18385672697
k+ 1 -0.14996 -1.1416524223
k+ 2 -0.35432 -2.6399918409
k+ 3 -0.30382 2.41453656078
k+ 4 -0.075 -1.12115648774
k+ 5 -0.20429 0.843739683394
k- 0 -0.058177 0.774630856172
k- 1 -0.26319 -0.640801063774
k- 2 -0.077549 -2.34277192232
k- 3 -0.21835 0.0711006856507
k- 4 -0.096388 2.07996207978
k- 5 -0.074589 1.14286485786
