0 0 0 0
0 0 0 0
0 0 0 0
0 0 0 0
0 0 0 0
0 0 0 0
0 0 0 0
0 0 0 0
0 0 0 0
0.318424 1340.64 0 405.172
0.402065 6859.5 0 876.149
0.531138 8248.56 0 905.882
0.67261 7556.46 0 764.194
0.798392 7324.53 0 693.743
0.926662 7344.4 0 615.013
-0.909201 4366.19 0 690.337
-0.805918 6654.36 0 1013.23
-0.663716 8096.44 0 1209.02
-0.528967 6873.87 0 1115.44
-0.410454 7484.98 0 1216.49
-0.27045 8410.51 0 1381.81
-0.122053 6871.43 0 1236.96
-0.00849885 6416.04 0 1167.8
0.131675 6695.31 0 1171.06
0.26772 8890.23 0 1351.15
0.400641 6958.52 0 1154.21
0.525481 8257.57 0 1284.15
0.669582 9542.36 0 1401.33
0.79974 7503.8 0 1085.51
0.91091 6007.28 0 813.335
0 0 0 0
0 0 0 0
-0.652017 5919.24 0 1014.21
-0.536847 7382.3 0 975.146
-0.402034 8454.23 0 904.83
-0.262829 6637.09 0 727.458
-0.137883 7158.74 0 733.475
-0.0043518 6897.32 0 695.327
0.133751 7959.12 0 779.48
0.263721 8744.16 0 968.932
0.347417 2984.69 0 749.278
0 0 0 0
0 0 0 0
0 0 0 0
0 0 0 0
0 0 0 0
0 0 0 0
0 0 0 0
0 0 0 0
0 0 0 0
0 0 0 0
0 0 0 0
0 0 0 0
0.156494 4065.97 0 723.034
0.267692 8263.04 0 954.222
0.399382 8099.4 0 871.553
0.528806 6606.05 0 739.757
0.658133 7267.78 0 715.274
0.798958 7137.65 0 698.041
0.927617 7170.83 0 655.33
-0.910617 5160.67 0 782.346
-0.79121 7259.11 0 1024.19
-0.666255 6543.52 0 972.775
-0.54108 8383.59 0 1207.61
-0.401198 8080.56 0 1172.28
-0.26783 6703.63 0 1118.15
-0.129908 7951.48 0 1212.08
-0.00108231 6839.76 0 1137.76
0.135003 7359.72 0 1132.41
0.262172 6440.17 0 1047.56
0.402599 6140.95 0 1066.52
0.539362 7088.13 0 1079.43
0.666716 6734.06 0 1020.6
0.79746 6722.86 0 952.909
0.905853 5797.05 0 871.266
-0.917416 6057.18 0 1042.74
-0.804534 7490.89 0 951.772
-0.67108 7343.71 0 854.121
-0.530396 7417.22 0 803.857
-0.39995 7142.29 0 750.808
-0.259251 6089.79 0 678.786
-0.129058 7521.42 0 752.754
0.00130653 7132.8 0 799.664
0.128644 5931.42 0 805.359
0.247036 8449.94 0 1460.07
0 0 0 0
0 0 0 0
0 0 0 0
0 0 0 0
0 0 0 0
0 0 0 0
0 0 0 0
0 0 0 0
0 0 0 0
0 0 0 0
0 0 0 0
0 0 0 0
0 0 0 0
0 0 0 0
0.285618 4437.43 0 690.981
0.400481 6327.71 0 773.794
0.53087 4916.87 0 601.186
0.660202 6177.87 0 642.504
0.801756 5485.56 0 553.297
0.929121 5873.96 0 519.145
-0.915731 4148.45 0 621.907
-0.798143 5580.81 0 843.183
-0.667467 5951.89 0 917.78
-0.544757 6114.49 0 1043.75
-0.39547 6472.36 0 1024.26
-0.264109 4558.19 0 828.461
-0.126045 6748.09 0 1196.77
-0.0068978 6462.52 0 1048.67
0.141472 4819.26 0 878.922
0.259657 6129.17 0 1039.67
0.404694 6176.44 0 1026.29
0.53912 6919.23 0 1032.45
0.662482 5935.79 0 934.26
0.804488 6881.05 0 953.826
0.902605 3431.19 0 565.43
0 0 0 0
-0.77719 3753.81 0 724.276
-0.674879 5966.78 0 836.5
-0.542555 6952.62 0 859.012
-0.384662 5104.2 0 631.114
-0.268891 5997.45 0 665.715
-0.133781 6622.67 0 687.579
-0.00108312 6113.22 0 651.377
0.140182 6499.13 0 680.95
0.269654 5251.14 0 690.068
0.351046 1282.09 0 387.881
0 0 0 0
0 0 0 0
0 0 0 0
0 0 0 0
0 0 0 0
0 0 0 0
0 0 0 0
0 0 0 0
0 0 0 0
0 0 0 0
-0.0835402 1176.56 0 393.098
0.00468677 4763.99 0 760.174
0.134885 5779.52 0 714.659
0.269896 5372.63 0 645.025
0.402261 5429.86 0 608.248
0.534607 5762.02 0 614.249
0.662032 4878.34 0 551.513
0.803435 5055.1 0 531.566
0.931557 5161.37 0 521.257
-0.911177 2815.49 0 492.783
-0.7967 6487.44 0 872.419
-0.671526 6433.23 0 897.416
-0.540684 4646.02 0 738.248
-0.405062 6073.14 0 883.894
-0.267005 4802.37 0 807.332
-0.13873 5425.73 0 836.698
0.0102542 5275.03 0 836.583
0.130647 3225.51 0 632.042
0.260014 3247.41 0 661.132
0.399856 6319.15 0 916.401
0.534922 5230.38 0 814.318
0.669922 4268.88 0 722.344
0.798802 7057.58 0 922.097
0.907028 3401.05 0 566.469
-0.916965 3934.11 0 591.029
-0.802327 4734.47 0 598.979
-0.664112 5122.15 0 587.872
-0.53835 5262.3 0 584.078
-0.400449 5845.71 0 611.261
-0.255157 4418.49 0 518.47
-0.132014 6415.61 0 669.518
-0.00916815 5102.94 0 638.576
0.135129 5485.11 0 815.529
0.21868 2182.47 0 631.71
0 0 0 0
0 0 0 0
0 0 0 0
0 0 0 0
0 0 0 0
0 0 0 0
0 0 0 0
0 0 0 0
0 0 0 0
0 0 0 0
0 0 0 0
0 0 0 0
0 0 0 0
0.146294 5495.64 0 876.595
0.267659 6876.53 0 883.914
0.404617 8685.69 0 947.729
0.540848 6879.86 0 752.402
0.667459 7037.72 0 751.042
0.802472 7445.74 0 710.17
0.92822 6941.55 0 639.876
-0.909825 5232.97 0 755.148
-0.802491 6879.98 0 965.699
-0.669939 7223.14 0 1092.41
-0.530769 7388.23 0 1174.45
-0.394262 7160.53 0 1200.89
-0.277399 7635.93 0 1246.69
-0.139681 6815.36 0 1205.72
0.00540842 7159.95 0 1160.73
0.126063 7109.88 0 1211.51
0.2733 8104.93 0 1269.99
0.399248 7270.11 0 1130.59
0.534105 9044.88 0 1304.6
0.668912 6867.97 0 1041.04
0.812668 6075.69 0 912.656
0.907044 3706.58 0 611.864
-0.930286 8460.71 0 1709.43
-0.805422 8191.88 0 1176.82
-0.66389 8537.71 0 1053.15
-0.531866 6421.01 0 864.202
-0.398892 7291.67 0 839.942
-0.266769 7731.88 0 823.082
-0.131608 7380.34 0 779.607
0.00112518 6996.37 0 754.891
0.131951 6805.12 0 774.629
0.262951 6223.7 0 841.005
0.375585 5019.86 0 926.67
0 0 0 0
0 0 0 0
0 0 0 0
0 0 0 0
0 0 0 0
0 0 0 0
0 0 0 0
0 0 0 0
0 0 0 0
-0.214619 1466.7 0 490.45
-0.129351 5355.88 0 845.061
0.00192302 4542.11 0 675.078
0.138547 4896.63 0 649.213
0.261858 6595.43 0 738.108
0.404753 5162.2 0 628.791
0.533292 6288.26 0 660.887
0.668515 6186.16 0 643.084
0.807925 5913.74 0 637.054
0.937844 5490.5 0 605.025
-0.908288 2357.7 0 486.026
-0.801569 4762.79 0 726.195
-0.673324 6537.9 0 905.267
-0.528044 6432.25 0 926.691
-0.398821 6105.89 0 914.526
-0.263675 6278.63 0 948.301
-0.133664 6992.13 0 1008.5
-0.00986294 6492.6 0 941.874
0.132627 6519.99 0 954.883
0.259903 4657.25 0 786.073
0.399392 7159.75 0 989.657
0.534157 5463.41 0 842.468
0.67509 5912.56 0 859.469
0.801999 5048.63 0 734.43
0.914422 2598.07 0 516.725
-0.916794 4171.65 0 524.551
-0.799317 6811.38 0 679.062
-0.66798 6000.83 0 628.958
-0.533787 6916.66 0 671.68
-0.393847 5102.72 0 581.72
-0.263515 5160.99 0 599.168
-0.130278 4766.85 0 626.255
0.0045289 5469.05 0 708.123
0.126327 4525.45 0 772.135
0.213851 856.945 0 350.287
0 0 0 0
0 0 0 0
0 0 0 0
0 0 0 0
0 0 0 0
