0 0 0 0
0 0 0 0
0 0 0 0
0 0 0 0
0 0 0 0
0 0 0 0
0 0 0 0
0 0 0 0
0 0 0 0
0.316594 1256.02 0 379.149
0.400259 5819.75 0 737.372
0.53135 6467.83 0 702.777
0.672052 6550.9 0 652.812
0.79822 6005.48 0 558.136
0.927097 6344.12 0 512.754
-0.909057 3859.15 0 593.876
-0.802952 6290.34 0 930.062
-0.662981 8147.91 0 1183.52
-0.526554 7033.85 0 1120.43
-0.408931 7702.19 0 1228.45
-0.272248 8186.26 0 1321.29
-0.121084 7065.63 0 1254.13
-0.0142752 6574.87 0 1182.05
0.129473 7395.29 0 1275.32
0.269648 9164.4 0 1370.73
0.396989 7034.59 0 1153.27
0.527605 7657.5 0 1171.63
0.667946 8199.54 0 1177.73
0.796965 6789.49 0 958.43
0.911511 5265.6 0 695.961
0 0 0 0
0 0 0 0
-0.648246 5695.08 0 970.089
-0.530786 6930.52 0 909.397
-0.401976 8564.5 0 909.864
-0.264375 6950.29 0 757.966
-0.137086 7209.23 0 735.718
-0.00320868 7164.94 0 719.81
0.134731 7917.66 0 772.942
0.263737 8521.08 0 940.618
0.347799 2760.73 0 691.581
0 0 0 0
0 0 0 0
0 0 0 0
0 0 0 0
0 0 0 0
0 0 0 0
0 0 0 0
0 0 0 0
0 0 0 0
0 0 0 0
0 0 0 0
0 0 0 0
0.156923 3567.62 0 631.921
0.266845 6886.46 0 788.268
0.400048 6705.41 0 714.638
0.528318 5321.35 0 590.906
0.659978 6223.79 0 604.853
0.798623 6085.65 0 586.507
0.929767 6274.76 0 557.701
-0.908754 4816.03 0 713.255
-0.79 6603.06 0 911.765
-0.662537 6801.13 0 992.367
-0.538086 7854.72 0 1112.59
-0.399353 7982.31 0 1142.12
-0.268015 7026.28 0 1159.54
-0.12916 8398.98 0 1265.25
0.00135123 6533.92 0 1077.28
0.136509 7441.17 0 1133.83
0.261079 6825.85 0 1100.52
0.403601 5984.01 0 1030.69
0.539487 6369.01 0 960.445
0.666751 6257.87 0 937.626
0.798116 6464.52 0 902.238
0.905324 4882.57 0 723.942
-0.916845 6230.23 0 1056.91
-0.805738 7458.96 0 934.246
-0.670433 7369.73 0 848.931
-0.530942 7747.05 0 833.155
-0.399164 7317.3 0 764.65
-0.258748 6272.97 0 696.428
-0.129072 8012.87 0 798.197
0.000758569 7136.27 0 797.177
0.126394 6448.86 0 873.867
0.253379 7074.49 0 1220.12
0 0 0 0
0 0 0 0
0 0 0 0
0 0 0 0
0 0 0 0
0 0 0 0
0 0 0 0
0 0 0 0
0 0 0 0
0 0 0 0
0 0 0 0
0 0 0 0
0 0 0 0
0 0 0 0
0.285702 3685.34 0 570.469
0.399173 4962.56 0 600.339
0.528713 4154.63 0 502.684
0.661051 5067.36 0 518.915
0.802413 4573.11 0 453.324
0.929665 5213.65 0 445.831
-0.914813 3631.48 0 529.555
-0.798691 5295.56 0 774.86
-0.66677 5837.51 0 879.533
-0.542671 5054.74 0 844.471
-0.394726 6465.06 0 1005.45
-0.26511 4991.79 0 895.344
-0.126499 5562.47 0 970.276
-0.00720176 6677.66 0 1064.34
0.141126 5127.12 0 922.748
0.2601 5873.6 0 984.052
0.403714 5870.88 0 961.289
0.538422 6576.45 0 964.468
0.660878 5431.37 0 841.083
0.80029 6198.55 0 838.287
0.90408 3106.23 0 503.824
0 0 0 0
-0.78366 4223.12 0 806.97
-0.678295 6360.75 0 883.773
-0.537212 6497.07 0 795.498
-0.386338 5311.19 0 652.917
-0.266127 6031.73 0 666.32
-0.133975 6443.58 0 665.171
-0.000244794 5928.52 0 628.175
0.140599 6687.54 0 697.512
0.268306 5453.05 0 713.612
0.350304 1624.16 0 490.543
0 0 0 0
0 0 0 0
0 0 0 0
0 0 0 0
0 0 0 0
0 0 0 0
0 0 0 0
0 0 0 0
0 0 0 0
0 0 0 0
-0.082252 982.084 0 327.799
0.00236016 3598.54 0 571.521
0.13566 4938.09 0 606.848
0.269011 4467.43 0 533.477
0.402047 4573.57 0 509.091
0.534065 4632.39 0 490.034
0.663669 3925.51 0 440.938
0.803906 4316.98 0 449.434
0.932661 4240.53 0 421.431
-0.912022 2644.96 0 455.349
-0.797811 5646.06 0 742.199
-0.671178 5809.17 0 795.084
-0.539587 4580.56 0 718.613
-0.405708 5863.54 0 838.316
-0.266981 4443.72 0 741.069
-0.138483 5619.99 0 854.51
0.00986449 5256.29 0 825.582
0.132757 3337.69 0 650.175
0.259618 2819.41 0 570.199
0.399487 5529.15 0 792.411
0.534125 4739.58 0 730.561
0.667665 3731.29 0 626.036
0.799818 5901.96 0 756.789
0.907906 2989.98 0 493.492
-0.916503 3683.98 0 541.594
-0.802555 4646.35 0 580.776
-0.665489 5315.49 0 604.523
-0.539573 5407.09 0 595.367
-0.400621 5913.04 0 614.594
-0.255452 4678.27 0 546.499
-0.132257 6336.86 0 657.706
-0.0054036 5044.99 0 628.83
0.134315 4724.68 0 700.043
0.217341 1629.96 0 471.47
0 0 0 0
0 0 0 0
0 0 0 0
0 0 0 0
0 0 0 0
0 0 0 0
0 0 0 0
0 0 0 0
0 0 0 0
0 0 0 0
0 0 0 0
0 0 0 0
0 0 0 0
0.146521 4642.83 0 736.797
0.269551 5784.2 0 738.485
0.40273 6804.77 0 734.547
0.538424 5907.63 0 637.877
0.66707 5584.39 0 587.545
0.801793 6277.22 0 586.896
0.928678 5963.99 0 531.81
-0.910177 4814.08 0 674.73
-0.801911 6833.49 0 933.066
-0.670735 6675.52 0 988.877
-0.533502 6512.96 0 1014.85
-0.391968 6527.67 0 1080.76
-0.276183 7007.46 0 1131.71
-0.136582 6042.71 0 1056.03
0.00805844 7333.8 0 1171.15
0.128792 6638.1 0 1116.05
0.272696 7809.89 0 1208.48
0.396942 7126.24 0 1092.33
0.532532 7925.97 0 1123.8
0.670655 6519.03 0 973.616
0.8134 5725.68 0 849.541
0.908316 3515.42 0 574.043
-0.931183 5444.69 0 1087.04
-0.81198 7033.4 0 994.676
-0.663187 7841.26 0 958.067
-0.534852 6052.31 0 809.479
-0.400415 7406.21 0 847.235
-0.267248 7921.69 0 838.406
-0.131612 7626.15 0 802.043
5.82496e-05 7407.12 0 796.059
0.131514 7253.72 0 822.494
0.259096 6133.43 0 825.143
0.380607 6312.49 0 1161.28
0 0 0 0
0 0 0 0
0 0 0 0
0 0 0 0
0 0 0 0
0 0 0 0
0 0 0 0
0 0 0 0
0 0 0 0
-0.215255 1174.15 0 392.031
-0.130022 4308.61 0 676.588
0.00144037 4038.97 0 598.522
0.137785 4388 0 579.354
0.261725 5431.26 0 604.349
0.404236 4043.67 0 489.86
0.533747 5153.14 0 536.846
0.668854 5406.08 0 557.255
0.807018 4955.92 0 528.257
0.938875 4380.83 0 471.414
-0.907343 2127.15 0 432.679
-0.802529 4563.67 0 682.26
-0.671489 6023.35 0 813.192
-0.529164 5781.05 0 820.23
-0.398431 5656.82 0 834.451
-0.265455 5681.36 0 846.097
-0.13346 6273.53 0 891.458
-0.00929751 6330.77 0 906.813
0.131949 6234.76 0 903.87
0.259916 4543.06 0 761.038
0.400335 6883.62 0 941.707
0.535031 5166.71 0 789.84
0.67364 5514.62 0 790.991
0.801656 5139.32 0 740.374
0.911464 2308.69 0 455.651
-0.915501 4367.77 0 542.138
-0.799003 7234.52 0 708.574
-0.666572 6333.85 0 656.866
-0.533365 7509.5 0 723.706
-0.395021 5450.15 0 619.022
-0.264952 5361.56 0 619.891
-0.130653 4630.4 0 606.71
0.000844225 5522.27 0 712.336
0.137296 4545.74 0 773.905
0.210117 1012.87 0 414.277
0 0 0 0
0 0 0 0
0 0 0 0
0 0 0 0
0 0 0 0
