0 0 0 0
0 0 0 0
0 0 0 0
0 0 0 0
0 0 0 0
0 0 0 0
0 0 0 0
0 0 0 0
0 0 0 0
0.31662 1340.45 0 404.626
0.400486 6370.11 0 806.856
0.531433 7187.62 0 780.462
0.671846 7161.83 0 712.839
0.797942 6564.95 0 608.434
0.926743 6854.6 0 546.753
-0.909187 3585.32 0 554.056
-0.803581 5706.65 0 846.743
-0.664277 6652.89 0 967.551
-0.527474 5505.95 0 875.139
-0.409338 5939.46 0 943.91
-0.272775 6477.96 0 1041.5
-0.121556 5423.59 0 958.569
-0.0138656 4999.76 0 894.484
0.129636 5543.85 0 949.377
0.270114 7006.64 0 1037.34
0.397096 5506.51 0 893.686
0.52771 6230.53 0 942.772
0.669 6884.79 0 974.139
0.798226 6240.28 0 867.301
0.911598 5162.1 0 672.156
0 0 0 0
0 0 0 0
-0.648195 4478.57 0 762.547
-0.531021 5371.38 0 703.706
-0.401845 6671.15 0 707.341
-0.26479 5460.3 0 594.618
-0.137247 5636.5 0 574.279
-0.00324325 5600.96 0 561.755
0.134572 6220.89 0 605.977
0.263602 6685.63 0 736.403
0.347714 2164.01 0 541.767
0 0 0 0
0 0 0 0
0 0 0 0
0 0 0 0
0 0 0 0
0 0 0 0
0 0 0 0
0 0 0 0
0 0 0 0
0 0 0 0
0 0 0 0
0 0 0 0
0.157025 4180.03 0 740.461
0.267451 8173.91 0 936.111
0.399983 8143.61 0 868.005
0.528097 6357.11 0 705.683
0.659481 7261.49 0 704.373
0.797931 6721.6 0 645.061
0.928597 6456.76 0 563.413
-0.908622 4472.31 0 662.627
-0.789759 6301.64 0 869.937
-0.663082 6274.33 0 914.161
-0.538507 6997.48 0 987.341
-0.399618 6813.96 0 969.503
-0.268127 5925 0 973.033
-0.12917 6939.42 0 1037.82
0.000848636 5296.17 0 867.272
0.136834 6032.96 0 910.085
0.260913 5488.06 0 876.698
0.403711 5018.79 0 856.996
0.539912 5662.14 0 844.433
0.667896 5818.48 0 860.31
0.798173 6281.63 0 862.164
0.905579 5048.38 0 734.934
-0.917471 5591.81 0 946.332
-0.806441 6081.53 0 758.463
-0.670681 5894.96 0 676.78
-0.531157 6077.02 0 651.217
-0.3996 5657.58 0 588.995
-0.25893 4794.93 0 530.807
-0.129184 6091.1 0 604.792
0.000493357 5370.39 0 598.148
0.126453 4796.74 0 648.118
0.253625 5311.77 0 913.244
0 0 0 0
0 0 0 0
0 0 0 0
0 0 0 0
0 0 0 0
0 0 0 0
0 0 0 0
0 0 0 0
0 0 0 0
0 0 0 0
0 0 0 0
0 0 0 0
0 0 0 0
0 0 0 0
0.285799 4009.34 0 620.699
0.399291 5517.72 0 667.638
0.528869 4699.33 0 568.608
0.660426 5607.24 0 573.972
0.801406 4691.94 0 463.936
0.929725 5079.15 0 428.772
-0.91518 3292.13 0 482.814
-0.799205 4563.19 0 670.924
-0.66734 4854.35 0 732.064
-0.542618 4114.57 0 687.217
-0.394888 5057.58 0 784.627
-0.265174 3835.13 0 685.772
-0.126238 4266.01 0 741.094
-0.00752043 5139.74 0 815.096
0.141281 3951.32 0 707.266
0.259822 4410.07 0 733.464
0.404375 4504.8 0 731.178
0.538903 5327.55 0 773.399
0.661711 4641.96 0 711.282
0.800539 5650.74 0 753.479
0.903958 2909.9 0 467.535
0 0 0 0
-0.78387 3277.52 0 626.268
-0.678219 4931.86 0 684.417
-0.537441 5022.33 0 613.868
-0.386677 4052.86 0 497.302
-0.266051 4551.79 0 501.71
-0.13398 4876.78 0 502.366
-0.000325627 4561.81 0 482.457
0.140467 5082.64 0 528.907
0.268111 4154.29 0 542.396
0.350425 1239.13 0 373.911
0 0 0 0
0 0 0 0
0 0 0 0
0 0 0 0
0 0 0 0
0 0 0 0
0 0 0 0
0 0 0 0
0 0 0 0
0 0 0 0
-0.0822454 1082.08 0 361.063
0.00260246 4003.5 0 635.514
0.135837 5548.13 0 681.051
0.268777 5075.46 0 605.246
0.401611 5211.08 0 578.842
0.534012 5250.32 0 553.751
0.662778 4345.89 0 486.193
0.804105 4623.61 0 477.024
0.932751 4362.04 0 423.465
-0.912062 2462.91 0 424.748
-0.798483 5138.08 0 675.996
-0.671106 5111.79 0 698.511
-0.539361 3977.32 0 622.466
-0.405919 5017.3 0 714.719
-0.267104 3755.19 0 623.671
-0.138227 4678.9 0 707.373
0.0100579 4507.51 0 703.699
0.133218 2903.42 0 562.823
0.25988 2577.09 0 519.343
0.399236 5010.03 0 711.007
0.533743 4166.68 0 635.883
0.668323 3427.93 0 569.683
0.800064 5605.49 0 705.892
0.907027 2792.2 0 453.957
-0.916887 3168.99 0 466.253
-0.803333 3670.57 0 457.648
-0.665295 3979.41 0 451.233
-0.539371 4035.32 0 442.877
-0.400944 4347.93 0 450.381
-0.255624 3431.85 0 399.911
-0.132282 4599.94 0 475.98
-0.00515775 3705.8 0 460.747
0.134407 3540.63 0 523.266
0.217349 1200.12 0 346.718
0 0 0 0
0 0 0 0
0 0 0 0
0 0 0 0
0 0 0 0
0 0 0 0
0 0 0 0
0 0 0 0
0 0 0 0
0 0 0 0
0 0 0 0
0 0 0 0
0 0 0 0
0.146264 5550.74 0 880.938
0.26925 7109.32 0 907.48
0.403831 8448.16 0 911.936
0.538074 7320.92 0 790.573
0.666283 6873.57 0 722.439
0.801337 7205.97 0 670.882
0.928539 6606.36 0 580.364
-0.910421 4755.25 0 671.801
-0.802614 6810.98 0 933.792
-0.670602 6494.64 0 962.205
-0.533565 5700.97 0 887.231
-0.392348 5544.54 0 914.592
-0.276785 6227.75 0 1000.49
-0.136297 5384.61 0 936.89
0.00806677 6506.89 0 1033.12
0.129912 5878.81 0 981.318
0.273278 6938.97 0 1063.96
0.396079 6426.22 0 974.068
0.531873 7438.78 0 1041.86
0.671049 6359.95 0 936.495
0.814459 5681.15 0 829.595
0.908027 3692.97 0 594.825
-0.932592 4813.12 0 961.404
-0.813248 6300.84 0 889.996
-0.662271 6933.89 0 845.317
-0.535208 5083.19 0 678.44
-0.400958 6008.57 0 685.142
-0.266433 6593.5 0 695.362
-0.131301 6441.14 0 675.078
-0.000204114 6170.53 0 661.101
0.131181 6131.55 0 693.024
0.260842 5079.83 0 681.466
0.380106 5140.31 0 942.352
0 0 0 0
0 0 0 0
0 0 0 0
0 0 0 0
0 0 0 0
0 0 0 0
0 0 0 0
0 0 0 0
0 0 0 0
-0.215359 1329.97 0 444.023
-0.130919 5092.32 0 799.636
0.000916893 4652.49 0 689.235
0.138064 5110.4 0 674.363
0.261641 6574.74 0 731.135
0.404423 4982.07 0 603.497
0.53314 6209.12 0 646.457
0.668004 6062.25 0 622.316
0.807009 5349.31 0 565.718
0.93847 4741.66 0 499.117
-0.906822 1967.55 0 400.483
-0.802238 4436.52 0 664.691
-0.671442 5738.95 0 776.486
-0.529252 5513.48 0 781.096
-0.398334 5267.12 0 775.775
-0.264871 5423.43 0 805.258
-0.134012 6077.38 0 859.756
-0.00880444 5993.7 0 854.301
0.131458 5915.99 0 851.529
0.260023 4185.98 0 697.051
0.400133 6265.38 0 846.065
0.534678 4653.74 0 704.33
0.674859 5184.98 0 733.557
0.802651 4846.8 0 686.27
0.911233 2170.84 0 423.429
-0.916229 3777.63 0 468.612
-0.799412 5952.81 0 581.614
-0.667318 5151.18 0 532.348
-0.534057 5876 0 563.274
-0.395717 4200.54 0 475.106
-0.264815 4116.47 0 474.19
-0.130342 3653.34 0 477.15
7.69869e-05 4187.02 0 538.136
0.136259 3351.15 0 568.282
0.209832 741.684 0 302.964
0 0 0 0
0 0 0 0
0 0 0 0
0 0 0 0
0 0 0 0
