0 0 0 0
0 0 0 0
0 0 0 0
0 0 0 0
0 0 0 0
0 0 0 0
0 0 0 0
0 0 0 0
0 0 0 0
0.317771 1216.52 0 368.859
0.401661 6283.79 0 813.084
0.530921 7435.45 0 830.434
0.672533 7390.92 0 763.511
0.797273 6907.97 0 667.276
0.926787 6891.64 0 599.752
-0.908987 3701.64 0 609.064
-0.803925 5609.01 0 890.308
-0.6629 7031.76 0 1094.61
-0.530025 5662.73 0 942.548
-0.409599 6131.02 0 1020.3
-0.27081 7095.31 0 1192.26
-0.122255 5803.42 0 1065.05
-0.0101508 5101.01 0 941.869
0.130495 5259.6 0 931.138
0.268683 6904.12 0 1062.39
0.399386 5655.06 0 948.968
0.525846 6552.89 0 1030.35
0.668791 7586.07 0 1129.54
0.800022 6062.07 0 889.335
0.911574 5288.21 0 734.087
0 0 0 0
0 0 0 0
-0.652869 4994.3 0 864.488
-0.53692 5819.87 0 776.194
-0.402845 6709.18 0 724.954
-0.26418 5437.67 0 600.135
-0.13801 5730.65 0 590.502
-0.00368483 5681.68 0 575.815
0.134039 6291.21 0 619.137
0.263208 7037.16 0 784.183
0.346748 2426.2 0 610.17
0 0 0 0
0 0 0 0
0 0 0 0
0 0 0 0
0 0 0 0
0 0 0 0
0 0 0 0
0 0 0 0
0 0 0 0
0 0 0 0
0 0 0 0
0 0 0 0
0.157024 3873.95 0 692.889
0.268886 8287.37 0 970.452
0.39935 8204.89 0 894.901
0.528606 6431.57 0 728.894
0.657144 6915.65 0 690.766
0.79905 6751.57 0 673.46
0.927419 6566.41 0 615.798
-0.910484 4475.94 0 705.96
-0.790312 6311.94 0 924.235
-0.667177 5679.69 0 871.157
-0.541357 7282.87 0 1077.1
-0.400587 6985.8 0 1037.27
-0.268258 5919.01 0 1005.5
-0.128909 7100.57 0 1103.53
-0.00166877 5578.68 0 937.999
0.136243 6189.74 0 964.538
0.260395 5235.07 0 861.032
0.403115 5155.37 0 904.143
0.539083 5799.29 0 891.937
0.667297 5627.05 0 862.797
0.797027 5815.12 0 837.261
0.906385 5156.14 0 786.9
-0.919048 4904.05 0 863.718
-0.805033 6132.31 0 796.906
-0.67151 5919.5 0 697.461
-0.531272 5900.02 0 645.037
-0.399243 5679.72 0 601.737
-0.258678 4806.11 0 538.406
-0.129852 5939.72 0 597.904
0.00176193 5555.75 0 625.536
0.12778 4617.41 0 629.295
0.248849 6852.19 0 1188.92
0 0 0 0
0 0 0 0
0 0 0 0
0 0 0 0
0 0 0 0
0 0 0 0
0 0 0 0
0 0 0 0
0 0 0 0
0 0 0 0
0 0 0 0
0 0 0 0
0 0 0 0
0 0 0 0
0.286279 4373.5 0 687.697
0.39988 5701.92 0 706.356
0.530358 4490.88 0 555.85
0.661234 5782.76 0 612.033
0.801815 4857.57 0 497.683
0.929409 5109.07 0 463.703
-0.914976 3589.04 0 563.678
-0.798744 4621.18 0 731.795
-0.668067 4974.95 0 795.224
-0.545456 4689.47 0 818.983
-0.394414 5220.85 0 844.712
-0.265371 3534.13 0 651.499
-0.126569 4964.87 0 894.209
-0.00707796 5043.67 0 833.563
0.141679 3943.73 0 730.499
0.259271 4778.4 0 820.762
0.406307 4730.91 0 795.554
0.537706 5351.74 0 809.43
0.663471 4811.04 0 769.328
0.803163 5608.5 0 793.076
0.903875 2733.39 0 456.916
0 0 0 0
-0.778654 2733.9 0 534.988
-0.674143 4697.19 0 667.907
-0.543316 5599.76 0 700.24
-0.385043 3998.36 0 497.898
-0.26773 4812.24 0 537.641
-0.134404 5067.16 0 529.226
-0.000867618 4576.87 0 489.784
0.139781 5084.85 0 534.905
0.268497 4086.93 0 539.004
0.351451 1029.51 0 311.641
0 0 0 0
0 0 0 0
0 0 0 0
0 0 0 0
0 0 0 0
0 0 0 0
0 0 0 0
0 0 0 0
0 0 0 0
0 0 0 0
-0.0825499 1139.55 0 381.673
0.00394735 4538.53 0 731.962
0.136321 5599.85 0 702.362
0.27064 5450.34 0 662.628
0.403173 5320.08 0 604.565
0.534431 5516.97 0 595.565
0.662068 4565.96 0 522.812
0.802832 4639.85 0 496.737
0.933433 4579.9 0 474.974
-0.910755 2583.18 0 468.294
-0.797797 5773.61 0 812.725
-0.671187 5531.51 0 798.934
-0.539637 3957.78 0 643.852
-0.406787 5052.83 0 755.487
-0.266667 4104.43 0 700.335
-0.137734 4550.31 0 716.191
0.0087565 4662.21 0 752.627
0.129543 2846.56 0 563.346
0.259564 2783.4 0 571.747
0.398943 5206.64 0 765.726
0.53503 4397.44 0 693.96
0.669448 3695.7 0 632.652
0.800056 6060.25 0 809.262
0.906188 2980.81 0 504.409
-0.917659 3259.21 0 507.888
-0.80378 3715.42 0 479.974
-0.664616 4125.06 0 480.995
-0.539162 4196.6 0 472.02
-0.4011 4467.3 0 471.34
-0.254954 3421.5 0 403.801
-0.132042 4854.31 0 509.842
-0.00845788 3913.38 0 491.897
0.1367 4140.49 0 618.108
0.21858 1846.87 0 535.473
0 0 0 0
0 0 0 0
0 0 0 0
0 0 0 0
0 0 0 0
0 0 0 0
0 0 0 0
0 0 0 0
0 0 0 0
0 0 0 0
0 0 0 0
0 0 0 0
0 0 0 0
0.146191 5885.51 0 950.324
0.26801 7323.26 0 955.937
0.404709 9120.95 0 1015.82
0.540213 6863.96 0 764.355
0.666816 7045.9 0 764.895
0.801926 7283.45 0 710.162
0.927849 6568.38 0 626.016
-0.909739 5067 0 781.409
-0.802936 6439.8 0 960.859
-0.670565 6557.32 0 1035.36
-0.532862 6223.12 0 1020.82
-0.394998 6302.44 0 1085.88
-0.277714 6732.44 0 1126.86
-0.139427 5926.92 0 1071.08
0.00670801 6219.23 0 1030.95
0.126532 6175.31 0 1073.31
0.272763 6923.73 0 1108.26
0.397821 6040.9 0 957.629
0.534537 7783.97 0 1146.92
0.670181 6072.7 0 940.456
0.813173 5732.49 0 882.685
0.907093 3639.73 0 613.728
-0.930896 8818.1 0 1848.49
-0.806402 7163.82 0 1063.34
-0.663606 7483.18 0 944.423
-0.532288 5590.4 0 761.95
-0.398787 6041.79 0 703.927
-0.266195 6678.87 0 719.241
-0.131507 6390.33 0 680.803
0.000738862 6077.67 0 660.977
0.131398 5869.91 0 672.881
0.262763 5082.57 0 690.619
0.376609 4242.8 0 787.256
0 0 0 0
0 0 0 0
0 0 0 0
0 0 0 0
0 0 0 0
0 0 0 0
0 0 0 0
0 0 0 0
0 0 0 0
-0.21499 1633.8 0 548.952
-0.13044 5884.59 0 942.028
0.00110419 5014.78 0 754.474
0.138546 5353.67 0 718.889
0.262033 7295.26 0 830.623
0.404287 5711.31 0 706.143
0.534128 6774.35 0 726.764
0.668929 6627.82 0 703.796
0.80777 6099.74 0 673.349
0.938257 5440.46 0 623.381
-0.906856 2338.63 0 498.247
-0.801469 4918.86 0 789.036
-0.672833 6224.63 0 906.659
-0.528298 6160.49 0 919.906
-0.398066 5911.57 0 915.354
-0.263398 6010.71 0 935.364
-0.134666 6720.11 0 999.404
-0.0098186 6400.11 0 954.351
0.132685 6656.25 0 1001.92
0.260554 4486.71 0 770.843
0.398045 6845.12 0 969.447
0.535127 5326.65 0 837.602
0.67677 5652.22 0 841.248
0.802267 5099.74 0 762.345
0.913988 2514.57 0 508.368
-0.916685 3925.42 0 513.865
-0.799607 6225.02 0 648.568
-0.667447 5347.43 0 574.499
-0.534297 6103.05 0 604.312
-0.39437 4490.39 0 517.596
-0.264318 4431.14 0 518.799
-0.129908 4245.16 0 561.631
0.00358437 4709.52 0 614.36
0.12662 4033.26 0 692.284
0.213914 802.621 0 328.355
0 0 0 0
0 0 0 0
0 0 0 0
0 0 0 0
0 0 0 0
