0 0 0 0
0 0 0 0
0 0 0 0
0 0 0 0
0 0 0 0
0 0 0 0
0 0 0 0
0 0 0 0
0 0 0 0
0.316564 242385 0 6280.39
0.399801 983986 0 16381.3
0.533982 1.00728e+06 0 15963.2
0.666499 992318 0 15726.7
0.799305 979401 0 15032
0.933217 961336 0 18979.4
-0.908293 552431 0 19659.4
-0.800455 901259 0 32106.8
-0.667365 896946 0 30731.3
-0.534543 847166 0 26865.6
-0.3999 862547 0 27484.4
-0.266573 859709 0 26685.2
-0.132857 831886 0 26400.7
-0.00057373 836085 0 25377.2
0.133418 842561 0 25769.1
0.267815 845205 0 24693.9
0.400393 837115 0 24581.8
0.533374 865064 0 24742.7
0.666096 841446 0 25245.8
0.801181 900198 0 27491.9
0.908437 567883 0 17268.9
0 0 0 0
0 0 0 0
-0.649906 637044 0 15272.8
-0.533211 835158 0 15001.7
-0.400393 832381 0 12215.4
-0.266138 835114 0 10675.8
-0.132509 847435 0 9864.15
-3.16774e-05 861608 0 9492.47
0.133295 848026 0 9556.75
0.266814 837343 0 11087.9
0.350143 199137 0 5428.98
0 0 0 0
0 0 0 0
0 0 0 0
0 0 0 0
0 0 0 0
0 0 0 0
0 0 0 0
0 0 0 0
0 0 0 0
0 0 0 0
0 0 0 0
0 0 0 0
0.150193 965144 0 15902.8
0.267037 1.30691e+06 0 18828.5
0.399452 1.30568e+06 0 18155.8
0.532275 1.27628e+06 0 17608.3
0.666379 1.26382e+06 0 18128.3
0.799814 1.23185e+06 0 19442.5
0.9326 1.17903e+06 0 24071.3
-0.907699 715579 0 24778.4
-0.799522 1.14275e+06 0 36318.3
-0.667455 1.12665e+06 0 34246.6
-0.533274 1.11263e+06 0 31101
-0.400434 1.11868e+06 0 31414.6
-0.267207 1.10788e+06 0 29955.3
-0.133355 1.10961e+06 0 30194
-2.17486e-05 1.09247e+06 0 28331.3
0.133157 1.08399e+06 0 28330.3
0.266789 1.0742e+06 0 27250.9
0.400291 1.09213e+06 0 28134.7
0.533728 1.08874e+06 0 27758.9
0.666874 1.09367e+06 0 29159.2
0.800803 1.163e+06 0 31679
0.907696 727794 0 21737.2
-0.917652 848069 0 27565.2
-0.800606 1.08554e+06 0 24338.5
-0.667245 1.06052e+06 0 17213.2
-0.533371 1.03755e+06 0 14008.2
-0.400026 1.04436e+06 0 12482
-0.266905 1.03773e+06 0 11406.1
-0.133478 1.03281e+06 0 10956.9
-0.000481207 995713 0 11027.2
0.133397 1.00796e+06 0 12866.5
0.250232 766535 0 13956.3
0 0 0 0
0 0 0 0
0 0 0 0
0 0 0 0
0 0 0 0
0 0 0 0
0 0 0 0
0 0 0 0
0 0 0 0
0 0 0 0
0 0 0 0
0 0 0 0
0 0 0 0
0 0 0 0
0.283449 676157 0 11660.5
0.399924 865530 0 13251.4
0.534612 866448 0 12940.5
0.666123 878592 0 13230.2
0.799471 850993 0 12490
0.933038 831629 0 16190.4
-0.909184 496781 0 17850.4
-0.800418 783768 0 27580
-0.66655 760879 0 25757.5
-0.53367 735774 0 23072.8
-0.400725 752926 0 23455.9
-0.266361 743151 0 22434.7
-0.133234 739804 0 22919.4
0.000267347 727506 0 21622.8
0.133499 733806 0 21859.4
0.266031 747911 0 21376.6
0.399891 733356 0 20977
0.533876 734936 0 20757.3
0.666474 779475 0 23076.1
0.799754 798041 0 24238.4
0.908447 511463 0 15785.6
0 0 0 0
-0.782865 550299 0 17083
-0.665995 748743 0 16387.9
-0.533201 743094 0 13037
-0.4004 741651 0 11084.9
-0.26654 747995 0 9861.84
-0.133535 734040 0 8981.61
0.00040774 741598 0 8670.98
0.133341 730286 0 8770.52
0.267386 734339 0 10155.8
0.350402 189355 0 4923.69
0 0 0 0
0 0 0 0
0 0 0 0
0 0 0 0
0 0 0 0
0 0 0 0
0 0 0 0
0 0 0 0
0 0 0 0
0 0 0 0
-0.0837169 227728 0 6208.46
-0.000149559 908245 0 15373.9
0.133447 934599 0 14131.9
0.266576 928041 0 13191.8
0.399676 921305 0 12762.1
0.533747 899394 0 12590
0.666299 885401 0 13176.4
0.799245 861526 0 14131.4
0.933486 829715 0 17735
-0.908564 513310 0 18173.2
-0.799858 835957 0 26470.3
-0.667053 815076 0 24500.4
-0.533382 797025 0 22184.3
-0.399661 793001 0 21898.4
-0.266495 795052 0 20974.7
-0.133749 800939 0 21577.9
0.000470934 794762 0 20807.6
0.132999 794319 0 21165.5
0.267482 813824 0 20726.3
0.39961 783284 0 19941.1
0.533672 770061 0 19390
0.667309 800702 0 21251.4
0.800004 826738 0 22692.7
0.907759 501521 0 15100.3
-0.916764 608198 0 17824.3
-0.800129 762072 0 16057
-0.66688 750495 0 12159.1
-0.533834 744689 0 10232.6
-0.39964 729541 0 8946.99
-0.266445 734908 0 8361.26
-0.133696 719372 0 8185.11
-0.000628133 723314 0 8805.26
0.133347 705713 0 10110.8
0.216948 182959 0 4809.65
0 0 0 0
0 0 0 0
0 0 0 0
0 0 0 0
0 0 0 0
0 0 0 0
0 0 0 0
0 0 0 0
0 0 0 0
0 0 0 0
0 0 0 0
0 0 0 0
0 0 0 0
0.150052 1.00238e+06 0 18112.8
0.266374 1.35305e+06 0 21508
0.399815 1.34611e+06 0 20392.7
0.533821 1.31174e+06 0 19747.6
0.666106 1.30572e+06 0 20202.2
0.79983 1.25396e+06 0 19718.9
0.933163 1.24439e+06 0 27151.2
-0.908592 782935 0 30468.7
-0.799923 1.21567e+06 0 44874.6
-0.666041 1.14077e+06 0 40050.8
-0.53439 1.13377e+06 0 36592.3
-0.40051 1.12031e+06 0 36181.2
-0.266924 1.12689e+06 0 35160.9
-0.133231 1.10357e+06 0 35182.3
0.000225187 1.15067e+06 0 35165.3
0.132897 1.16183e+06 0 36174.6
0.266674 1.12002e+06 0 33559.9
0.399154 1.12333e+06 0 33630.3
0.533072 1.11053e+06 0 32560.9
0.667174 1.15879e+06 0 35478.9
0.800676 1.1847e+06 0 37142.6
0.909184 780697 0 25442.9
-0.917048 888007 0 34023.1
-0.800068 1.12179e+06 0 32027.5
-0.667088 1.13252e+06 0 24499.5
-0.532978 1.08303e+06 0 19581
-0.400301 1.07946e+06 0 17123
-0.266028 1.05962e+06 0 15224.1
-0.132948 1.12827e+06 0 15109.6
-0.000201079 1.1125e+06 0 14642.2
0.133733 1.12713e+06 0 15262.1
0.266283 1.15577e+06 0 17742.5
0.383044 897353 0 19022.5
0 0 0 0
0 0 0 0
0 0 0 0
0 0 0 0
0 0 0 0
0 0 0 0
0 0 0 0
0 0 0 0
0 0 0 0
-0.216521 222070 0 7136.92
-0.133196 852719 0 17608.7
0.000167131 854500 0 15493.7
0.13377 839967 0 14213.4
0.266811 850135 0 13866
0.399629 823872 0 13409.6
0.53313 825617 0 13579.6
0.666509 797755 0 14006.9
0.799628 775733 0 15231.1
0.932772 756806 0 19968.5
-0.908062 457583 0 18417
-0.799878 773983 0 27675.1
-0.666814 747837 0 25382.9
-0.53345 757103 0 23808.8
-0.399737 761217 0 23981.7
-0.266669 735698 0 22323.7
-0.132545 753926 0 23030.3
-0.000150847 747965 0 21888.9
0.133302 754278 0 22416.3
0.266425 757510 0 21846.6
0.399535 749045 0 21674.4
0.533454 728325 0 20769.6
0.667024 748599 0 22353.7
0.798922 765586 0 23581
0.907979 467816 0 16020.3
-0.916729 547389 0 15725.6
-0.799765 727234 0 16467.1
-0.666724 706726 0 12931.3
-0.533691 701980 0 11133.8
-0.400053 692904 0 10116.4
-0.266461 684919 0 9569.29
-0.133546 662319 0 9383.09
-3.01968e-05 652723 0 9925.81
0.132843 612244 0 10999.2
0.216834 145591 0 4761.51
0 0 0 0
0 0 0 0
0 0 0 0
0 0 0 0
0 0 0 0
