0 0 0 0
0 0 0 0
0 0 0 0
0 0 0 0
0 0 0 0
0 0 0 0
0 0 0 0
0 0 0 0
0 0 0 0
0.316656 248904 0 9487.05
0.399775 997157 0 31559.4
0.534146 1.01833e+06 0 30956.3
0.666723 1.00163e+06 0 30485.6
0.799294 987896 0 30719.3
0.933115 962505 0 38421.8
-0.908261 556119 0 36643.1
-0.800538 912890 0 60055.5
-0.667475 917711 0 57404.9
-0.534659 863958 0 49387.8
-0.400047 877350 0 50441.6
-0.266621 872260 0 48410.4
-0.132853 843453 0 47528.6
-0.000659221 839570 0 44837.5
0.133537 843209 0 45600
0.267783 857802 0 44308.4
0.400256 856060 0 44640.1
0.533377 870388 0 44248.2
0.666093 847406 0 45567.3
0.80133 911315 0 50745.9
0.908464 575883 0 31993.3
0 0 0 0
0 0 0 0
-0.650296 660779 0 25192.3
-0.533344 844488 0 25495.2
-0.400359 839865 0 20946.4
-0.266314 840225 0 18019.9
-0.132587 847576 0 16310.7
5.37615e-05 861381 0 15614.8
0.133396 860116 0 15868.3
0.266844 852490 0 18778.8
0.350271 201211 0 7242.94
0 0 0 0
0 0 0 0
0 0 0 0
0 0 0 0
0 0 0 0
0 0 0 0
0 0 0 0
0 0 0 0
0 0 0 0
0 0 0 0
0 0 0 0
0 0 0 0
0.150158 975426 0 29728.7
0.266985 1.32632e+06 0 37207.4
0.399428 1.3203e+06 0 36028.2
0.532434 1.27997e+06 0 34543.9
0.666479 1.2654e+06 0 35029.3
0.799795 1.23483e+06 0 38297.9
0.932633 1.18865e+06 0 47183.1
-0.907718 732422 0 46885.6
-0.799772 1.1592e+06 0 69185.2
-0.667559 1.14868e+06 0 64962.6
-0.533141 1.13092e+06 0 58154.4
-0.40048 1.13475e+06 0 58497.8
-0.267257 1.13507e+06 0 55893.3
-0.133521 1.13238e+06 0 56317.5
-2.50283e-05 1.11874e+06 0 52606.8
0.133337 1.10296e+06 0 52551
0.26683 1.08591e+06 0 49971.7
0.400229 1.10095e+06 0 51487.7
0.533639 1.10031e+06 0 50794.4
0.666994 1.09786e+06 0 53882.8
0.800677 1.16276e+06 0 58847.3
0.907653 725466 0 39100.8
-0.918149 881343 0 53958.2
-0.800667 1.08677e+06 0 46292.6
-0.667151 1.06587e+06 0 32655.2
-0.533417 1.04506e+06 0 27066.4
-0.40005 1.04517e+06 0 23835.5
-0.266711 1.0418e+06 0 21483.9
-0.133438 1.04588e+06 0 20314.3
-0.000876727 1.004e+06 0 19569.5
0.133344 993376 0 21407
0.250543 766082 0 21429.1
0 0 0 0
0 0 0 0
0 0 0 0
0 0 0 0
0 0 0 0
0 0 0 0
0 0 0 0
0 0 0 0
0 0 0 0
0 0 0 0
0 0 0 0
0 0 0 0
0 0 0 0
0 0 0 0
0.283304 677994 0 22018
0.399854 865469 0 26280.4
0.534489 855235 0 25506.1
0.666189 873071 0 26461.5
0.79938 852701 0 26630.3
0.932948 829164 0 32946.1
-0.909024 492834 0 33016.1
-0.800522 784773 0 52072.3
-0.666364 765215 0 48301.4
-0.533678 749575 0 43112.6
-0.400731 763233 0 43573.2
-0.266599 748970 0 40935.9
-0.133123 744658 0 42054.5
0.000133229 728598 0 39108.5
0.133616 735775 0 39728.2
0.265834 745826 0 38323.7
0.399739 737281 0 37948.4
0.533812 734078 0 37278.5
0.666262 775312 0 42062.6
0.799821 784947 0 43974.8
0.908359 501691 0 28169.7
0 0 0 0
-0.78349 577768 0 29726.9
-0.666606 751428 0 28083.4
-0.533009 743637 0 22969.3
-0.400369 741641 0 19552.6
-0.266544 753467 0 17309.5
-0.133635 734658 0 15320.3
0.00032038 734850 0 14391.2
0.13329 717379 0 14291.1
0.267363 716220 0 16627.5
0.350356 181491 0 6424.14
0 0 0 0
0 0 0 0
0 0 0 0
0 0 0 0
0 0 0 0
0 0 0 0
0 0 0 0
0 0 0 0
0 0 0 0
0 0 0 0
-0.0836909 232713 0 9587.82
-0.000114754 925732 0 30145.5
0.13341 963824 0 27969.6
0.266506 958108 0 26050
0.399562 943649 0 25217.4
0.533744 915163 0 24738.9
0.666251 904607 0 25747.4
0.799213 881079 0 28173.9
0.933556 847095 0 35312.9
-0.908772 532107 0 34565.9
-0.7998 853202 0 50781.4
-0.667143 830494 0 46650.1
-0.533447 813176 0 41599.6
-0.399724 812444 0 41150
-0.266629 815055 0 39174.2
-0.133755 819570 0 40447.8
0.000320932 811513 0 38533.8
0.133053 812579 0 39286.6
0.267446 831780 0 38362.2
0.399535 806188 0 37319.2
0.533726 792629 0 36323.7
0.667274 817342 0 39893.3
0.800079 850519 0 43491.2
0.907749 523093 0 28898.1
-0.916781 615435 0 34012.8
-0.800026 765272 0 30793.9
-0.666749 764145 0 23785.3
-0.534033 757857 0 20483.7
-0.399666 736327 0 17339.9
-0.266298 742108 0 15796.2
-0.13355 734286 0 15371.1
-0.000422567 745582 0 16325.9
0.133115 728113 0 17812.8
0.216992 187986 0 6460.47
0 0 0 0
0 0 0 0
0 0 0 0
0 0 0 0
0 0 0 0
0 0 0 0
0 0 0 0
0 0 0 0
0 0 0 0
0 0 0 0
0 0 0 0
0 0 0 0
0 0 0 0
0.150075 977899 0 33590.3
0.26627 1.3362e+06 0 42510.8
0.399689 1.33108e+06 0 41321.5
0.533831 1.28426e+06 0 39787.6
0.666123 1.27643e+06 0 40320.8
0.799723 1.22486e+06 0 41267.6
0.933059 1.21169e+06 0 53774.6
-0.908483 771987 0 55329.3
-0.799969 1.19565e+06 0 82617.8
-0.665754 1.12498e+06 0 73839.1
-0.534355 1.11623e+06 0 66804.3
-0.400388 1.10826e+06 0 66279
-0.266737 1.12705e+06 0 64606.4
-0.133175 1.09615e+06 0 63964.6
-0.000122485 1.13479e+06 0 63259
0.132747 1.14367e+06 0 65610.8
0.266851 1.10358e+06 0 60552.6
0.399374 1.09607e+06 0 60040.7
0.533196 1.08648e+06 0 58275.2
0.667202 1.14167e+06 0 64514.7
0.80052 1.15485e+06 0 66637.5
0.909215 753296 0 44537.8
-0.918368 941937 0 64756.8
-0.800374 1.11642e+06 0 57983.6
-0.667014 1.12024e+06 0 43805.2
-0.532728 1.07443e+06 0 35736.3
-0.400241 1.08146e+06 0 31481.2
-0.266157 1.0585e+06 0 27358.7
-0.133085 1.1081e+06 0 26328.6
-0.000292603 1.07656e+06 0 24713
0.133671 1.08148e+06 0 25550.9
0.26597 1.07796e+06 0 28990.6
0.382822 803190 0 29413.8
0 0 0 0
0 0 0 0
0 0 0 0
0 0 0 0
0 0 0 0
0 0 0 0
0 0 0 0
0 0 0 0
0 0 0 0
-0.216458 233516 0 11291.8
-0.133261 889304 0 33243
0.000152813 891807 0 28900.9
0.133712 872476 0 26275.9
0.266771 889357 0 26158.1
0.399565 860067 0 25517.9
0.53314 863233 0 25978.3
0.666667 834586 0 26800
0.799633 815156 0 30284.9
0.93301 803782 0 40506.3
-0.908147 493666 0 36463.5
-0.800024 816150 0 54394.8
-0.666961 778572 0 49050.5
-0.533696 784331 0 45272
-0.399876 785287 0 45214.8
-0.266622 762883 0 41883.9
-0.132546 787976 0 43658
-0.000149504 780134 0 41238.3
0.133327 792080 0 42746
0.266326 790876 0 41288.6
0.399587 781959 0 40956.1
0.533463 764060 0 39402.8
0.66708 783485 0 42680.1
0.798906 805465 0 45754.2
0.908095 500053 0 30872.1
-0.916782 551525 0 29288.2
-0.799719 735508 0 31498.5
-0.666656 717226 0 24690.9
-0.533711 714041 0 21538.6
-0.40005 706051 0 19209.4
-0.266309 703129 0 17892.4
-0.133401 692266 0 17551.9
0.000277813 707540 0 19005.9
0.133353 689307 0 21057.5
0.217246 163999 0 6992.34
0 0 0 0
0 0 0 0
0 0 0 0
0 0 0 0
0 0 0 0
