0 0 0 0
0 0 0 0
0 0 0 0
0 0 0 0
0 0 0 0
0 0 0 0
0 0 0 0
0 0 0 0
0 0 0 0
0.316652 265874 0 8254.93
0.399689 1.06463e+06 0 25320.6
0.53402 1.08543e+06 0 25071.1
0.666682 1.06492e+06 0 25160
0.799668 1.06829e+06 0 26433.4
0.933007 1.06946e+06 0 35342.3
-0.908084 655982 0 31728.8
-0.800783 1.08213e+06 0 53008.1
-0.667289 1.08247e+06 0 51367
-0.534364 1.05453e+06 0 47375.4
-0.399927 1.09699e+06 0 50715.7
-0.266538 1.09358e+06 0 49693.9
-0.132713 1.06052e+06 0 49384.2
-0.000418027 1.07318e+06 0 48403
0.133516 1.08075e+06 0 50472.4
0.267481 1.0858e+06 0 48982
0.400214 1.06155e+06 0 48656.4
0.533614 1.08332e+06 0 48750
0.666133 1.06975e+06 0 51659.9
0.800311 1.09258e+06 0 54001.2
0.90841 653848 0 31412.3
0 0 0 0
0 0 0 0
-0.649996 812598 0 24860.1
-0.533212 1.07009e+06 0 26123.9
-0.400372 1.06868e+06 0 21779.7
-0.266271 1.06892e+06 0 18954.1
-0.132641 1.07146e+06 0 17161.7
-0.000155057 1.07848e+06 0 16229.7
0.133368 1.06812e+06 0 16340.6
0.267526 1.08318e+06 0 19956.5
0.350304 264779 0 8657.65
0 0 0 0
0 0 0 0
0 0 0 0
0 0 0 0
0 0 0 0
0 0 0 0
0 0 0 0
0 0 0 0
0 0 0 0
0 0 0 0
0 0 0 0
0 0 0 0
0.150061 974960 0 21893.2
0.266934 1.31897e+06 0 26932.9
0.399557 1.31776e+06 0 26464.2
0.532593 1.29805e+06 0 26373.3
0.666628 1.30637e+06 0 28214.4
0.800055 1.30189e+06 0 32337.2
0.933047 1.29715e+06 0 43819.4
-0.907695 819513 0 38182.8
-0.799625 1.29656e+06 0 56350.2
-0.667288 1.31144e+06 0 55341.6
-0.533123 1.31519e+06 0 52370
-0.400366 1.31227e+06 0 53203.1
-0.267301 1.31218e+06 0 51689.9
-0.13333 1.31576e+06 0 53007.6
6.49667e-05 1.317e+06 0 51320.2
0.133403 1.31494e+06 0 52851.4
0.266834 1.30479e+06 0 51028.5
0.400179 1.31991e+06 0 53273.3
0.533566 1.31639e+06 0 53060.3
0.666718 1.29301e+06 0 55612.9
0.800205 1.32844e+06 0 58604.9
0.907637 807200 0 37976.4
-0.916968 994996 0 45372.5
-0.800348 1.31435e+06 0 43060.3
-0.666932 1.32175e+06 0 32400.2
-0.533364 1.30788e+06 0 27619.7
-0.400115 1.31219e+06 0 24552.6
-0.266605 1.30092e+06 0 22225.2
-0.133296 1.31684e+06 0 21605
-0.000448331 1.29458e+06 0 21774.3
0.133302 1.30284e+06 0 24372.1
0.250018 982722 0 23867.9
0 0 0 0
0 0 0 0
0 0 0 0
0 0 0 0
0 0 0 0
0 0 0 0
0 0 0 0
0 0 0 0
0 0 0 0
0 0 0 0
0 0 0 0
0 0 0 0
0 0 0 0
0 0 0 0
0.283422 705936 0 16941.2
0.400269 918640 0 20902.3
0.534539 923349 0 20975.3
0.666102 936606 0 22093.4
0.799701 927604 0 23211.2
0.932855 933284 0 31117.1
-0.908941 571070 0 26862.7
-0.800194 933344 0 44401
-0.66623 930642 0 43703
-0.533741 920078 0 40499.2
-0.400661 947766 0 42442.3
-0.266412 942631 0 41661.8
-0.133097 935501 0 42779
3.46864e-05 919405 0 40442.5
0.133501 927534 0 41856.8
0.265795 945843 0 41377
0.399539 931679 0 41597.2
0.533552 916832 0 40235
0.665815 939835 0 43819.2
0.799541 918700 0 43576.6
0.908234 579999 0 27768.6
0 0 0 0
-0.783493 708943 0 28223.4
-0.666512 936218 0 27259.2
-0.532895 922435 0 22551.7
-0.400279 920779 0 19646.1
-0.266558 940922 0 17870.5
-0.133454 925996 0 16290.5
0.000510651 937415 0 15742
0.133461 926251 0 16078.3
0.267396 928731 0 18983.9
0.350347 235264 0 7663.41
0 0 0 0
0 0 0 0
0 0 0 0
0 0 0 0
0 0 0 0
0 0 0 0
0 0 0 0
0 0 0 0
0 0 0 0
0 0 0 0
-0.0836683 241096 0 7834.86
-0.000354622 946159 0 21900.9
0.133204 957848 0 19756.3
0.266674 949862 0 18641.6
0.399824 958077 0 18940.4
0.533789 949855 0 19428.4
0.666327 939885 0 20664.6
0.799905 938584 0 23712
0.933292 943612 0 32766.5
-0.908895 585970 0 26939.6
-0.799512 953373 0 40365.6
-0.666853 956380 0 39466.9
-0.533415 947338 0 36563.9
-0.399675 951548 0 36921
-0.266601 961037 0 36337.7
-0.133864 957282 0 37291.8
0.000305355 938408 0 35395.9
0.133032 936979 0 36626
0.267689 967701 0 36835.2
0.399608 952148 0 37176.3
0.533684 943426 0 36543.1
0.6669 949957 0 39377.7
0.799799 952930 0 40956.5
0.907863 588440 0 27472.7
-0.916336 724233 0 28365.8
-0.799596 951032 0 28676.5
-0.666784 956128 0 22771.8
-0.533894 948570 0 19937.8
-0.399426 938051 0 17738.8
-0.266284 956135 0 16723.5
-0.133614 944848 0 16382.8
-0.000468531 955958 0 17532.9
0.133288 942863 0 19785.1
0.216936 241731 0 7614.99
0 0 0 0
0 0 0 0
0 0 0 0
0 0 0 0
0 0 0 0
0 0 0 0
0 0 0 0
0 0 0 0
0 0 0 0
0 0 0 0
0 0 0 0
0 0 0 0
0 0 0 0
0.150092 918555 0 22065
0.266252 1.25014e+06 0 27695.7
0.399806 1.25885e+06 0 27592.5
0.533951 1.23411e+06 0 27677
0.666363 1.2474e+06 0 29707.8
0.80008 1.23493e+06 0 32501.7
0.932965 1.25473e+06 0 45569.6
-0.908464 777379 0 37251.6
-0.7994 1.25259e+06 0 59254.7
-0.665475 1.23014e+06 0 57337.4
-0.534253 1.24172e+06 0 54411.2
-0.400287 1.23916e+06 0 55004.4
-0.266679 1.27085e+06 0 55392.5
-0.133252 1.23178e+06 0 55560.3
-0.000222785 1.26667e+06 0 55549.7
0.132762 1.27043e+06 0 57521.7
0.267108 1.24326e+06 0 54349.1
0.399459 1.25434e+06 0 56443.3
0.533083 1.24193e+06 0 55260
0.666659 1.26764e+06 0 59309.7
0.800124 1.22943e+06 0 57763
0.909039 781044 0 37599.8
-0.916666 936422 0 44562.2
-0.799875 1.23051e+06 0 45067.6
-0.666866 1.2728e+06 0 36219.4
-0.532658 1.23414e+06 0 31121.7
-0.400223 1.24707e+06 0 28308.6
-0.266207 1.22092e+06 0 24938.9
-0.133114 1.27155e+06 0 24060.6
-0.000278779 1.23501e+06 0 22873.2
0.133717 1.25098e+06 0 24287.2
0.266042 1.25461e+06 0 28212.7
0.382876 939166 0 28852.7
0 0 0 0
0 0 0 0
0 0 0 0
0 0 0 0
0 0 0 0
0 0 0 0
0 0 0 0
0 0 0 0
0 0 0 0
-0.216489 205560 0 7312.31
-0.132987 797127 0 19887.3
0.000131431 806809 0 17813.4
0.133697 785821 0 16256.6
0.266882 800480 0 16198
0.399833 785279 0 16254.3
0.533342 802439 0 17258.8
0.666756 784655 0 18651.9
0.800032 781239 0 21752
0.933133 793740 0 31709.8
-0.908062 486301 0 24275.3
-0.799965 809526 0 36627.6
-0.666744 779356 0 33841.4
-0.533404 799157 0 32895.5
-0.399619 808127 0 33814.3
-0.266708 787076 0 32030.5
-0.132627 804059 0 33308
-0.000199091 786974 0 31449.2
0.133349 794370 0 32642.3
0.266437 799015 0 32272.2
0.399722 798601 0 33262.7
0.533462 785968 0 32440.7
0.66669 796339 0 34841
0.798631 795638 0 35969.2
0.908433 499563 0 25060.8
-0.916607 592363 0 21804.9
-0.799557 799590 0 24248
-0.666465 792790 0 19833.2
-0.533637 798884 0 17951
-0.399998 794915 0 16502.4
-0.266287 794146 0 15738
-0.133397 783323 0 15727.8
0.000360984 801661 0 17277.7
0.133399 785944 0 19569.6
0.217193 186310 0 7048.9
0 0 0 0
0 0 0 0
0 0 0 0
0 0 0 0
0 0 0 0
