0 0 0 0
0 0 0 0
0 0 0 0
0 0 0 0
0 0 0 0
0 0 0 0
0 0 0 0
0 0 0 0
0 0 0 0
0.316747 150560 0 4602.05
0.401296 627426 0 11361.6
0.533882 648728 0 11027.7
0.666903 662566 0 11039.4
0.800403 676651 0 10721.5
0.933154 702543 0 13909.1
-0.907088 275609 0 10198.7
-0.800959 477842 0 17400.1
-0.666217 496076 0 17604.1
-0.533806 506198 0 16677.7
-0.400009 525971 0 17348.5
-0.266827 548415 0 17530.6
-0.132954 561902 0 18371.4
-0.000304305 571042 0 17913.1
0.134187 604330 0 18926.2
0.267676 603996 0 18118.2
0.399839 631661 0 18658
0.531664 644362 0 18687.9
0.666894 673025 0 20332.3
0.800356 683774 0 20924.9
0.907706 432655 0 13300.5
0 0 0 0
0 0 0 0
-0.649644 371013 0 9776.88
-0.532129 509797 0 9995.4
-0.398801 517907 0 8375.97
-0.266048 542109 0 7638.5
-0.132725 551472 0 7156.45
-7.67154e-06 583496 0 7135.25
0.13338 600683 0 7434.59
0.26662 610471 0 8733.66
0.350403 158863 0 4713.46
0 0 0 0
0 0 0 0
0 0 0 0
0 0 0 0
0 0 0 0
0 0 0 0
0 0 0 0
0 0 0 0
0 0 0 0
0 0 0 0
0 0 0 0
0 0 0 0
0.150327 548435 0 10359.9
0.266421 751767 0 12052.2
0.400069 765219 0 11685.1
0.53327 790699 0 11749.7
0.667151 820947 0 12407.6
0.800333 823162 0 13432.6
0.933643 851612 0 17511.5
-0.908071 341844 0 12270.6
-0.80051 566585 0 18556.9
-0.666645 611128 0 19177.7
-0.532814 598158 0 17460.1
-0.399579 641030 0 18610.9
-0.267203 684890 0 19182.5
-0.132166 682249 0 19205
0.000251859 700815 0 18803.6
0.133755 714968 0 19278.3
0.26648 751447 0 19517
0.399305 781254 0 20488.2
0.533029 783741 0 20376.3
0.667688 816274 0 21920.4
0.800377 841036 0 23072.4
0.908092 519372 0 15665.7
-0.916693 425360 0 14362
-0.799923 576193 0 13511.7
-0.666355 604275 0 10509.4
-0.532279 626555 0 9185.65
-0.399233 632849 0 8420.51
-0.266382 660848 0 8073.49
-0.133879 681368 0 8025.9
0.000710774 698921 0 8491.13
0.133528 718219 0 10018.8
0.249161 562476 0 11116.6
0 0 0 0
0 0 0 0
0 0 0 0
0 0 0 0
0 0 0 0
0 0 0 0
0 0 0 0
0 0 0 0
0 0 0 0
0 0 0 0
0 0 0 0
0 0 0 0
0 0 0 0
0 0 0 0
0.282772 401768 0 7979.9
0.400333 545685 0 9279.69
0.53373 566164 0 9210.07
0.666688 576714 0 9324.31
0.800155 598774 0 9225.74
0.933604 612644 0 12203.4
-0.90811 248153 0 9386.44
-0.799727 409346 0 15091.8
-0.666439 420741 0 14965.7
-0.533268 437312 0 14420.4
-0.399844 453144 0 14873
-0.264849 470742 0 14928.6
-0.132529 489276 0 15841.2
0.000419361 512910 0 15892.9
0.1344 505240 0 15694.2
0.266867 539239 0 15957
0.399468 556805 0 16398.1
0.534508 565399 0 16386
0.666071 562018 0 17157.8
0.800027 611741 0 18944.1
0.908089 374062 0 11884.7
0 0 0 0
-0.782598 310084 0 10427.2
-0.665888 425957 0 10168
-0.532979 440255 0 8560.01
-0.398612 458506 0 7578.93
-0.26619 466472 0 6901.54
-0.133841 489777 0 6661.04
-0.000148126 511677 0 6627.85
0.133472 520164 0 6865.34
0.267831 551666 0 8234.81
0.349647 141507 0 4098.62
0 0 0 0
0 0 0 0
0 0 0 0
0 0 0 0
0 0 0 0
0 0 0 0
0 0 0 0
0 0 0 0
0 0 0 0
0 0 0 0
-0.0835961 131620 0 4412.19
-0.000659831 500006 0 9671.08
0.133542 521683 0 9008.89
0.267611 530722 0 8511.1
0.400428 546451 0 8417.36
0.533601 558227 0 8523.92
0.666946 580842 0 9195.38
0.800177 588185 0 10051.8
0.933622 605711 0 13152.9
-0.908896 240829 0 9044
-0.799966 414912 0 13851.4
-0.666898 432049 0 13678.1
-0.533036 436276 0 12875.1
-0.400685 460416 0 13458.8
-0.266273 469442 0 13169.1
-0.13251 487316 0 13801.7
6.92222e-05 499089 0 13786.7
0.132898 522065 0 14563.1
0.267862 541143 0 14449.9
0.399304 540227 0 14341.3
0.534811 564041 0 14670.8
0.667829 572211 0 15685.5
0.799691 584623 0 16472.5
0.907695 376814 0 11661.2
-0.916156 302441 0 9422.18
-0.800238 413812 0 9284.06
-0.6657 433647 0 7661.29
-0.532921 439818 0 6727.81
-0.399256 452693 0 6247.26
-0.266572 474370 0 6094.44
-0.132785 488002 0 6227.01
0.000396097 486560 0 6665.82
0.133898 520314 0 8178.23
0.216435 130434 0 3946.24
0 0 0 0
0 0 0 0
0 0 0 0
0 0 0 0
0 0 0 0
0 0 0 0
0 0 0 0
0 0 0 0
0 0 0 0
0 0 0 0
0 0 0 0
0 0 0 0
0 0 0 0
0.150638 528566 0 11198.5
0.267349 721925 0 13103.1
0.399556 736996 0 12590.4
0.533958 770803 0 12750.3
0.667438 787750 0 13121
0.800232 812776 0 13460.7
0.933695 839958 0 18780.2
-0.908845 339289 0 13912.3
-0.798717 562087 0 21628.4
-0.667799 576691 0 21213.7
-0.532593 608944 0 20712.8
-0.399148 609579 0 20790.5
-0.26625 644302 0 21159.5
-0.133604 655330 0 21954.2
0.000113918 684282 0 22037.9
0.13352 702110 0 22857.2
0.266878 734449 0 22985.9
0.400019 740032 0 23042.7
0.533842 771696 0 23369.5
0.667603 787528 0 24823.8
0.800503 818418 0 26336.2
0.908473 511364 0 17180.5
-0.916212 396555 0 16392.8
-0.799053 541043 0 16556.7
-0.665686 580598 0 13653.1
-0.532735 585507 0 11687.6
-0.399566 619540 0 10851.8
-0.265947 627661 0 10002
-0.13219 667264 0 9955.82
0.000613322 701515 0 10173.7
0.133845 729898 0 10845.3
0.266994 774107 0 12905.7
0.384218 634592 0 14574.7
0 0 0 0
0 0 0 0
0 0 0 0
0 0 0 0
0 0 0 0
0 0 0 0
0 0 0 0
0 0 0 0
0 0 0 0
-0.216022 88275.9 0 3977.83
-0.132924 412968 0 9942.91
0.000910388 408699 0 8737.5
0.132741 430969 0 8445.81
0.266095 440414 0 8269.27
0.400362 449826 0 8256.84
0.533849 463772 0 8461.92
0.667071 472639 0 8999.47
0.800502 479091 0 9963.48
0.933381 492536 0 13372.2
-0.908766 198954 0 8539.13
-0.799408 337052 0 12775
-0.666229 353048 0 12760.9
-0.532119 358753 0 12156.5
-0.399256 380347 0 12853.3
-0.266791 400495 0 12996.9
-0.133093 399209 0 13097.9
0.000398708 407562 0 12827.9
0.132232 431692 0 13665.6
0.266027 445907 0 13667.8
0.400044 455683 0 13929.2
0.534071 455781 0 13675.2
0.666533 483955 0 15047.4
0.80008 482186 0 15446.3
0.907973 302925 0 10762.1
-0.916421 257056 0 7879.88
-0.79938 347997 0 8508.48
-0.667269 357095 0 7258.08
-0.533865 371892 0 6639.47
-0.398854 383160 0 6364.76
-0.266881 397797 0 6343.22
-0.132966 393174 0 6396.14
5.71069e-05 405389 0 7009.83
0.132912 399868 0 8032.69
0.216815 99908.3 0 3798.91
0 0 0 0
0 0 0 0
0 0 0 0
0 0 0 0
0 0 0 0
