0.00225088 0.000128249
0.00461768 0.000875033
0.00253888 0.00292133
-0.012657 0.0116394
0.00440531 0.0162458
0.0530977 0.0482719
-0.0112072 0.0312745
-0.0714925 0.0768386
0.0131559 0.0194231
0.0348504 0.041341
0.00249924 0.000133292
0.00277395 0.000895491
0.00425223 0.00292849
-0.0230062 0.0109632
-0.0074158 0.0153479
0.0591712 0.0422037
0.00123515 0.0271944
-0.0634724 0.0621888
0.010318 0.0152104
0.0244041 0.0307312
0.0106207 0.000127637
-0.00155578 0.000255167
-0.0521576 0.000564058
-0.0488676 0.000828153
-0.00443436 0.00102301
0.0971044 0.00123633
0.317865 0.00145182
0.311495 0.00166121
0.0187733 0.00185203
-0.0697654 0.00199559
0.00326252 0.000100046
0.00527221 0.00026352
-0.000274053 0.000512975
0.0057894 0.000811342
0.0157211 0.00113615
0.0318095 0.00155125
0.00352921 0.00200739
-0.0962718 0.00262621
-0.0175698 0.00239373
0.076193 0.00310058
0.00444961 0.00020274
-0.00265584 0.00129649
-0.00544692 0.00421644
0.0399322 0.0157192
0.0523784 0.0215099
-0.146286 0.0594598
-0.117648 0.0376416
0.197032 0.0864174
0.0817217 0.0209294
-0.0892295 0.0423192
0.0130277 0.000158904
0.00462844 0.000290029
-0.0553817 0.00057051
-0.142684 0.000759987
0.0330072 0.000836464
0.45289 0.000894701
0.212622 0.000930097
-0.324202 0.000945531
-0.159025 0.000944079
0.0541478 0.000923003
0.00387734 0.000104574
0.00546701 0.000251883
0.0046328 0.000475248
0.046483 0.000689014
0.00748909 0.000891028
-0.166841 0.00111004
-0.0224049 0.001325
0.230258 0.00158987
0.0220079 0.00140222
-0.104995 0.00166468
0.00498039 0.000215262
-0.000482261 0.00140455
-0.00234878 0.00451518
0.00930025 0.0167926
0.0242059 0.0231491
-0.0285443 0.0634582
-0.0538573 0.0404875
0.0316395 0.092277
0.0421007 0.0224565
-0.0117436 0.0451795
0.0130784 0.000171735
-0.00188193 0.000396382
-0.0455799 0.000836545
-0.115441 0.00124294
-0.0703954 0.00162954
0.448231 0.00192285
0.752948 0.00215262
-0.249189 0.00227496
-1.13323 0.00228313
-0.565969 0.0021908
0.0038938 8.98576e-05
0.0111767 0.000211955
0.00554893 0.000374229
-0.00370861 0.000526385
0.00713868 0.000671537
0.00860198 0.000830003
-0.0204321 0.000969819
-0.0270378 0.00114876
0.0138674 0.00104805
0.0225379 0.00123324
0.00424661 0.000194566
0.00157618 0.00129693
0.00819361 0.00420394
-0.0323453 0.0159357
-0.0185554 0.0216502
0.12945 0.0606204
0.0184054 0.037931
-0.184507 0.0881529
-0.000262403 0.0210216
0.086804 0.0430575
0.0115668 0.000162995
-0.0138287 0.000412626
-0.0481931 0.000885783
-0.00849752 0.00138873
0.101574 0.00187638
0.106675 0.00220704
-0.0339098 0.00244614
-0.0676748 0.00256641
-0.033298 0.00257044
-0.0198198 0.00245196
0.00204056 4.67638e-05
0.00734421 0.000117906
0.00474325 0.000213565
-0.00686364 0.000303213
-0.000414355 0.000390161
0.0112354 0.000486773
-0.00469074 0.000579981
-0.0123124 0.000697323
0.00481117 0.000625701
0.00719 0.000744678
0.00276814 0.000112281
0.000262445 0.000745163
0.00706243 0.00237459
-0.0101929 0.00885365
-0.0362905 0.012038
0.0454508 0.0332094
0.0682041 0.0207381
-0.0685907 0.0477993
-0.0379061 0.0113129
0.0333423 0.0231227
0.00633837 8.31992e-05
-0.015915 0.000233722
-0.0350009 0.000507522
0.0489203 0.000839531
0.171773 0.001165
-0.0128663 0.00135036
-0.36984 0.00147382
-0.185139 0.00153078
0.210364 0.00152655
0.148524 0.0014549
0.00287459 0.000148492
0.00467295 0.00103881
0.00822456 0.00343307
0.010022 0.0134202
-0.0248806 0.0190796
-0.0402156 0.0553663
0.0403604 0.0363569
0.0671963 0.087989
-0.0131584 0.0222953
-0.0314172 0.0472274
0.00361855 0.000163338
0.000910637 0.00109998
-0.000149338 0.00346491
-0.00060501 0.0133331
0.0126112 0.0179383
-0.0253028 0.0507065
-0.0326931 0.0316812
0.0655051 0.0740401
0.0314791 0.0177304
-0.0426003 0.0363743
0.0134103 0.000132058
0.00235089 0.000237585
-0.0590989 0.000480452
-0.172194 0.000659268
-0.123208 0.000768266
0.80864 0.000870363
1.35417 0.000957821
-0.684193 0.00102934
-2.35631 0.00108462
-1.12786 0.00111567
0.00456776 0.000109739
0.00946844 0.000250851
0.00603237 0.000431241
0.0148283 0.000592855
-0.00861478 0.000753441
-0.0663618 0.000942779
0.0173326 0.00112272
0.104317 0.00136166
-0.00367548 0.00125399
-0.0486673 0.00149941
0.0046486 0.000222492
0.00114783 0.00152914
0.0154969 0.00490165
-0.0100483 0.0185744
-0.0522226 0.0255213
0.0160849 0.0708887
0.0618337 0.044984
0.00501327 0.103713
-0.0116159 0.0250619
-0.0147586 0.0509702
0.0154307 0.000182391
-0.00463068 0.000389622
-0.0515187 0.000782335
-0.0607512 0.00114246
-0.00297862 0.00145397
0.184992 0.00168468
0.213096 0.0018525
-0.0545661 0.00193648
-0.145707 0.00193905
-0.0365309 0.00187051
0.00501811 0.00018071
0.0146295 0.000683474
0.0127214 0.00188113
-0.00909485 0.00391495
-0.0698761 0.0061355
0.0318501 0.00835395
0.312599 0.0105964
-0.165431 0.0125494
-0.428815 0.0131018
0.324545 0.0122487
0.00593356 0.000262802
0.00265028 0.00174522
0.00435774 0.00556902
-0.0227247 0.0210551
-0.00139586 0.0285515
0.065701 0.0795434
-0.00974797 0.0500274
-0.0743652 0.115361
0.0182631 0.0278265
0.0284357 0.0563576
0.0153845 0.000214537
-0.00417891 0.000518091
-0.0444614 0.00115677
-0.112157 0.00183053
-0.0524861 0.00251748
0.397986 0.00316137
0.512889 0.00371162
-0.236885 0.00404148
-0.660378 0.00408502
-0.275151 0.00389123
0.00601638 0.000164446
0.0118741 0.000521166
-0.0105374 0.00127351
0.017141 0.00247104
0.0893963 0.00396932
-0.0695846 0.00564124
-0.173346 0.0077662
0.0872391 0.0102055
0.110359 0.0110659
-0.035476 0.0111085
0.0061345 0.000262023
-0.000183518 0.00172555
0.00265247 0.00550071
0.00887314 0.0207674
0.00748049 0.0279557
-0.0567268 0.0781661
-0.0277057 0.0485128
0.0979007 0.112808
0.0274736 0.0267357
-0.0496482 0.0547965
0.0143154 0.000250596
-0.00937093 0.000663756
-0.0219035 0.00150965
-0.0481988 0.00255848
-0.300453 0.00321445
-0.129384 0.00358225
1.08768 0.00390097
1.32998 0.00407885
0.0132171 0.00409644
-0.353858 0.00389724
0.002874 6.00081e-05
0.0104474 0.000146767
0.00658349 0.000262048
-0.00789523 0.000361044
-0.00602848 0.000454847
-0.0119145 0.000561519
-0.00219176 0.000666778
0.0353877 0.000803519
0.00726988 0.000737371
-0.0193882 0.000871938
0.00356771 0.000147892
0.000205643 0.000968886
0.00381001 0.00307299
-0.000761128 0.0115528
-0.0128724 0.01555
-0.00621357 0.0432189
0.0229245 0.0268265
0.0169783 0.0620945
-0.011209 0.0146593
-0.0105013 0.0300154
0.00745376 0.00012123
-0.0217558 0.000361129
-0.0339903 0.000841882
0.0963006 0.00151885
0.159185 0.00202948
-0.294588 0.00228139
-0.53994 0.00247641
0.467861 0.00258007
1.2218 0.00257989
0.566309 0.00244727
0.00355578 0.000122663
0.00365387 0.000378375
-0.00257949 0.000851906
0.00624125 0.0014134
0.0233469 0.00194345
0.0244642 0.00244581
-0.0203235 0.00293342
-0.0658762 0.00351654
0.00798886 0.0028391
0.0469727 0.00339709
0.00423223 0.000197146
0.00187898 0.00130682
-0.00324166 0.00415677
-0.020896 0.0155964
0.0354614 0.0215679
0.0516559 0.0589227
-0.0851561 0.0382135
-0.0411431 0.0860088
0.065983 0.021453
0.00709556 0.0423819
0.0139681 0.000180571
0.00030506 0.000366909
-0.0448984 0.000761848
-0.077819 0.00112674
-0.156079 0.00136787
0.1664 0.0015942
0.849199 0.00180989
0.326594 0.00198852
-0.797385 0.00211759
-0.555024 0.00215568
0.00482851 0.000129013
0.0128143 0.000302111
0.0152379 0.000519412
0.00646252 0.000728113
-0.0538287 0.000912944
-0.061961 0.00111344
0.107531 0.00127621
0.130872 0.00150537
-0.0593458 0.00142206
-0.0746051 0.00167564
0.00565336 0.00027031
-0.00232675 0.0018169
0.0134246 0.00597351
0.0295371 0.0220997
-0.0218644 0.0307349
-0.102613 0.0841143
-0.0142619 0.0536071
0.130515 0.122532
0.037752 0.0296279
-0.0552389 0.0599641
0.0167254 0.000240132
0.00574829 0.000541405
-0.0466234 0.00103817
-0.187501 0.00152224
-0.100663 0.00186498
0.604223 0.00207979
0.729423 0.00224039
-0.398257 0.00231275
-0.946617 0.00231051
-0.371977 0.00223665
0.00730286 0.000168812
0.0155315 0.000443736
-0.00701467 0.000892769
-0.00478522 0.00148676
0.05298 0.00221966
0.0351829 0.00321925
-0.0611923 0.00443555
-0.107661 0.00598472
0.0142115 0.00561643
0.0942449 0.00707986
0.00780409 0.000320163
0.00318999 0.00210488
-0.0111063 0.00666789
-0.0217652 0.0252101
0.0767639 0.0342601
0.0332318 0.095457
-0.1444 0.0598882
-0.00777111 0.138829
0.0944124 0.0331744
-0.00827758 0.0678927
0.0182887 0.000279739
-0.0039383 0.000711378
-0.0520891 0.00162716
-0.110618 0.00262205
-0.0600403 0.00361269
0.32539 0.00447476
0.523825 0.00522073
-0.0745933 0.00570154
-0.578222 0.00577789
-0.287719 0.00548194
0.00783536 0.000220812
0.0207471 0.000790367
-0.00947508 0.0022147
-0.0424182 0.0043531
0.087918 0.00679889
0.120939 0.00933163
-0.297618 0.0114799
-0.0972161 0.0130711
0.432234 0.0134863
-0.194114 0.0124652
0.00683641 0.000291764
0.00166652 0.00193187
0.00743841 0.00621338
-0.0292046 0.0233497
-0.0202826 0.0319222
0.111887 0.0885868
0.026511 0.055837
-0.153534 0.128863
-0.000882142 0.0309347
0.0697875 0.0630049
0.0168255 0.00024198
-0.0115517 0.00062393
-0.0703695 0.00151009
-0.130107 0.00249841
0.083596 0.0035503
0.66692 0.00461772
0.497029 0.00565248
-0.710354 0.00633955
-1.12835 0.00646856
-0.419918 0.00611692
0.00382833 8.26515e-05
0.0142729 0.000230176
0.00130208 0.000447735
-0.0485923 0.000736449
-0.000376173 0.0010262
0.159487 0.00135419
0.0309789 0.0016772
-0.248088 0.00214822
-0.0393781 0.00215497
0.145227 0.00265812
0.00442699 0.000171438
-0.00246418 0.001088
0.0011487 0.00351413
0.0187335 0.0129942
-0.00423617 0.0175634
-0.0527423 0.0484322
0.0133968 0.0301111
0.0614504 0.0692867
-0.00822264 0.0164061
-0.0256982 0.0333851
0.00792358 0.000135933
-0.0275471 0.000440062
-0.0322456 0.00101382
0.1517 0.00191701
0.200486 0.0026994
-0.46787 0.00311336
-0.763705 0.00344319
0.427145 0.00364103
1.14323 0.00366737
0.468553 0.00345252
0.00350044 0.000125561
0.00705967 0.000382207
0.00504348 0.000817059
-0.0104406 0.00132235
-0.00791081 0.00180134
0.0419039 0.00227886
0.0197849 0.00276656
-0.0433524 0.00334924
-0.00544543 0.00271473
0.017642 0.0032821
0.00432746 0.00020975
0.000617708 0.00138942
0.000456552 0.00442685
0.00395505 0.016856
0.0125151 0.022865
-0.0314747 0.0640733
-0.0405659 0.0403821
0.050213 0.0936214
0.0408647 0.022601
-0.0241063 0.0460514
0.0149597 0.000167023
0.00644082 0.000292014
-0.0584859 0.000580141
-0.153431 0.000751068
-0.0749789 0.000830775
0.478652 0.000903183
0.709133 0.000954477
-0.188306 0.000984958
-0.818603 0.000990005
-0.371729 0.000959826
0.00586853 0.000164834
0.012465 0.000432144
0.00307571 0.000812512
0.01411 0.00126296
0.0181428 0.00165133
-0.0352911 0.00206896
-0.0239123 0.00240321
0.0135164 0.00292993
0.0119501 0.00286959
0.0173292 0.00353664
0.00663909 0.00031075
-0.00140881 0.00200253
0.00188679 0.00658149
-0.0039694 0.0243077
0.0174532 0.0337161
0.0370067 0.0922959
-0.056904 0.059148
-0.0582882 0.134513
0.054079 0.0329458
0.026531 0.0660036
0.0181631 0.000262497
-0.000777499 0.000598346
-0.0446461 0.00115028
-0.10531 0.00171185
-0.140793 0.00215741
0.276975 0.00246177
0.758638 0.00268117
0.0538427 0.00278413
-0.845718 0.00278475
-0.479725 0.00268408
0.00773367 0.000244795
0.0250204 0.000937689
-0.00174324 0.00265727
-0.128131 0.00524715
0.101252 0.00829017
0.590417 0.0112801
-0.641771 0.0136218
-0.741656 0.0153612
1.29472 0.0157996
-0.473157 0.0146108
0.00805242 0.000336204
0.00476257 0.00220927
-0.00666394 0.00704541
-0.0341169 0.0266102
0.0696264 0.036292
0.0971096 0.100651
-0.142401 0.0636
-0.132706 0.14633
0.0956317 0.035243
0.0677469 0.0715622
0.0183217 0.000286466
0.000546131 0.000710852
-0.024469 0.00161597
-0.18615 0.00255833
-0.289171 0.00345818
0.584823 0.00431014
1.29516 0.00515911
-0.177987 0.00577608
-1.50858 0.00587824
-0.732128 0.00564795
0.00827721 0.000175253
0.017197 0.000427637
-0.0186586 0.000812405
0.0104847 0.00122728
0.17143 0.00155722
-0.0672611 0.00192479
-0.408491 0.00222086
0.171043 0.00270605
0.305191 0.00275371
-0.153931 0.00334797
0.00839478 0.000328292
0.00182849 0.00217703
-0.000432551 0.00684746
-0.0404233 0.0258411
0.00126624 0.0348427
0.192063 0.0971373
0.00922962 0.0603471
-0.303334 0.14027
-0.000798954 0.0331546
0.151004 0.0681376
0.018613 0.000254465
-0.0107561 0.000627654
-0.0972926 0.00144834
-0.0902599 0.00250304
0.302585 0.00370401
0.43859 0.00497351
-0.363992 0.00647073
-0.634143 0.00785648
0.0883417 0.00815068
0.239893 0.00793259
0.00477273 0.000101388
0.0145512 0.000306042
-0.00187044 0.000712934
-0.0207544 0.00134272
0.0238149 0.00218002
0.0292437 0.00320665
-0.0192658 0.00450141
-0.0440727 0.00597167
-0.0220648 0.00644654
0.0548388 0.00666312
0.004698 0.000179462
-0.000949646 0.00118125
0.00575564 0.00377785
0.0101661 0.0142183
-0.0101606 0.0189967
-0.024953 0.0532806
0.00604645 0.0325783
0.0168348 0.0763658
0.00254358 0.0177559
-0.00081177 0.0368105
0.00883796 0.00014785
-0.0253646 0.00046435
-0.0219356 0.00108843
0.101516 0.00203692
0.0239541 0.00286431
-0.388369 0.00329488
-0.142902 0.00361118
0.906072 0.003787
1.12364 0.00379324
0.395954 0.00357853
0.00323185 0.000133167
0.005654 0.000419184
0.00928009 0.000919628
0.00138562 0.00154652
-0.0270926 0.00214422
0.0370956 0.0027664
0.0575226 0.00341357
-0.0885027 0.00416261
-0.031201 0.00330246
0.0614472 0.00400814
0.00413186 0.000220577
-0.00211446 0.00147228
0.00191318 0.00474292
0.0310354 0.01807
0.0115982 0.0246043
-0.127069 0.0691278
-0.0324195 0.0433986
0.187487 0.101149
0.0299081 0.0242201
-0.0899246 0.0496989
0.0148394 0.000158231
0.00484312 0.000255953
-0.0546199 0.000487802
-0.136331 0.000605625
-0.0780953 0.00067073
0.436005 0.000733549
0.681086 0.000780257
-0.193741 0.000813684
-0.842405 0.000826345
-0.39048 0.00080818
0.00556804 0.00015823
0.0100495 0.000407915
0.00064733 0.000790847
0.0247444 0.00125778
0.0417497 0.00179715
-0.0331043 0.00250653
-0.0632941 0.00329023
-0.0204916 0.00432921
0.0313071 0.00387494
0.0463314 0.00506262
0.00761198 0.000336109
-0.00329898 0.00214856
-0.00742164 0.00691931
0.0382623 0.0256644
0.0564571 0.0351505
-0.141559 0.0964732
-0.119943 0.0611988
0.196084 0.139638
0.0861455 0.03385
-0.0912059 0.0681329
0.0186213 0.000258442
-0.000339646 0.000572126
-0.0532911 0.0012021
-0.0982488 0.00180695
-0.0277791 0.00237176
0.245874 0.0028927
0.313949 0.00336721
-0.051263 0.00368861
-0.310708 0.00373007
-0.156724 0.0036081
0.00895233 0.000238103
0.0205972 0.000740928
0.00225931 0.00175333
0.0152155 0.00338759
0.00213026 0.00547916
-0.127683 0.00786048
0.0118507 0.0108092
0.199157 0.0141331
-0.00781182 0.0151985
-0.0862173 0.0153415
0.00868226 0.000374387
0.00381208 0.00238548
-0.00274417 0.00798074
-0.0167156 0.0288851
0.041752 0.0409044
0.0243885 0.110123
-0.09376 0.0714879
-0.00469774 0.160848
0.074814 0.0396636
-0.0060349 0.0789543
0.0218526 0.000341111
0.00343847 0.00090247
-0.0771788 0.00200939
-0.222702 0.0031537
0.0440536 0.00429238
0.7865 0.00514887
0.453123 0.00585885
-0.752913 0.0062803
-0.799114 0.00632231
-0.173072 0.0060078
0.00930032 0.00025478
0.0186271 0.000857049
-0.010914 0.00232598
0.00908527 0.00469186
0.0922554 0.00755058
-0.0139889 0.0107979
-0.28942 0.0144658
-0.0101453 0.0173536
0.45285 0.0182239
-0.218534 0.0167609
0.00807622 0.000348767
-0.00132453 0.00240779
0.0186552 0.00750703
0.00551557 0.028723
-0.074846 0.038387
-0.0166251 0.107909
0.113346 0.0668105
0.0207415 0.15563
-0.0443093 0.03692
-0.00891762 0.0755954
0.0200829 0.000288568
-0.0112862 0.000714319
-0.0986604 0.00165583
-0.103508 0.00285825
0.282257 0.00418885
0.468173 0.00556628
-0.261544 0.00715867
-0.603319 0.00858946
-0.0396918 0.00886501
0.14728 0.00861334
0.00517669 0.000131779
0.0123066 0.000438869
-0.00244058 0.00120585
0.0210882 0.00246396
0.0113062 0.00396085
-0.149833 0.00569215
0.126529 0.00770571
0.180292 0.00928717
-0.34085 0.009746
0.156771 0.00897061
0.00541369 0.000206854
0.00017023 0.00134599
0.00688195 0.00428773
-0.00085644 0.0159993
-0.0248228 0.0214292
-0.000697298 0.0596819
0.0375921 0.036598
0.00343008 0.0853641
-0.0165002 0.0198831
-0.00322081 0.0410933
0.0100171 0.000170446
-0.0210769 0.000550446
-0.0565217 0.00132038
-0.0358823 0.00250641
0.283029 0.00357396
0.776067 0.00413631
0.00710566 0.00457719
-2.01645 0.00484394
-2.39289 0.00487538
-0.85675 0.00458089
0.00348685 0.000137643
0.0087875 0.000431292
0.0110898 0.000906468
-0.0301876 0.00150006
-0.0325301 0.00204209
0.144144 0.00258504
0.0645067 0.00313953
-0.226359 0.00380956
-0.03428 0.00310408
0.122217 0.00374907
0.00434732 0.000225864
0.000911488 0.00149963
0.00433967 0.00494309
-0.00898031 0.0183959
0.0109522 0.0257924
0.0362529 0.0705577
-0.0496441 0.0456293
-0.0615311 0.103665
0.0481659 0.0255097
0.0347826 0.0511506
0.0152058 0.000182407
0.00325106 0.000326321
-0.0483403 0.00060704
-0.12149 0.000816077
-0.107789 0.000925037
0.381797 0.0010096
0.700014 0.00106747
-0.14006 0.00109565
-0.820458 0.00109704
-0.385102 0.0010656
0.00663752 0.000206729
0.0171093 0.000615503
0.0132485 0.00130373
-0.0293635 0.00227468
-0.0991351 0.00335564
0.175103 0.00461714
0.36052 0.00612104
-0.455439 0.00806114
-0.357594 0.00809824
0.412433 0.00958234
0.00747096 0.00034658
-0.00422596 0.00238973
-0.000277613 0.00728965
0.0509136 0.0287814
0.0417496 0.0376626
-0.175057 0.108525
-0.109552 0.0661768
0.231769 0.157318
0.0865253 0.0367767
-0.105214 0.0767684
0.0186517 0.000296126
0.00187807 0.00068079
-0.010534 0.00141682
-0.150948 0.0020821
-0.409755 0.00267989
0.364974 0.0031779
1.53391 0.00361119
0.244404 0.00388018
-1.62026 0.00390398
-0.950183 0.00377113
0.0093194 0.000267208
0.0224569 0.000839586
0.0302866 0.00201686
0.0022546 0.00380394
-0.263549 0.00591397
-0.0219373 0.00828511
0.907925 0.0114363
-0.311682 0.0150235
-1.0274 0.0164884
0.697185 0.0162832
0.00958317 0.000396331
-3.41749e-05 0.00263497
-0.0123504 0.0083051
-0.012706 0.0318702
0.110656 0.042612
0.0376114 0.120661
-0.234125 0.0745433
-0.0347997 0.17522
0.158761 0.0413691
0.0102562 0.0856117
0.0217237 0.000342356
-0.00436607 0.000871083
-0.0664963 0.00196795
-0.130198 0.00310698
-0.0164765 0.00417629
0.378733 0.00509987
0.567023 0.00592927
-0.102155 0.0065074
-0.790073 0.0065607
-0.428505 0.00632562
0.0102327 0.000243179
0.027908 0.000731114
-0.0122156 0.00169877
-0.136411 0.00325585
0.0519141 0.00519811
0.588721 0.00739025
-0.128289 0.0101107
-0.905555 0.0131758
0.232858 0.0141756
0.309713 0.0142731
0.00945717 0.000377749
-0.000599186 0.00244205
-0.0174811 0.00791141
0.0113839 0.0293379
0.137479 0.0404969
-0.0522083 0.110862
-0.264887 0.0704277
0.068793 0.160669
0.161301 0.0388269
-0.0254041 0.078306
0.0215252 0.000320116
-0.0087044 0.000845956
-0.137209 0.00212159
-0.150856 0.00360575
0.56671 0.00515732
0.719163 0.00666618
-1.02745 0.00807383
-1.23488 0.00902872
0.675573 0.00918569
0.770975 0.00867538
0.00540523 0.000136405
0.0139111 0.00044566
0.00569749 0.00118672
-0.000973815 0.00245563
-0.05973 0.00402021
-0.00518622 0.00582289
0.283062 0.00805389
-0.148182 0.00989202
-0.363329 0.010447
0.292379 0.00960761
0.00584121 0.000218609
-0.000578434 0.00140963
0.00132765 0.00449519
0.00831853 0.0165737
0.00109266 0.0225456
-0.0308247 0.0614902
0.000328639 0.0386153
0.0358654 0.0878169
-0.000411663 0.0209999
-0.0122723 0.0422764
0.0093695 0.000167031
-0.0312263 0.000550805
-0.0239563 0.00130028
0.164398 0.00250583
0.0945023 0.00373244
-0.633378 0.00446521
-0.493067 0.00497871
1.02858 0.00527992
1.39675 0.00531535
0.449831 0.00497915
0.00303664 0.000101635
0.00437389 0.000303939
0.00290991 0.000647575
0.0164376 0.00105558
0.002988 0.00142935
-0.0484961 0.00179747
0.00440286 0.00217126
0.0742577 0.00262549
-0.00118787 0.00215695
-0.0370023 0.00259758
0.00375628 0.000170713
0.00060125 0.00112741
0.000667152 0.00366496
-0.00908666 0.0138189
0.0164758 0.0189537
0.0316629 0.0529183
-0.0485098 0.0333686
-0.043341 0.0775387
0.0428404 0.0186163
0.0213369 0.0381502
0.0130419 0.000138208
0.00432173 0.000266716
-0.0554443 0.000501908
-0.132974 0.000704047
-0.0193571 0.000842238
0.491927 0.000944101
0.556285 0.00101869
-0.38524 0.00105556
-0.867025 0.00105798
-0.350734 0.00102024
0.00599889 0.000192171
0.0144313 0.000715112
-0.00219443 0.00205709
-0.011939 0.00400851
0.0191893 0.00635826
-0.00265554 0.00874965
0.148555 0.0108008
-0.00819064 0.0123544
-0.511797 0.0127917
0.381293 0.0117924
0.00636617 0.000261601
0.000491783 0.00171331
-0.00980681 0.00547001
0.00954103 0.0206379
0.0810348 0.0283715
-0.0425623 0.0782295
-0.162573 0.0500506
0.0525072 0.114109
0.106865 0.0279042
-0.0204426 0.05602
0.0154106 0.000213877
0.00193156 0.000491749
-0.0210695 0.00106323
-0.104256 0.00169161
-0.224304 0.00230982
0.213836 0.00291769
0.880487 0.00352895
0.194218 0.00398938
-0.891532 0.00406137
-0.549401 0.0039237
0.00695032 0.000175703
0.0163174 0.000464819
0.0222965 0.000931509
-0.00618721 0.00147822
-0.176341 0.00197635
0.0771813 0.00255573
0.554894 0.0031521
-0.35096 0.00402887
-0.50133 0.00418198
0.388907 0.00506715
0.00708057 0.000299647
0.00108039 0.00195792
0.013365 0.00637502
-0.00167446 0.0236013
-0.0344528 0.0324951
-0.0511908 0.0891361
0.0231935 0.0565155
0.139698 0.12919
0.0124371 0.0311933
-0.0915383 0.0630087
0.016718 0.000227926
-0.00608695 0.000518271
-0.0325998 0.00108772
-0.0700174 0.00176897
-0.126424 0.00251231
0.148796 0.00330228
0.62878 0.00414836
0.173508 0.00497613
-0.667912 0.00504649
-0.430507 0.00515284
0.00871172 0.000180534
0.0178276 0.000502275
0.00342022 0.00112562
-0.0132506 0.00205716
-0.102668 0.00328507
0.0354673 0.00483238
0.39139 0.00682471
-0.211012 0.0090795
-0.414674 0.00982601
0.313322 0.0101765
0.00685861 0.00027875
0.000471333 0.00185122
0.00485449 0.00588368
0.00664749 0.0223403
0.00273093 0.0301092
-0.0574101 0.0843906
-0.0263275 0.0525669
0.111787 0.122332
0.0326172 0.0290997
-0.0625753 0.0596681
0.0160182 0.000234129
-0.0153744 0.000623478
-0.084425 0.00151706
0.0133454 0.00265787
0.344952 0.00387069
-0.0444389 0.00510616
-0.797565 0.00633675
-0.0559629 0.00720289
0.867833 0.00737071
0.4432 0.00696138
0.00505075 9.07851e-05
0.0122994 0.000248095
-0.00430838 0.000517363
-0.00069332 0.000891354
0.0359981 0.00137411
-0.0486755 0.00202087
-0.0756253 0.00284355
0.0887511 0.00383351
0.0515196 0.00391791
-0.0461657 0.00452877
0.00503654 0.000168418
0.00141891 0.0010988
-0.000877034 0.00342783
-0.0153153 0.0130181
0.00549259 0.0172415
0.053936 0.0484124
-0.000720526 0.0296858
-0.0796238 0.0692545
-0.00163134 0.0162217
0.040861 0.0333875
0.00748552 0.000122805
-0.0230456 0.000375058
-0.00532609 0.000963484
0.0521796 0.00171591
-0.0655242 0.00257148
0.000474629 0.00342976
0.412451 0.00414051
0.0318132 0.00459577
-0.712903 0.00468371
-0.431392 0.00437525
0.00269437 7.14921e-05
0.00479983 0.000197524
0.0005699 0.000392588
-0.00293533 0.000606773
0.00714084 0.000799904
0.0285086 0.000997528
0.00415226 0.00119131
-0.0400785 0.00143421
-0.00606695 0.00122127
0.0190913 0.00147136
0.00303711 0.000123627
-0.000926608 0.000835838
0.000378784 0.00267093
0.00907533 0.0102142
0.0247685 0.0138796
-0.045037 0.0389527
-0.0682269 0.0244779
0.0792671 0.0569185
0.0530104 0.0136611
-0.0433183 0.0279587
0.00999651 9.35901e-05
0.00085053 0.00015703
-0.0216016 0.000284687
-0.0608752 0.000368541
-0.152661 0.000410098
0.161126 0.000444952
0.693651 0.0004675
0.108089 0.000479587
-0.778875 0.000480884
-0.459224 0.000468278
0.00442417 0.000136243
0.00910924 0.000497475
0.0171214 0.00132671
0.0364973 0.00271842
-0.0907149 0.00432089
-0.154424 0.0060049
0.296451 0.00801464
0.138598 0.00992464
-0.373554 0.0105407
0.14205 0.00981907
0.00522878 0.000199159
-0.000304071 0.00131337
0.00550266 0.00420712
0.00471726 0.0158003
-0.0185701 0.0215713
-0.00882075 0.0598878
0.0242397 0.0377214
0.00221853 0.0871571
-0.000266532 0.0209055
0.0022543 0.0426471
0.0134897 0.000172277
-0.000509168 0.000415977
-0.039658 0.000873142
-0.088534 0.00130217
0.0163479 0.00169677
0.288387 0.00201731
0.124952 0.0022946
-0.265746 0.00246653
-0.162558 0.00247993
0.0190045 0.00239319
0.00616551 0.000156303
0.0142496 0.000542325
0.00032373 0.00141939
-0.0152852 0.00289322
0.0417757 0.00457561
0.0589 0.00632381
-0.219458 0.00841542
-0.0211302 0.0103996
0.36431 0.0110352
-0.204858 0.0103238
0.00573762 0.000216145
-0.00110885 0.00144322
0.013316 0.00465108
0.00562955 0.0173281
-0.0503572 0.0239676
-0.0028832 0.0655989
0.0667783 0.0420697
-0.0116088 0.0955516
-0.0174916 0.0233849
0.010901 0.0468581
0.0142311 0.00019606
-0.0072643 0.000505527
-0.0386607 0.00117534
-0.0341732 0.00195595
-0.0318616 0.00270391
0.0585648 0.00339801
0.348784 0.00411341
0.186065 0.00470047
-0.416147 0.00481184
-0.332703 0.00462166
0.00677302 0.000166617
0.0156043 0.000616176
0.0140255 0.00170709
-0.0151128 0.00331093
-0.107678 0.00518422
0.0907407 0.00692808
0.215935 0.00829941
-0.27617 0.00935559
0.038693 0.00964151
0.0442046 0.00892628
0.00637527 0.000216137
-0.00091614 0.00138012
0.00369962 0.00457281
0.0146591 0.0167332
-0.000554406 0.0232406
-0.0613853 0.0633776
-0.00612355 0.0403228
0.0886825 0.0918969
0.0118271 0.0221964
-0.0421558 0.044782
0.0135202 0.000185018
-0.00936294 0.00050755
-0.0288838 0.00123411
-0.068656 0.00209491
-0.147443 0.00300436
0.272977 0.00390789
0.938697 0.00478975
0.0336543 0.00540757
-1.31879 0.00553943
-0.778867 0.00520992
0.00420904 6.93303e-05
0.00996663 0.000182819
-0.000630485 0.000380292
-0.00208997 0.000660366
0.000672864 0.00101745
-0.0111335 0.00147625
0.030366 0.00206496
-0.0226557 0.0028118
-0.0498193 0.00303045
0.0578735 0.00345325
0.00428298 0.000128654
0.00158068 0.000846916
0.00128953 0.00264163
-0.0185293 0.00991314
-0.00615087 0.0132597
0.0647009 0.0367465
0.0159684 0.0227005
-0.0872044 0.0524327
-0.00963353 0.0123461
0.0400953 0.0252181
0.0065504 9.39155e-05
-0.0181745 0.000294662
-0.0163324 0.000768996
0.0337149 0.00137163
0.0109303 0.0021316
0.0712387 0.00278294
0.266905 0.00324337
-0.144033 0.00351686
-0.718298 0.00355853
-0.398094 0.00331256
0.00321315 8.97705e-05
0.005094 0.000254622
0.00143798 0.000511394
0.00959776 0.000791768
0.00782354 0.00103463
-0.0248896 0.00126275
0.000201364 0.00147046
0.0392735 0.00174199
-0.00209955 0.00150738
-0.0182811 0.0017939
0.00344708 0.000149599
-0.000524617 0.000996669
0.00528317 0.00327742
0.00973969 0.0121179
-0.00330713 0.0170897
-0.037959 0.0463566
-0.0145338 0.0301786
0.0585204 0.0680124
0.0230288 0.0168386
-0.0304961 0.0335194
0.0123263 0.00013185
0.00285461 0.000247518
-0.0485421 0.000488982
-0.105694 0.00065683
-0.00512154 0.000731587
0.383027 0.000796284
0.398087 0.000842493
-0.313025 0.000868183
-0.650422 0.00087099
-0.261178 0.00084245
0.00605749 0.000143055
0.0178302 0.000422015
0.00296949 0.000914311
-0.0662754 0.00159255
0.0300431 0.00238035
0.27312 0.00333996
-0.148173 0.0046155
-0.365282 0.00623247
0.211605 0.00691296
0.0719766 0.00757822
0.00619953 0.000232615
0.00199136 0.0015556
0.000920696 0.00492288
-0.0246593 0.0188746
0.0268956 0.02535
0.0766103 0.0715018
-0.0758139 0.0445375
-0.0915871 0.103989
0.0638763 0.0247894
0.0381398 0.0508984
0.0164323 0.000217872
-0.00291804 0.000558145
-0.0553994 0.00114082
-0.0449629 0.00175724
0.0503956 0.00228156
0.0840379 0.0026064
0.0936903 0.00286869
0.0369173 0.00300106
-0.150306 0.00300137
-0.119147 0.00287368
0.00781026 0.000193042
0.0151452 0.000665534
0.00948652 0.0017514
0.0431825 0.00352693
-0.0425112 0.00558481
-0.19191 0.00775406
0.168435 0.0103784
0.201608 0.0128596
-0.236022 0.0136469
0.0586211 0.0127585
0.00791016 0.000272562
-0.00087445 0.00180168
-0.0034338 0.00569728
0.0282616 0.0217428
0.043197 0.0291301
-0.141826 0.0819854
-0.0837251 0.0508556
0.234879 0.118615
0.0576749 0.0281496
-0.122831 0.0577611
0.0174032 0.000211511
-0.00221893 0.000491915
-0.043529 0.00102236
-0.116632 0.00165332
-0.0106997 0.00234787
0.36069 0.00310942
0.254138 0.0039629
-0.28466 0.00483124
-0.302062 0.0049523
-0.0450521 0.00508676
0.00953938 0.000209595
0.0195607 0.00075167
-0.0181827 0.00208966
-0.0387123 0.00398131
0.159252 0.00617886
0.174712 0.00825244
-0.637037 0.00990195
-0.136881 0.011156
0.997736 0.011484
-0.498906 0.0106297
0.00826199 0.000266924
-0.000366458 0.00174716
-0.00100013 0.00556928
0.00941749 0.0207951
0.0139287 0.0284565
-0.0346289 0.0783532
-0.0224671 0.0494732
0.0416981 0.113488
0.0212661 0.0272424
-0.0166697 0.0552832
0.0161345 0.00022567
-0.00913781 0.000637125
-0.0403431 0.00155318
-0.137183 0.00265528
-0.0460169 0.00383603
0.611992 0.00502203
0.640091 0.00618348
-0.601909 0.00698616
-1.07426 0.0071431
-0.374993 0.00670228
0.0055768 9.19551e-05
0.0135912 0.000270281
-0.00174735 0.000639762
-0.0139807 0.00121613
0.0143163 0.001982
0.0215741 0.00290899
-0.0432381 0.00413738
-0.0275057 0.00541848
0.0690398 0.00591797
-0.0204808 0.00569743
0.00528998 0.000150158
-0.00030245 0.000994586
0.00307729 0.00308963
0.00978589 0.0117897
-0.0120811 0.0155332
-0.0431796 0.0438712
0.0291156 0.0266536
0.0650214 0.0626656
-0.0182392 0.0145187
-0.0319968 0.0301377
0.00825705 0.000102989
-0.0242926 0.000301002
-0.0191499 0.000757659
0.0725973 0.00140204
0.0619703 0.00216755
-0.110597 0.00306523
-0.0869882 0.00401645
0.078545 0.00465641
0.0160787 0.00481448
-0.04411 0.00446695
0.00342776 0.000103011
0.00510329 0.000308431
0.00548209 0.000657851
0.0220783 0.00106784
-0.00939338 0.00143973
-0.0798719 0.0017951
0.0220003 0.00214195
0.119062 0.00256551
-0.00883269 0.00211276
-0.0552282 0.00252766
0.00400363 0.000166821
-0.00163171 0.00110106
0.000216917 0.00360366
0.0191128 0.0134328
0.0211961 0.0187543
-0.0591777 0.0515021
-0.056284 0.0331342
0.0735551 0.0756584
0.0474837 0.018521
-0.0323367 0.0373221
0.0134409 0.000127309
-0.00121203 0.000238964
-0.0460586 0.000431225
-0.0516421 0.000579713
-0.0471157 0.000688366
0.147962 0.000773163
0.431528 0.000834123
0.0435804 0.000864536
-0.512757 0.000866154
-0.300072 0.000843205
0.00605048 0.000162074
0.0147076 0.000521428
0.0052498 0.00127106
-0.0180151 0.0025317
0.0484443 0.00418506
0.0848585 0.0061144
-0.346693 0.00862601
0.0160346 0.0112741
0.622345 0.0122386
-0.403963 0.011735
0.00678012 0.000259701
-4.06723e-05 0.00172647
0.00393831 0.00556875
0.00367978 0.0207871
0.0189873 0.0285882
-0.0266127 0.0786056
-0.0704121 0.0499294
0.0419741 0.114129
0.0618749 0.0276559
-0.0202578 0.0557824
0.0164773 0.000207459
0.00225522 0.000466484
-0.0325804 0.000959657
-0.126506 0.0015369
-0.0893294 0.00215166
0.366398 0.00279379
0.405939 0.00347712
-0.253215 0.0041386
-0.391328 0.00419933
-0.0806144 0.00425768
0.00893378 0.000202139
0.0233775 0.000659166
0.00616932 0.00165375
-0.0391326 0.00322877
0.00620444 0.00518277
0.113058 0.00741562
-0.120119 0.0103356
-0.106641 0.0132468
0.247037 0.0143223
-0.10164 0.0135189
0.00841914 0.000298864
-9.79051e-05 0.00200656
0.00981824 0.00629941
-0.00628509 0.02419
-0.0201717 0.0322114
0.0185267 0.0910641
0.0167962 0.0561967
-0.00992875 0.131599
0.00829188 0.0310645
-0.00409134 0.0640134
0.0183279 0.000265412
-0.00917898 0.000706871
-0.00327891 0.0016172
-0.0217656 0.00271167
-0.363291 0.00376885
-0.101584 0.00478326
1.20748 0.0058508
0.700913 0.00670875
-1.13513 0.00686656
-0.850954 0.00656512
0.0114739 0.000204582
0.0192249 0.000619807
-0.0270694 0.0015646
-0.00709863 0.0029957
0.113481 0.00474001
0.0115812 0.00671983
-0.186329 0.00931892
-0.0404287 0.0118369
0.129178 0.0127371
0.0116235 0.0119698
0.00892099 0.000286295
-0.00259742 0.00186824
0.00279472 0.00607598
0.0358386 0.0222918
0.00892663 0.0309131
-0.148838 0.0841637
-0.0368727 0.053516
0.22433 0.121917
0.0398905 0.0294367
-0.111871 0.0594038
0.0180199 0.000250573
-0.015514 0.000715346
-0.0615673 0.00180609
-0.0514106 0.0031317
0.0571742 0.00450164
0.258087 0.00581204
0.326961 0.00702494
-0.176711 0.00788695
-0.612904 0.0080424
-0.295542 0.00755018
0.00641765 0.000122634
0.0150322 0.000420618
-0.00383809 0.00114324
-0.0205203 0.00221451
0.0179528 0.00346405
0.047588 0.00480944
-0.0761135 0.00607888
-0.0487419 0.00699093
0.16925 0.00722471
-0.0894375 0.00666179
0.00600284 0.000172751
0.00129476 0.00110874
0.0049596 0.00354298
-0.0189706 0.0131183
-0.019205 0.0176693
0.0676885 0.0486719
0.0331131 0.0301851
-0.0871667 0.0694133
-0.0165662 0.0163943
0.0369522 0.0333648
0.00882646 0.000130182
-0.0225126 0.000423317
-0.0134426 0.00110114
0.00880073 0.00199531
-0.037317 0.00309249
0.219463 0.00395864
0.491161 0.00457002
-0.294665 0.00495845
-1.04757 0.00502319
-0.518006 0.00467531
0.00379869 0.000114684
0.00631394 0.000341155
0.0174894 0.000704842
0.0295958 0.00114345
-0.0718042 0.00155143
-0.114034 0.00196244
0.131766 0.00237454
0.170667 0.0028682
-0.0676952 0.00235434
-0.0782828 0.00284079
0.00511744 0.000199625
0.00093766 0.00129266
0.00208936 0.00420213
-0.00873809 0.015675
-0.00821268 0.0215628
0.0351528 0.0597722
0.0155601 0.0377511
-0.0651137 0.0873223
0.00186251 0.0209535
0.0386395 0.042839
0.0149442 0.000138015
0.00521244 0.000256698
-0.0383095 0.000470972
-0.113846 0.000636269
-0.106333 0.000759406
0.302555 0.000854397
0.525173 0.000919372
-0.0988215 0.000952565
-0.529078 0.000954189
-0.228578 0.000934239
0.00791412 0.000175261
0.012641 0.0005028
-0.0117431 0.00107948
0.0804486 0.0018881
0.162316 0.00289976
-0.393446 0.00419547
-0.4732 0.00585027
0.762942 0.00785762
0.445153 0.00816647
-0.558262 0.00929135
0.00803157 0.000303907
0.00024439 0.00196709
0.00626791 0.00650057
0.00724706 0.0238664
0.00457274 0.0332337
-0.0393907 0.0907842
-0.0449919 0.0579813
0.0580209 0.132326
0.0519016 0.0321271
-0.0270338 0.0648516
0.019382 0.000255665
-0.00666794 0.000627123
-0.0485132 0.00135041
-0.0250415 0.00214189
0.039896 0.00293352
-0.0111556 0.00371958
-0.110856 0.00450897
0.0758975 0.00508364
0.281148 0.0051829
0.14666 0.00497881
0.010677 0.000211414
0.0221716 0.000590956
0.00711087 0.00130629
-0.0300348 0.00237291
-0.106911 0.00378647
0.146551 0.0055989
0.384732 0.00794281
-0.380788 0.0106076
-0.368032 0.0114953
0.351449 0.0119539
0.00858151 0.000323845
-0.00243157 0.00219448
0.0192261 0.0070312
0.0315547 0.0266073
-0.04238 0.0363888
-0.129583 0.10083
0.0357525 0.0637829
0.204249 0.146464
0.00433938 0.0353034
-0.105229 0.0714957
0.0206073 0.000311517
0.000754902 0.000889398
-0.0364983 0.00206278
-0.192153 0.00336029
-0.181503 0.00469038
0.587411 0.00576113
1.01541 0.00667803
-0.263784 0.00727753
-1.33387 0.00737139
-0.654722 0.00696612
0.0124616 0.000185028
0.0209232 0.000392822
-0.0181281 0.000697408
0.00583288 0.000947538
0.0636162 0.00110604
-0.0493589 0.00128793
-0.0733116 0.00140304
0.045177 0.00161616
0.0332647 0.00165826
-0.00103774 0.00193837
0.00992965 0.000333352
0.000888923 0.0022176
0.0111044 0.00707202
0.00755627 0.0264119
-0.0289828 0.0360762
-0.0595658 0.09918
0.0281826 0.0626804
0.101714 0.143197
0.0041659 0.03454
-0.0519946 0.0696361
0.0210707 0.000298725
-0.013005 0.000849548
-0.102396 0.00217125
-0.126897 0.00374612
0.372322 0.0053914
0.611829 0.00697046
-0.563784 0.00845991
-0.950523 0.00955479
0.229542 0.00979165
0.42284 0.00920296
0.00703233 0.000146556
0.0182857 0.000518801
0.00118893 0.00143023
-0.0361559 0.00273073
-0.0691763 0.00424098
0.0707858 0.00573412
0.395764 0.00697656
-0.208046 0.00790007
-0.65505 0.00814413
0.498791 0.00753527
0.00675758 0.00019877
-0.000250559 0.001296
0.00080533 0.00405238
0.000934831 0.0151556
-0.00327547 0.0203319
0.00830764 0.0561295
0.0154297 0.0347848
-0.0234894 0.0800457
-0.0109772 0.0188819
0.0147418 0.0384627
0.00944922 0.000150905
-0.0304126 0.000502688
-0.00718586 0.00128686
0.0901128 0.0023454
-0.0580192 0.00362749
-0.126531 0.00459899
0.317697 0.00529023
0.188222 0.00573812
-0.446979 0.00581707
-0.315786 0.00541907
0.00357573 8.99051e-05
0.00692847 0.000249972
-0.000235354 0.0004984
-0.00236057 0.000769607
0.0182883 0.0010144
0.0238733 0.00125459
-0.0219486 0.00148029
-0.0438155 0.00176602
0.0111623 0.00151196
0.0276865 0.00181109
0.00378443 0.000152529
0.000873464 0.0010126
0.00103049 0.0032711
-0.00419466 0.0123155
0.0167429 0.0169973
-0.0103291 0.0469084
-0.048381 0.0300761
0.0429828 0.0686267
0.0423239 0.016844
-0.0305703 0.0337909
0.0120528 0.000111776
7.62769e-05 0.000197913
-0.0363267 0.000343206
-0.0600563 0.000452166
-0.0302533 0.000517916
0.179683 0.000567902
0.253651 0.000598944
-0.0868382 0.000613802
-0.265291 0.000615556
-0.0987625 0.000605702
0.00600396 0.000127503
0.0113287 0.000317649
0.00252288 0.0005961
0.0164723 0.000939094
0.00248634 0.00129192
-0.0614078 0.00171839
0.0120027 0.00213045
0.0945253 0.00273551
-0.00793466 0.00270515
-0.0517792 0.00339876
0.00593721 0.000233616
0.0015603 0.00153374
0.00721954 0.00503448
-0.0207795 0.0187586
0.000804293 0.0258077
0.0903121 0.0715077
-0.034573 0.0449907
-0.143943 0.104161
0.0402207 0.0248623
0.0741633 0.0509302
0.0144349 0.000209019
-0.00459389 0.000538246
-0.0187974 0.00116318
-0.0351538 0.00180908
-0.121926 0.00242471
0.0123376 0.00297979
0.438872 0.00351561
0.263719 0.00389342
-0.400031 0.00395752
-0.327474 0.00378227
0.00917408 0.000197718
0.0145926 0.000610013
0.0105715 0.00151303
0.0436196 0.00289641
-0.120238 0.00460802
-0.16613 0.00658489
0.425548 0.00917604
0.0769586 0.0116856
-0.469033 0.0125674
0.203887 0.0118513
0.00775863 0.000279092
0.00220735 0.00184318
0.0102225 0.00598506
-0.04191 0.0223312
-0.0236484 0.0307963
0.17851 0.0848989
0.0201247 0.0537934
-0.261013 0.123643
0.00850377 0.0297264
0.120665 0.06046
0.0178618 0.000228986
-0.00989169 0.000577715
-0.0811701 0.00128588
-0.042286 0.00219936
0.380833 0.00323004
0.191128 0.00433758
-1.04226 0.005659
-0.561675 0.0069014
1.09937 0.00721466
0.791823 0.00702133
0.0108242 0.000135298
0.0225183 0.000284639
-0.0153132 0.000489363
-0.0610165 0.000701213
0.0167686 0.000927462
0.185853 0.00120272
0.0442661 0.00143444
-0.282449 0.00177339
-0.0524492 0.00167693
0.163467 0.00210233
0.00829227 0.000270739
-0.00350901 0.00178257
-0.00270916 0.00565182
0.0185943 0.0213786
0.0406598 0.0288162
-0.013999 0.0804612
-0.0875001 0.0501709
-0.0349971 0.116285
0.06373 0.0277283
0.0370232 0.0565923
0.0162695 0.000209412
-0.0221339 0.000528723
-0.0294085 0.00119618
0.0560597 0.00207843
-0.170977 0.00309871
-0.232986 0.0042298
0.879411 0.0056322
0.740767 0.00702526
-1.01293 0.00744201
-0.872435 0.00730152
0.00577993 7.93698e-05
0.0131814 0.000173809
0.00672533 0.000310548
0.000620802 0.000453053
-0.0575465 0.000583055
-0.0444142 0.000732525
0.147896 0.000847791
0.0301191 0.00103446
-0.111629 0.00103591
0.024061 0.00127265
0.00557828 0.000165834
-0.000490241 0.0010653
0.00295822 0.00337618
0.0157615 0.0125455
-0.015758 0.01681
-0.0696756 0.0465532
0.0341078 0.0286202
0.0977379 0.0663807
-0.0199403 0.0154819
-0.043317 0.0318658
0.00747831 9.59729e-05
-0.0235377 0.000266822
-0.0138884 0.000585977
0.0745335 0.00106236
0.0509744 0.00167657
-0.137941 0.00240182
-0.0955493 0.00328185
0.111013 0.0042417
0.0701347 0.00453423
-0.0139503 0.00459835
0.00310274 9.04158e-05
0.00714164 0.000256888
0.0106781 0.000516984
-0.00455459 0.000816297
-0.0521607 0.00109151
-0.00347425 0.0013717
0.109277 0.00164801
0.0367944 0.00198507
-0.0605617 0.00165825
-0.0242657 0.00200185
0.00427895 0.000163842
-0.000811714 0.00106193
-0.00224636 0.00340715
0.0163072 0.0127337
0.0172686 0.0174293
-0.0599571 0.048198
-0.0412574 0.0305146
0.0775147 0.0702
0.0369428 0.016959
-0.0325314 0.0344225
0.0119662 0.000132941
0.00224086 0.000260383
-0.0318106 0.000479462
-0.0871654 0.000680738
-0.0973776 0.000794877
0.277961 0.000876525
0.536375 0.000933528
-0.125032 0.000960182
-0.643703 0.000961027
-0.292559 0.000930983
0.00674299 0.000137047
0.0120433 0.000360063
-0.00183757 0.00071839
0.030496 0.00120197
0.0279602 0.00178466
-0.119077 0.00253266
-0.0367858 0.00340413
0.15368 0.00454613
0.0166354 0.0044968
-0.0598713 0.00553348
0.00656805 0.000243318
-0.000292358 0.00162277
0.00107822 0.00519164
-0.00837025 0.0195902
0.0253282 0.0268437
0.0452161 0.0743687
-0.0727544 0.0471538
-0.0640908 0.108398
0.0626614 0.0262233
0.0277347 0.0531418
0.015725 0.000203175
-0.00121307 0.000467849
-0.0290968 0.000974288
-0.0741641 0.00153344
-0.0945259 0.00207746
0.140276 0.00261344
0.428763 0.0031747
0.101609 0.00368887
-0.419755 0.00374163
-0.266895 0.00373225
0.00932174 0.00014987
0.019546 0.000347739
0.0109614 0.000658013
-0.0231567 0.00101225
-0.126363 0.00141143
0.118663 0.00192266
0.379697 0.00244869
-0.352448 0.00317092
-0.321553 0.00295877
0.320426 0.00378873
0.00812996 0.00028474
0.00320181 0.00190964
0.00325858 0.00599556
-0.0314888 0.0228768
-0.00388839 0.030701
0.100651 0.0863388
0.00924224 0.0534667
-0.125085 0.125011
0.00400407 0.0295101
0.0520996 0.0608625
0.016725 0.000258748
-0.0111411 0.000729731
-0.0362416 0.00172729
0.00052246 0.0029557
0.0292687 0.00410432
-0.0951183 0.00514087
-0.0642451 0.00617614
0.225059 0.00703475
0.192279 0.00717866
0.0100152 0.00684359
0.0108172 0.000193749
0.0195803 0.000551929
-0.00983859 0.00125505
-0.0114092 0.00223846
0.0223802 0.00345427
-0.0151096 0.00491032
-0.0272078 0.0068152
0.0490995 0.00890943
0.0253548 0.00971488
-0.0371585 0.00974449
0.00832904 0.000277281
0.00108467 0.00186309
0.00433038 0.005884
-0.0291485 0.0221745
0.00498535 0.0302437
0.14374 0.0833774
-0.0246272 0.0527911
-0.233418 0.120633
0.0280791 0.0291784
0.11904 0.0587866
0.0163059 0.000213297
-0.0211367 0.000550824
-0.0447853 0.00124584
0.0206851 0.00222262
0.0173751 0.00339155
-0.0201323 0.00467803
0.230887 0.00620428
0.14796 0.00769669
-0.309908 0.0080415
-0.22806 0.00791137
0.00604684 0.000119807
0.0127992 0.000391512
0.00751856 0.00100526
-0.00406988 0.00195263
-0.0954487 0.00302614
0.0076776 0.00417675
0.369592 0.00556004
-0.167663 0.00680587
-0.457895 0.00718961
0.340071 0.00671641
0.00589407 0.000171857
0.000610617 0.001113
0.00139147 0.0034849
-0.0155023 0.0129847
-0.00831804 0.0173684
0.0730846 0.0479
0.0201991 0.0296382
-0.121271 0.0681056
-0.0113175 0.016083
0.0639719 0.0326726
0.00774929 0.000107845
-0.0230748 0.000308363
-0.00830055 0.000751004
0.0571273 0.0014405
-0.0215864 0.00227087
-0.0754623 0.00318522
0.203202 0.00434743
0.131716 0.00540898
-0.32434 0.00572761
-0.242567 0.00541862
0.00391071 0.000120497
0.00734105 0.00034004
0.00165204 0.000672398
0.00271136 0.00102256
0.0220905 0.0013315
0.0113682 0.00163054
-0.0301416 0.00190281
-0.018999 0.00225733
0.018419 0.00196543
0.0134997 0.00234559
0.00544369 0.000225988
-0.000230595 0.00144348
-0.00929806 0.00473619
-0.00111155 0.0174563
0.0684092 0.0243341
0.0166321 0.0663644
-0.132174 0.042589
-0.0347979 0.0967971
0.0854225 0.023614
0.0200207 0.0474536
0.0156633 0.000184648
-0.000403091 0.000354126
-0.0478476 0.000656725
-0.0771607 0.000911732
-0.0846815 0.00104641
0.224255 0.00114557
0.568 0.00121649
0.00638589 0.00125002
-0.654221 0.00125098
-0.356611 0.001212
0.00801268 0.000253151
0.0174528 0.000948966
0.00446896 0.00269743
0.0157351 0.0054029
0.0131035 0.00855935
-0.104929 0.0118768
-0.0768614 0.0147729
0.231598 0.0169561
0.139227 0.0175472
-0.209964 0.0161611
0.00882427 0.000351682
0.00085786 0.00230791
-0.00259874 0.00744021
-0.0231244 0.0277582
0.0420669 0.0381825
0.131072 0.105074
-0.0877891 0.0666071
-0.233308 0.152587
0.0637341 0.0367975
0.129072 0.0744925
0.0201082 0.000310465
-0.00526932 0.000803827
-0.0696621 0.00172213
-0.04187 0.00265925
0.306279 0.00354383
0.0729442 0.0042969
-1.0154 0.00500612
-0.326112 0.00550578
1.22896 0.00558859
0.768062 0.00536453
0.0128446 0.000312407
0.0207165 0.00105197
-0.00638858 0.00280922
0.0501099 0.00559863
-0.0355257 0.00864831
-0.20729 0.0117338
0.33985 0.0151332
0.0835485 0.0181689
-0.537875 0.0190785
0.328028 0.0178409
0.0108671 0.000405781
0.0020104 0.00267516
-0.00467655 0.00848488
3.10267e-05 0.0323307
0.0505325 0.0435023
-0.0493828 0.122424
-0.0926079 0.0761095
0.124672 0.177783
0.0670694 0.0422084
-0.0817043 0.0868284
0.0232288 0.000359147
-0.0104895 0.000990542
-0.0880633 0.00231197
-0.0267473 0.00391054
0.383768 0.00544962
-0.0157175 0.00686267
-1.12314 0.00832523
-0.158777 0.00954925
1.29929 0.00978108
0.695881 0.00934664
0.0139876 0.000289398
0.0287284 0.000905342
-0.00728479 0.00218636
-0.0513126 0.00420576
-0.0509186 0.00655655
0.134496 0.0089954
0.216995 0.0119819
-0.264611 0.0152265
-0.195854 0.0161711
0.216053 0.0158498
0.0108246 0.000386426
0.00287577 0.00258535
0.00843055 0.00821555
-0.0388811 0.0308681
-0.0208507 0.0420038
0.170671 0.11656
0.0228314 0.0729087
-0.282926 0.16882
0.00612312 0.0401262
0.152882 0.0821852
0.0213874 0.000336994
-0.0176512 0.000927785
-0.0527149 0.00228708
-0.027775 0.00409783
-0.13049 0.00589345
-0.015171 0.00763729
1.00923 0.00964858
0.646049 0.0115145
-1.29983 0.0119712
-1.05797 0.0114552
0.00783426 0.000162444
0.0202505 0.000506802
0.0221237 0.00125514
-0.0532595 0.00240818
-0.267438 0.00377774
0.234872 0.00531188
0.960698 0.00726008
-0.717495 0.00907459
-1.08872 0.00967137
0.902996 0.00909561
0.00702734 0.00023374
-0.000469882 0.0015528
0.00744378 0.00488924
0.00539437 0.0184196
-0.00663939 0.0245332
-0.0261759 0.068449
-0.00817113 0.0418907
0.0397833 0.0975636
0.0110911 0.0227078
-0.0187796 0.0468162
0.0104348 0.00016932
-0.0316654 0.000559139
-0.0262953 0.00145555
0.0957622 0.00268596
0.0906394 0.00430113
-0.103418 0.00585097
-0.00419565 0.00702539
-0.0403158 0.00771596
-0.44142 0.00784956
-0.303692 0.00726432
0.00427231 0.000125967
0.00748864 0.000356368
0.0106264 0.000723953
0.0152098 0.00114748
-0.0467164 0.00154178
-0.0750771 0.00195279
0.101308 0.00237677
0.148628 0.00289074
-0.0539842 0.00239138
-0.0842597 0.00290451
0.0053087 0.000221313
-0.00139202 0.00142312
0.000450667 0.00467625
0.0190157 0.0174638
0.0185019 0.0239168
-0.0674311 0.0666363
-0.0565571 0.0419566
0.0922422 0.0973579
0.0525156 0.0233876
-0.0421404 0.0478317
0.0163725 0.00017006
0.000293819 0.000336608
-0.0657803 0.000607594
-0.08591 0.000835898
0.0795273 0.0010097
0.300798 0.00114493
0.0516816 0.00124264
-0.304297 0.00129135
-0.129193 0.00129363
0.0421277 0.00125739
0.00848762 0.000195069
0.0173526 0.000533279
-0.00256982 0.00107884
0.0280119 0.00178993
0.059388 0.00258576
-0.165001 0.00356666
-0.145842 0.00472274
0.322391 0.00626105
0.129715 0.00635114
-0.216199 0.00765542
0.00856531 0.000337603
0.00488804 0.00222511
0.0065529 0.00714585
-0.0583352 0.0268571
-0.00240502 0.0365233
0.188345 0.101455
-0.0244807 0.0637856
-0.233135 0.147187
0.0374728 0.0353436
0.0988621 0.0718934
0.0191659 0.000282531
-0.00556567 0.000704294
-0.0167799 0.00151973
-0.0468253 0.00244501
-0.239263 0.00336988
-0.0178482 0.00429632
0.778961 0.00524559
0.457064 0.00596135
-0.662861 0.00609245
-0.511275 0.00585618
0.0129899 0.000265101
0.0301557 0.000787689
-0.0181379 0.00182641
-0.0879687 0.00335923
0.0822867 0.00527321
0.300604 0.00753555
-0.158736 0.010454
-0.412892 0.0137225
0.160912 0.014878
0.136842 0.0150632
0.0102657 0.000385183
0.000573103 0.00260145
0.0125396 0.00820004
-0.0076375 0.0312781
-0.0214683 0.0421225
0.0320096 0.117685
0.00391262 0.073783
-0.0419332 0.17021
0.0247354 0.0409622
0.0179373 0.0829721
0.0226015 0.000345567
4.1645e-05 0.000932009
-0.0604157 0.00217529
-0.169376 0.00371805
0.107708 0.00526829
0.519779 0.00679266
-0.194659 0.00847654
-0.641561 0.00990742
0.256303 0.0101996
0.415314 0.00977466
0.0140515 0.000314087
0.0185038 0.00107911
-0.00204419 0.0028449
0.0152914 0.00550393
0.00998534 0.00830164
0.054961 0.010987
-0.314477 0.0135562
-0.0978636 0.0157235
0.79584 0.0163124
-0.455426 0.0152066
0.0105686 0.000378902
0.00205419 0.00251407
0.011062 0.00803183
-0.0071563 0.0302584
-0.00493778 0.0412752
-0.037751 0.114346
-0.0246228 0.0719608
0.11997 0.165777
0.036588 0.0396654
-0.0804367 0.080767
0.0222353 0.00034028
-0.0220957 0.000984377
-0.0725617 0.00246483
0.0136669 0.00439421
0.178269 0.006378
-0.0978203 0.00827841
-0.433211 0.0100796
0.158703 0.0114278
0.737498 0.0117177
0.365009 0.0110151
0.00885474 0.000125562
0.0167412 0.000264999
-0.00457746 0.00045487
-0.0155175 0.000620201
-0.00794587 0.000735923
0.0588254 0.000864617
0.0635822 0.00094333
-0.160745 0.00108638
-0.0591212 0.00108853
0.124935 0.00127763
0.00765662 0.000238389
-0.00155864 0.00154267
6.01165e-05 0.00493262
0.0106697 0.018248
0.0188156 0.0248141
-0.030649 0.0678957
-0.03378 0.042542
0.0385472 0.0970677
0.0180364 0.0231403
-0.0165524 0.0467394
0.0104205 0.000124913
-0.0301198 0.000315029
-0.0132885 0.0006535
0.0577395 0.00108751
0.0385594 0.0016418
-0.00165391 0.00239183
-0.0680566 0.00333861
-0.121219 0.00444456
0.0433652 0.00455106
0.0957745 0.00511749
0.00416117 0.000120798
0.0082594 0.00034762
-0.00344668 0.000717337
-0.000644666 0.00112744
0.0482111 0.00150715
0.0186136 0.00188677
-0.0806388 0.00226422
-0.0318461 0.00272855
0.0485302 0.00229057
0.0196399 0.00276166
0.00530968 0.000219327
-0.00179542 0.00144629
-0.00802913 0.00452426
0.0111287 0.0173453
0.0571977 0.023236
-0.0272493 0.065453
-0.110032 0.0407197
0.0295407 0.0949721
0.0729681 0.0226116
-0.0120254 0.046392
0.0148521 0.000163836
-0.000492515 0.000327967
-0.0554045 0.000646629
-0.0656576 0.000918924
0.04714 0.00115941
0.201698 0.00138001
0.104154 0.00158029
-0.136035 0.00173151
-0.158674 0.00173869
-0.0480352 0.00171181
0.00861506 0.000248281
0.0179453 0.000884238
0.00756411 0.00236926
0.0118716 0.00486574
-0.042149 0.00762169
-0.0844859 0.0104391
0.117803 0.0135489
0.146907 0.0163211
-0.0652383 0.017093
-0.0854855 0.015948
0.00857471 0.000335928
0.00523453 0.00229201
0.00380791 0.00713545
-0.0640554 0.027249
0.00899335 0.0370588
0.262232 0.102724
-0.0362065 0.0652569
-0.406085 0.149321
0.0415176 0.0363033
0.206666 0.0731106
0.020082 0.000318071
-0.00249279 0.000828002
-0.0116681 0.00184922
-0.0674139 0.00290838
-0.342505 0.00387161
0.00878477 0.00465816
1.13372 0.00538185
0.576858 0.00589855
-1.02675 0.00596386
-0.747662 0.00571624
0.0128218 0.000294418
0.0284235 0.000943587
0.0213104 0.00240664
-0.0177778 0.00466941
-0.308791 0.00733099
0.0142485 0.0103071
1.27215 0.0141286
-0.467153 0.0177519
-1.66562 0.0190268
1.15457 0.0177556
0.0102589 0.000389046
-0.00163384 0.0026335
0.010706 0.00835772
0.0259605 0.0317921
-0.00459448 0.0431118
-0.107778 0.120392
-0.0245231 0.0755285
0.154888 0.174824
0.0386243 0.0418945
-0.072307 0.0853788
0.022063 0.000376776
-0.010293 0.00114756
-0.0664802 0.00274368
-0.0727911 0.00455609
0.24695 0.00642757
0.221398 0.00781038
-0.77905 0.00893912
-0.4848 0.00970703
1.0315 0.00980168
0.795245 0.00924084
0.0157913 0.000304512
0.0285332 0.000973438
-0.0291718 0.00239163
-0.0737928 0.0046016
0.172486 0.00714768
0.241818 0.00972265
-0.582916 0.012799
-0.159306 0.0160394
0.727021 0.0168799
-0.295942 0.0163906
0.0120271 0.000396929
-0.00114072 0.00262179
-0.0017157 0.00833415
0.0221491 0.03137
0.0416903 0.0425352
-0.0791472 0.118224
-0.0905768 0.0739191
0.106897 0.171064
0.0690641 0.0407513
-0.0513082 0.0832875
0.0219675 0.000328257
-0.0207452 0.000909779
-0.0335893 0.00216158
-0.0422319 0.00396915
-0.196057 0.00596503
0.126509 0.00795431
0.937317 0.0102303
0.259533 0.0123903
-1.01928 0.0128391
-0.631123 0.0124013
0.00857906 0.000181069
0.0159559 0.000630026
0.00390465 0.00166145
-0.00274024 0.00321862
-0.00366348 0.00484785
0.00785061 0.00645532
-0.132764 0.00803952
0.014469 0.00938233
0.311295 0.00975815
-0.198903 0.00911745
0.00797182 0.000240813
-0.00102906 0.00158286
0.0117392 0.004957
0.00469399 0.0185784
-0.0576872 0.0246689
-0.0241363 0.0686615
0.0993608 0.0420002
0.0452068 0.0975996
-0.0512566 0.0227506
-0.0251497 0.0467773
0.0110185 0.000162573
-0.0268459 0.000487397
-0.0197352 0.00131345
-0.000177522 0.00255006
0.010729 0.00394501
0.281627 0.00556194
0.294925 0.00716206
-0.442379 0.00821085
-0.691764 0.00845107
-0.21984 0.00784008
0.00400182 0.000141444
0.00836733 0.000387575
0.00790261 0.000753139
0.00213724 0.00114699
-0.0271756 0.00149733
-0.0192398 0.00184695
0.0649628 0.00216958
0.0531893 0.00258392
-0.03728 0.00223047
-0.0318148 0.00267241
0.00470083 0.000246578
0.00119062 0.00165912
0.00077113 0.00533133
-0.0116048 0.0202609
0.0272995 0.0277046
0.0220613 0.0772287
-0.0721364 0.0488692
0.00172523 0.112829
0.0570376 0.0272502
-0.0155624 0.0554063
0.0147389 0.000224861
0.00876793 0.000473348
-0.042033 0.000896045
-0.165846 0.00128937
-0.114447 0.00152119
0.516317 0.00168249
0.724524 0.00180959
-0.312567 0.00187102
-0.923685 0.00187305
-0.388028 0.0018047
0.00890241 0.000272917
0.0228299 0.000884529
-0.00467397 0.00211639
-0.0303134 0.00403175
0.0988983 0.00638523
0.0366291 0.00898041
-0.346475 0.0121692
0.139141 0.0156481
0.414813 0.0166561
-0.309705 0.0166074
0.00781971 0.000401347
0.00607609 0.00270553
0.0215249 0.00877249
-0.0480925 0.0328744
-0.0675454 0.0450517
0.143939 0.124802
0.0822523 0.0786161
-0.184495 0.181258
-0.0198687 0.043485
0.0820754 0.0884647
0.020203 0.000377428
-0.00348082 0.00100916
-0.076374 0.00222963
-0.0497977 0.00345781
0.304294 0.00461144
0.0908302 0.00553477
-0.869032 0.00637012
-0.290555 0.0069383
0.982455 0.00699641
0.612207 0.00669314
0.0129173 0.000381846
0.0252912 0.00134251
-0.0100064 0.00364074
-0.00291545 0.00715268
0.0962107 0.0109333
-0.0853327 0.014663
-0.354746 0.0183141
0.315687 0.0214108
0.460717 0.0222533
-0.421228 0.0207426
0.010288 0.000480784
-0.00340106 0.00317765
0.00987714 0.0101445
0.0496858 0.0385652
0.0236734 0.0519578
-0.175495 0.145524
-0.102233 0.0906273
0.220056 0.210551
0.0901937 0.0500305
-0.091641 0.10246
0.0227449 0.000421041
-0.013047 0.00113927
-0.0615744 0.00263987
-0.0392927 0.0045475
0.112039 0.00652656
0.100336 0.00852418
-0.204677 0.0108254
-0.123235 0.0128531
0.271664 0.0133243
0.205477 0.0127455
0.0156642 0.000381713
0.0139704 0.00121938
-0.0381742 0.00304285
0.100445 0.00586071
0.243933 0.00898469
-0.445706 0.0120786
-0.721559 0.0157802
0.880013 0.0196438
0.756953 0.0206683
-0.77064 0.019903
0.0115215 0.000493792
-0.000515371 0.00321477
0.00736658 0.0103237
0.009134 0.0386357
-0.0176487 0.0522798
-0.0314688 0.145721
0.015252 0.0906171
0.0379397 0.210851
0.0133977 0.0499247
-0.0148214 0.102654
0.0224736 0.000408924
-0.0254952 0.00119052
-0.105039 0.00296714
0.0281886 0.00535274
0.525826 0.00793488
-0.0724229 0.0104823
-1.60144 0.0129264
-0.309139 0.0146897
2.06842 0.0150483
1.27568 0.0141227
0.00862484 0.000227083
0.0181921 0.00078103
0.00435634 0.00205738
-0.0114637 0.0039433
-0.0512995 0.00589657
-8.02618e-05 0.0078031
0.150514 0.00960824
-0.0520483 0.0111085
-0.143352 0.0115033
0.0982483 0.010754
0.00840324 0.000309359
-0.00104523 0.00196206
-0.00742631 0.00628209
-0.00620254 0.0230851
0.0320038 0.0311157
0.0461285 0.085707
-0.0338931 0.052648
-0.0746321 0.121978
0.00999008 0.0283583
0.0366444 0.0584038
0.00955459 0.000227322
-0.0332628 0.000810508
-0.00321984 0.0021404
0.155195 0.0039156
0.0678017 0.00616865
-0.778709 0.00783898
-0.958226 0.00902403
1.37967 0.00983563
2.98721 0.0100001
1.36652 0.00931212
0.00385136 0.000124792
0.00700683 0.000301909
0.00323295 0.00054421
-0.00401078 0.000775528
-0.00513098 0.000980076
0.0512522 0.0011991
0.0353689 0.00138364
-0.0942476 0.00163198
-0.0291151 0.00148877
0.0544958 0.00176487
0.00411409 0.000228857
-0.00078661 0.00159726
0.00422927 0.00496671
0.0104897 0.0193483
0.00752912 0.0259808
-0.0298758 0.0735584
-0.0405403 0.0460279
0.0259546 0.107473
0.0415741 0.025751
-0.00518984 0.0528273
0.012967 0.000208313
0.001352 0.000443197
-0.0318118 0.000851604
-0.0643688 0.00120095
-0.0735839 0.0014572
0.144157 0.00164131
0.337123 0.00180006
0.0235804 0.00188837
-0.288897 0.00189646
-0.1494 0.0018341
0.0080142 0.00028322
0.0159045 0.000964786
-0.0046375 0.00252914
0.0282317 0.00513236
0.08357 0.0081539
-0.115821 0.0112712
-0.245365 0.0150058
0.197152 0.0185289
0.274624 0.0196041
-0.210331 0.0183764
0.00774107 0.000396677
0.00551371 0.0026637
0.00368685 0.00847964
-0.0666039 0.0316128
0.00422708 0.0436959
0.237519 0.119204
-0.0142718 0.0762089
-0.318634 0.172816
0.0189503 0.042053
0.142523 0.0842727
0.0170221 0.000369567
-0.00751018 0.00102212
-0.033123 0.00234356
-0.00518141 0.00379341
0.000506628 0.00515527
-0.0937393 0.00632176
-0.0113219 0.00742299
0.223545 0.00824926
0.146018 0.00837099
-0.00251639 0.00798352
0.0120994 0.000349695
0.0240754 0.00111908
0.0265995 0.00289556
-0.00946651 0.00576653
-0.482163 0.00900404
0.0729138 0.0124555
2.03014 0.0167269
-0.902021 0.0206872
-2.58007 0.0219487
1.84937 0.0205489
0.00967042 0.000464966
-0.00404794 0.00310218
0.00858472 0.00978912
0.0535639 0.0374908
-0.0093175 0.0500922
-0.185658 0.141724
-0.00956829 0.0873274
0.244485 0.20545
0.0282054 0.0481944
-0.111967 0.100095
0.0192146 0.000425224
-0.00826974 0.00124487
-0.0321468 0.00299573
-0.0954358 0.00518016
-0.0169514 0.0072631
0.295298 0.00910187
0.124857 0.0109045
-0.269853 0.0124539
-0.080814 0.0127646
0.0818073 0.0121801
0.0138496 0.000324277
0.0152104 0.000917134
-0.029167 0.00201361
0.0497713 0.00354158
0.19436 0.00539037
-0.182212 0.00761739
-0.534676 0.0103854
0.325057 0.0134588
0.501247 0.0137392
-0.314546 0.0147138
0.0106911 0.000461375
-0.00185505 0.00296911
-0.0146688 0.00961245
0.0341641 0.0354606
0.0995103 0.0491279
-0.13719 0.13377
-0.171179 0.0854499
0.202083 0.193769
0.101713 0.0471296
-0.100355 0.0944331
0.019134 0.000380662
-0.0214141 0.00108569
-0.0515902 0.00268912
0.0398488 0.00484299
0.0171824 0.00717019
-0.240944 0.00961598
0.242815 0.0122851
0.618202 0.0143539
-0.227966 0.0148676
-0.414268 0.0139345
0.00922953 0.000204393
0.0147021 0.000602757
-0.0331852 0.00144365
0.010063 0.00263751
0.223533 0.00402872
-0.157991 0.00554951
-0.628853 0.00748684
0.476129 0.00952689
0.60791 0.0101762
-0.504483 0.00995617
0.00700544 0.000286205
0.000725555 0.00187283
-0.00110341 0.00588168
-0.00876378 0.0220735
0.0177849 0.0295143
0.0443874 0.0820996
-0.0319848 0.0505078
-0.0758829 0.117312
0.0193391 0.0274768
0.0393751 0.0564615
0.00819407 0.000192064
-0.0243564 0.000578708
0.019029 0.00141638
0.00622186 0.00268135
-0.238378 0.0040846
0.143533 0.00553424
0.945296 0.00733688
0.0610626 0.00919683
-1.20457 0.00978914
-0.669066 0.00945184
0.00242775 0.000108498
0.00595261 0.000284614
0.0103996 0.000517236
-0.00419644 0.000769959
-0.0365309 0.000995041
0.0221744 0.00123879
0.0715635 0.00146627
-0.0266951 0.00176613
-0.0399895 0.00157536
0.0131098 0.00189609
0.00318579 0.000209977
-0.000707312 0.00136147
0.00343315 0.00453358
-0.00269412 0.016663
0.00748946 0.0232692
0.0251961 0.0636531
-0.0397158 0.0406236
-0.0462561 0.0929741
0.0379142 0.0224782
0.0242373 0.0455836
0.00953526 0.000192035
0.00468882 0.000414472
-0.00608177 0.000803688
-0.104066 0.0011713
-0.28232 0.00138446
0.297965 0.00153096
1.166 0.0016547
0.0888349 0.00171981
-1.38447 0.00172829
-0.785976 0.00166407
0.00593539 0.000241021
0.0165828 0.000799453
0.0156283 0.0020031
-0.0494916 0.00404046
-0.216199 0.00638549
0.232571 0.00877806
0.858559 0.011673
-0.702076 0.0148566
-0.99648 0.0157761
0.864747 0.0153855
0.00616305 0.000351267
0.00100153 0.00233633
0.00348991 0.00737402
-0.00120284 0.0276788
-0.0143439 0.0377376
0.0102795 0.104295
0.0174779 0.0657079
-0.0327409 0.151269
0.00391036 0.0362688
0.0239762 0.0738211
0.0124844 0.000310072
-0.00920112 0.000826647
-0.01731 0.00183535
0.0171459 0.00306978
-0.0828639 0.00423392
-0.128098 0.00528112
0.314462 0.00641764
0.364852 0.00754563
-0.286992 0.00770878
-0.310773 0.0076229
0.00914478 0.000298893
0.0121392 0.000925537
-0.0148171 0.0022011
0.025969 0.00416321
0.129354 0.00653776
-0.150093 0.00913466
-0.48645 0.0123377
0.444039 0.015773
0.606884 0.0167127
-0.554073 0.0165283
0.00619574 0.000393064
0.00246005 0.00263977
0.024164 0.00862158
-0.0463079 0.0321976
-0.0914793 0.044415
0.20463 0.122558
0.136095 0.0776584
-0.315612 0.178445
-0.0563011 0.0429492
0.158418 0.0872243
0.0142692 0.000376468
-0.00588702 0.0010749
0.00814047 0.00253946
-0.0751436 0.00440908
-0.323025 0.00615144
0.206595 0.00772745
0.992342 0.00929852
0.079035 0.0106154
-0.91524 0.0108332
-0.434239 0.0103095
0.00983236 0.000324462
0.0123358 0.00110471
-0.0224121 0.00287434
0.00773166 0.00549891
0.157683 0.00812859
-0.0105466 0.0105096
-0.419426 0.0128664
0.0899539 0.0150792
0.401449 0.0155612
-0.204705 0.0147867
0.00738007 0.000390945
0.000604918 0.00268161
0.0072644 0.0083587
0.00823146 0.0319612
-0.00766368 0.0430935
-0.0338601 0.120437
2.3348e-05 0.0749765
0.0265467 0.174249
0.00951724 0.0411966
0.00115609 0.0847145
0.0134876 0.00035967
-0.0121863 0.00110348
-0.0116315 0.00280371
8.49815e-05 0.00499221
-0.21038 0.0072359
-0.156736 0.00924519
0.874675 0.0110422
0.744746 0.0124474
-0.895854 0.0127736
-0.824478 0.0119484
0.0054946 0.000189753
0.00792549 0.000642755
0.0268412 0.00159067
0.0175804 0.00314946
-0.255957 0.00484892
0.026861 0.00642524
0.802338 0.00819683
-0.404543 0.0100333
-0.815367 0.0104965
0.607888 0.0101096
0.00556481 0.000261086
-0.000782833 0.0017023
-5.26531e-05 0.00528437
0.0119321 0.0200252
0.0144136 0.0263772
-0.0592024 0.0738086
-0.0286776 0.0450632
0.0903277 0.104729
0.0161253 0.0244587
-0.0426883 0.0501471
0.00719695 0.000209184
-0.0266174 0.000756335
-0.0233088 0.00190471
0.14819 0.00406061
0.283734 0.00560436
-0.315838 0.00637039
-1.21816 0.00703505
-1.16172 0.00746228
-0.489634 0.00753015
-0.0920607 0.00705984
0.00241085 0.000110414
0.00534242 0.000299174
0.00909422 0.000559338
0.0133231 0.000830668
-0.0203054 0.00107249
-0.0624155 0.00132752
0.0206711 0.00157381
0.0991551 0.0018896
-0.00147847 0.00163981
-0.0481232 0.0019706
0.00285641 0.00020022
-0.000200611 0.00130949
0.00828407 0.00435294
0.000769774 0.0160587
-0.0318926 0.0225048
-0.00766179 0.0614634
0.0476039 0.0396082
0.023586 0.0900332
-0.0170082 0.0220457
-0.017547 0.044271
0.00930158 0.0001721
0.000380314 0.000355383
-0.0318175 0.000654459
-0.0563139 0.000905465
-0.00175056 0.001056
0.173133 0.00115563
0.186592 0.00123239
-0.0948716 0.00126815
-0.237462 0.00126869
-0.0974373 0.00123846
0.00551225 0.000261224
0.019655 0.00100575
0.0426221 0.00271191
-0.10536 0.00528102
-0.372518 0.0081627
0.516066 0.0108886
1.06986 0.0129545
-1.16039 0.0144933
-0.923954 0.0148518
0.933363 0.0137446
0.0057573 0.000341763
0.0020733 0.00229942
0.00627748 0.0072363
-0.0308632 0.0277015
-0.010745 0.0371539
0.138393 0.104544
-0.00247219 0.0649984
-0.207316 0.151558
0.0192292 0.0360234
0.0978341 0.0739509
0.0123318 0.000311294
-0.00303525 0.00081552
0.00498001 0.00183795
-0.0391264 0.00308056
-0.301438 0.0041939
-0.00970787 0.00518496
0.96905 0.00625781
0.457643 0.00729844
-0.905034 0.00744508
-0.629986 0.00729453
0.0094862 0.000335985
0.0196912 0.00116743
0.00844284 0.00308694
-0.0574081 0.00601031
-0.117976 0.00906184
0.242178 0.0121075
0.307079 0.0150977
-0.461419 0.0176203
-0.190448 0.0183274
0.268742 0.0171355
0.00782869 0.00042294
-0.00308392 0.0028073
-0.00233238 0.00876318
0.0355909 0.0336475
0.0347456 0.044793
-0.135454 0.126728
-0.0753668 0.0780699
0.190505 0.18337
0.0569817 0.0431335
-0.0884534 0.0892937
0.0142515 0.000342905
-0.0109975 0.000919508
-0.0146914 0.00199048
0.0041706 0.00343067
-0.0684562 0.00500206
-0.0944364 0.00666554
0.208916 0.00859824
0.286641 0.0106507
-0.140807 0.0108719
-0.19992 0.0111479
0.0114246 0.000314979
0.0154701 0.00092217
-0.00711746 0.00209093
-0.0024968 0.00370898
-0.0732373 0.00548332
0.00518769 0.00737028
0.332958 0.00970877
-0.151214 0.0123629
-0.369394 0.0129764
0.263583 0.0133659
0.00809916 0.000412469
-0.000225365 0.00278487
0.00373209 0.00870395
0.0119109 0.0330881
0.00626729 0.0447193
-0.0874928 0.124393
-0.0243016 0.0780209
0.169994 0.179911
0.026168 0.0431042
-0.094677 0.0876206
0.0149401 0.000341069
-0.00697696 0.000938347
-0.0415628 0.00227783
-0.0912529 0.00414042
-0.00371503 0.00617093
0.271421 0.00823419
0.405671 0.0107427
-0.0572014 0.0132218
-0.60375 0.0138328
-0.360428 0.0133464
0.00682508 0.000181872
0.0133205 0.000515491
0.00953076 0.00113078
-0.0348678 0.00201119
-0.15109 0.00302603
0.161456 0.00418292
0.484177 0.00558318
-0.412565 0.00717814
-0.454216 0.00742662
0.391422 0.00791654
0.00555148 0.000264941
0.000466169 0.00173383
0.00422534 0.00547316
-0.0150185 0.0206977
-7.98032e-05 0.0272832
0.0709334 0.0768646
-0.0110008 0.0465029
-0.112219 0.10939
0.00925244 0.0251952
0.0564739 0.0524172
0.00734025 0.000189257
-0.021225 0.000603254
-0.018515 0.00166193
0.0192616 0.00311644
0.141223 0.00474863
0.125086 0.00655413
-0.354389 0.00817697
-0.378885 0.00930255
0.228475 0.00957676
0.248326 0.00888403
0.00286377 9.77934e-05
0.00643639 0.000268946
-0.00320984 0.000537175
-0.0177634 0.000848022
0.0243273 0.00114319
0.0851582 0.00145371
-0.0227625 0.00176803
-0.129206 0.00215341
0.00685247 0.00181601
0.0659552 0.00220277
0.00330663 0.000178293
-0.000387088 0.00117335
-0.0041148 0.00377837
-0.00540969 0.0142261
0.0454715 0.0194568
0.042539 0.0539789
-0.102036 0.0340861
-0.0812414 0.0785371
0.0701893 0.0189273
0.0460491 0.0384342
0.00967245 0.000158024
-0.0010895 0.000329684
-0.0370435 0.000614742
-0.0175238 0.000882386
0.0769499 0.00102721
0.0147112 0.00112831
-0.206011 0.00120527
-0.0199446 0.00124158
0.328243 0.00124271
0.195774 0.00120121
0.00646554 0.000221107
0.0144476 0.000751934
-0.00798613 0.00198518
-0.0364844 0.00401738
0.0547893 0.00629689
0.139438 0.00866644
-0.177424 0.0114888
-0.152363 0.0141003
0.262878 0.0148909
-0.0784662 0.0138559
0.00641988 0.000311426
-0.00070445 0.00197412
-0.0147907 0.00645588
-0.00107788 0.0236391
0.0899042 0.033177
0.036077 0.0897167
-0.164647 0.058135
-0.0819679 0.130993
0.103274 0.0322959
0.0493398 0.0643541
0.0130851 0.000271478
0.00278574 0.000707579
-0.0297617 0.00154239
-0.082418 0.00256064
0.0456367 0.00351168
0.222546 0.00436399
-0.132342 0.00525376
-0.28504 0.00609401
0.182327 0.00614739
0.218025 0.0060475
0.00933187 0.00028593
0.0127775 0.000953161
-0.00835549 0.00244373
0.042033 0.00478787
0.0247782 0.00735183
-0.220629 0.00980043
-0.0251739 0.012597
0.343362 0.0154905
-0.00843069 0.0162696
-0.142893 0.0156116
0.0071866 0.000361669
-0.00331173 0.00231383
-0.00263671 0.00763338
0.0481559 0.02819
0.0360281 0.0391393
-0.185141 0.107302
-0.0606204 0.0683067
0.265641 0.156217
0.0393712 0.037742
-0.126505 0.0763426
0.0145172 0.000296541
-0.00899791 0.000757401
-0.0119379 0.00162965
-0.0112024 0.00278164
-0.175043 0.00404848
-0.0881163 0.00541662
0.623079 0.00700199
0.467508 0.00870237
-0.579946 0.00893642
-0.499936 0.00925213
0.012177 0.000263415
0.0157143 0.00069854
-0.0411985 0.00145001
0.00349586 0.00240847
0.180394 0.0034604
-0.122434 0.0046808
-0.38846 0.00610912
0.351379 0.00783557
0.318524 0.00771147
-0.30811 0.00885527
0.00825707 0.000378726
-0.00221058 0.00252465
0.00266621 0.00789872
0.0334096 0.0298517
-0.0144744 0.0401906
-0.137122 0.112246
0.0230088 0.0696907
0.210145 0.162325
0.00142933 0.0383947
-0.107106 0.0790201
0.0143117 0.000311965
-0.0100559 0.000885738
-0.040158 0.0021553
-0.0590915 0.00396674
0.0267866 0.00593305
0.20747 0.00790922
0.235088 0.0103253
-0.0959304 0.0127701
-0.387635 0.0134299
-0.211397 0.0129353
0.00669887 0.000170245
0.0115305 0.000491952
0.00903454 0.00110213
-0.00897052 0.00194003
-0.127091 0.00286112
0.0526335 0.00386593
0.416195 0.00512515
-0.252646 0.00658019
-0.417558 0.00700183
0.325412 0.00727479
0.0055031 0.000242207
0.00336781 0.00157657
0.00650379 0.00500798
-0.0287505 0.0186803
-0.0247374 0.0251285
0.0749641 0.0696231
0.0407906 0.0429669
-0.0760683 0.0996344
-0.0202104 0.0232984
0.0253189 0.047961
0.00706376 0.00018056
-0.0220823 0.000635219
-0.00415063 0.00166282
0.044973 0.00310208
0.0237624 0.0049091
-0.0173294 0.00634794
-0.145669 0.0073664
-0.0986873 0.00803545
0.296659 0.00815857
0.262656 0.00757015
0.00376308 0.000100302
0.00702373 0.000269977
-0.000753294 0.00053216
-0.00357747 0.000820025
0.0161668 0.00109027
0.0311827 0.00137815
-0.0106787 0.00166633
-0.0489041 0.00201985
0.00123001 0.00170148
0.0245944 0.00206485
0.00384037 0.00017214
-0.00121127 0.00113816
0.00109594 0.00369463
0.013517 0.0139601
0.0236263 0.0191475
-0.0444212 0.0532039
-0.0666042 0.0338068
0.0651658 0.0777142
0.0537489 0.0188857
-0.0356886 0.0381743
0.0114695 0.000154403
0.00368126 0.000349017
-0.023363 0.000684827
-0.0881609 0.000983137
-0.122736 0.00123481
0.223733 0.00143119
0.557536 0.00160783
0.00628978 0.00171666
-0.610819 0.00173525
-0.334739 0.00167394
0.00780257 0.000203429
0.0132058 0.000631987
-0.000944239 0.00149361
0.0388461 0.00281427
0.045202 0.00446025
-0.176371 0.00634993
-0.158634 0.00874198
0.314929 0.011412
0.187684 0.012273
-0.240369 0.0123773
0.0076 0.000309075
0.000307146 0.00206863
0.0122975 0.00654589
-0.00134554 0.0248715
-0.0514147 0.0334157
-0.0232721 0.0938536
0.0757253 0.0582161
0.063622 0.135961
-0.0233812 0.0321618
-0.0399703 0.0662607
0.0170895 0.000260498
-0.00754846 0.000647989
-0.0513416 0.00137872
-0.0110377 0.00223119
0.120658 0.00309029
0.0152914 0.00395427
-0.247637 0.00490287
-0.0667885 0.00580545
0.250347 0.00592689
0.157395 0.00591561
0.0130768 0.000293672
0.0171574 0.000947654
-0.0329366 0.00238127
0.0433144 0.00457957
0.2244 0.00707588
-0.292831 0.00951638
-0.693685 0.0123737
0.758193 0.0153157
0.755473 0.0160482
-0.768025 0.0154718
0.00855665 0.000358527
-0.00464831 0.00235811
0.0144329 0.00776588
0.0344842 0.0288477
-0.0272675 0.0399617
-0.0696035 0.110147
0.019808 0.0697502
0.0303671 0.160626
0.0104936 0.0385147
0.0121703 0.0785502
0.0197538 0.000329883
-0.0123973 0.000932179
-0.0711417 0.0022368
-0.0230596 0.00388094
0.242729 0.00557067
0.10173 0.00723841
-0.526643 0.00915192
-0.249218 0.0108522
0.474584 0.0112896
0.307756 0.0107521
0.0149389 0.000268749
0.0172304 0.000714377
-0.0311924 0.00150728
-0.0116026 0.00254231
0.129232 0.00377589
0.0872175 0.00530175
-0.279673 0.00724735
-0.144852 0.00955385
0.243422 0.010111
0.0159438 0.0110536
0.010625 0.000392947
-0.00452462 0.00251452
-0.00200856 0.00820212
0.0195879 0.030386
0.0271676 0.0417694
-0.0167171 0.115136
-0.0380767 0.0725486
-0.0170962 0.167068
0.0272134 0.0399395
0.0204811 0.0814244
0.0190772 0.0002704
-0.02095 0.000656924
-0.0407495 0.0013424
0.000554734 0.00221633
-0.0204974 0.00328858
-0.0196172 0.00463929
0.321359 0.0062835
0.248377 0.00814003
-0.376836 0.00840589
-0.325153 0.00915262
0.00930007 0.000155189
0.0160609 0.000383992
-0.0109042 0.000735713
-0.0381454 0.00117783
0.00980259 0.00168624
0.161913 0.00234065
0.0452168 0.00310154
-0.310419 0.00408045
-0.0626639 0.00400081
0.201149 0.00484078
0.00767192 0.000256509
-0.00120972 0.00169288
-0.00127752 0.00519293
0.0076137 0.019924
0.0158681 0.0258872
-0.0195311 0.0734998
-0.0281447 0.0442457
0.0190582 0.104328
0.0168995 0.0240604
-0.00590126 0.049973
0.00961376 0.000173037
-0.0327181 0.000557566
-0.0285907 0.0014528
0.160832 0.00282953
0.220868 0.00444871
-0.54905 0.00623222
-0.877818 0.00801629
0.570359 0.00928287
1.37196 0.00962528
0.528004 0.00893866
0.00305047 0.000104632
0.00422987 0.000268251
0.00820154 0.000498172
0.0391395 0.000732353
-0.0129259 0.000945492
-0.137196 0.001177
0.0226821 0.00139646
0.202501 0.00168822
-0.00800885 0.00151592
-0.100189 0.00183136
0.00423319 0.000205306
-0.000569411 0.00140022
0.0050046 0.00440969
0.00886916 0.0166988
-0.00827869 0.0227518
-0.0385772 0.0629873
-0.00395338 0.0397935
0.0525906 0.0913911
0.0163219 0.0220308
-0.0211594 0.0446322
0.0114679 0.000171724
-0.000640539 0.000348028
-0.0155649 0.000619633
-0.0330934 0.000853021
-0.163272 0.000988387
0.0183878 0.00108211
0.585161 0.00114967
0.263158 0.0011804
-0.548636 0.00118183
-0.37896 0.00115729
0.00869197 0.000284172
0.0206421 0.00104574
0.00385142 0.00291692
-0.0289394 0.00559931
-0.0465987 0.00875665
0.0816313 0.0116422
0.191289 0.0138678
-0.180137 0.0155682
-0.208296 0.0159978
0.187973 0.0147964
0.0080653 0.000367932
0.00103362 0.00231972
-0.0148388 0.00768197
-0.0224845 0.0284116
0.108721 0.0392796
0.096184 0.108379
-0.199338 0.0685295
-0.141712 0.15796
0.122397 0.0379004
0.0675881 0.0772583
0.0173722 0.000313362
-0.00183986 0.000796208
-0.0394504 0.00172266
-0.0649942 0.00286345
0.000661402 0.0040213
0.118025 0.00517305
0.128922 0.00647583
0.0105087 0.00779113
-0.1216 0.00797425
-0.0813563 0.00799423
0.0130063 0.000289352
0.0229113 0.000793246
-0.0201851 0.0016594
0.00656676 0.00284733
0.145814 0.00431341
-0.186727 0.00619067
-0.472788 0.0085607
0.535034 0.0113196
0.49788 0.0116314
-0.508256 0.0129592
0.00951094 0.000432999
0.000446525 0.00281857
0.00635891 0.00922933
-0.000177058 0.0345694
0.0127886 0.0472345
-0.00176435 0.131431
-0.0488211 0.0824491
-0.012265 0.191019
0.0473564 0.0456033
0.0153228 0.0932621
0.0187638 0.00034846
-0.0149881 0.000884205
-0.0101376 0.00188046
0.0469231 0.00318631
-0.255132 0.00462642
-0.40962 0.00620075
0.880482 0.00802865
1.0835 0.00999629
-0.801424 0.010291
-0.889501 0.0106658
0.0163857 0.000329664
0.0145341 0.000885684
-0.0403338 0.00190703
-0.00785593 0.0032301
0.141007 0.00477286
0.132996 0.00661622
-0.22989 0.00893239
-0.253579 0.011608
0.166306 0.0122473
0.0944767 0.013131
0.0108532 0.000458981
0.00139698 0.00297239
0.00221047 0.00971944
0.0199563 0.0357558
0.0363262 0.0498718
-0.127365 0.135388
-0.0936129 0.0869342
0.214011 0.196767
0.0742107 0.0479686
-0.10727 0.0961317
0.0202215 0.000396939
-0.0179035 0.0011348
-0.0448311 0.00275927
-0.0349473 0.00505022
-0.0425224 0.00737736
0.0805948 0.00957512
0.48981 0.0120638
0.213674 0.0144292
-0.618103 0.0149531
-0.458405 0.0143065
0.00989525 0.000172984
0.0180052 0.000417191
-0.0162311 0.00078892
-0.0584589 0.00124725
0.0337829 0.00179165
0.203963 0.00252333
-0.0143147 0.00339318
-0.298096 0.00451594
-0.00355612 0.0043557
0.145004 0.00534673
0.00786671 0.00029698
0.00272699 0.00192831
0.00624557 0.00605048
-0.00846216 0.0225524
-0.0191868 0.0300905
-0.0312071 0.0831138
0.0194661 0.0512969
0.103519 0.118057
-0.00281693 0.0278447
-0.069801 0.0566275
0.00965844 0.000194614
-0.0270541 0.000603068
-0.0128854 0.00158314
0.0534623 0.00310704
0.0131269 0.00490983
-0.043195 0.00697591
0.116568 0.00923598
0.0500213 0.0108599
-0.23457 0.011274
-0.157349 0.010428
0.00321114 0.000104497
0.0044675 0.000260833
-0.000355557 0.000482882
0.023069 0.000706107
0.031036 0.000924619
-0.0558851 0.00117572
-0.0577079 0.00142233
0.0604017 0.00174472
0.0372604 0.00155427
-0.0223033 0.00190658
0.00411359 0.000207987
0.00169882 0.00138587
-0.00632822 0.00431608
-0.0243492 0.0166741
0.0543985 0.0223356
0.0893832 0.0628432
-0.112231 0.0394051
-0.121051 0.0912567
0.0742549 0.0219772
0.0552678 0.0446639
0.0114083 0.000165423
0.00364326 0.000339277
-0.0371546 0.000690202
-0.0786151 0.000994909
-0.00764902 0.00125612
0.198684 0.00148669
0.21137 0.00169578
-0.0790916 0.00185608
-0.245885 0.00186372
-0.113013 0.00183959
0.00709986 0.00023418
0.0150982 0.000747431
0.0238664 0.00178129
0.0153121 0.0034004
-0.172061 0.00536818
-0.0273492 0.00758258
0.527429 0.0103159
-0.14223 0.0132647
-0.515024 0.0140677
0.291377 0.0140484
0.00664092 0.000341201
0.00560374 0.00230403
0.0130816 0.00738366
-0.0548404 0.028169
-0.0239407 0.0381775
0.164904 0.10715
0.00957859 0.0669612
-0.194341 0.155916
0.0161139 0.0371341
0.0807375 0.0762025
0.0165085 0.000328294
-0.00611563 0.000919637
-0.0673623 0.00207758
0.0359247 0.00327829
0.367075 0.00441163
-0.245777 0.00531348
-1.21112 0.00613796
0.0412768 0.0067267
1.42292 0.00680207
0.697699 0.00648939
0.0123434 0.000348615
0.0262569 0.00116844
-0.00533096 0.00293454
-0.126355 0.00569801
-0.00658652 0.0087196
0.538414 0.0115796
-0.0452642 0.014769
-0.798443 0.0179924
0.194918 0.0187954
0.245131 0.0181146
0.00919975 0.000434875
-0.00228424 0.00285439
0.00869942 0.00931578
0.0187286 0.0346537
-0.00646675 0.0476876
-0.0927612 0.131632
-0.0201908 0.0832634
0.172535 0.191526
0.0367395 0.0461442
-0.0993742 0.0937042
0.0192425 0.000417416
-0.0173211 0.00131049
-0.0698011 0.00317487
0.0758307 0.00533621
0.417772 0.00760267
-0.32694 0.0092228
-1.70801 0.0105338
-0.123458 0.0114479
2.45742 0.0115726
1.50365 0.0108968
0.0142225 0.00036735
0.0239889 0.00121525
-0.00427725 0.00295642
-0.0740208 0.0056247
-0.0426118 0.00851658
0.29954 0.0111227
0.114157 0.0139527
-0.497694 0.0170673
-0.057535 0.0173689
0.259897 0.0173496
0.0100158 0.000437492
0.00177433 0.00293767
0.00938397 0.00936029
-0.0430198 0.0353173
0.00402163 0.0480473
0.186646 0.132981
-0.044416 0.0838585
-0.281415 0.19225
0.0481 0.0463737
0.136358 0.0936007
0.0195766 0.000387045
-0.015588 0.00112081
-0.063789 0.00274941
-0.0622943 0.00507345
0.145848 0.00749967
0.293344 0.00980666
-0.129615 0.0124043
-0.432747 0.0148758
0.0431046 0.0153999
0.218639 0.0147602
0.00925712 0.000186835
0.0130524 0.000475631
0.000699864 0.000920024
-0.0101244 0.00149481
-0.0516375 0.0021558
0.0850372 0.00300869
0.1555 0.00401747
-0.235666 0.00527094
-0.128692 0.00507463
0.184287 0.00609414
0.00769351 0.00030181
0.00344625 0.00197017
0.0060921 0.00624644
-0.0315224 0.0233509
-0.0227065 0.0312133
0.123013 0.0869251
0.0420213 0.0531701
-0.187854 0.124073
-0.0232509 0.0287651
0.0937531 0.0595724
0.00938792 0.00021115
-0.0305425 0.000679203
0.00436982 0.00178435
0.085504 0.00339127
-0.113657 0.00519592
-0.1762 0.00718884
0.47041 0.00906905
0.353594 0.0103388
-0.600709 0.010619
-0.478755 0.00984698
0.00294121 0.000104945
0.00718442 0.000284715
0.0077441 0.00055946
0.00680337 0.000858054
-0.0211667 0.00113453
-0.0426951 0.0014252
0.0387996 0.00171439
0.0775649 0.0020688
-0.0183629 0.00175192
-0.040264 0.0021154
0.00367188 0.000192833
0.0021548 0.00125914
-8.46152e-05 0.00411036
-0.03908 0.0153573
0.00729347 0.0212819
0.149296 0.0589005
-0.0116632 0.0373827
-0.212331 0.0864278
0.0120924 0.0207445
0.101543 0.0425023
0.00994339 0.000174874
0.0036422 0.000403946
-0.010317 0.000799803
-0.0673095 0.00116382
-0.162396 0.00145921
0.139064 0.00167195
0.547544 0.00185809
0.0776197 0.00196591
-0.501945 0.00197319
-0.2706 0.0019006
0.00790483 0.000229112
0.0153923 0.000711869
-0.0129926 0.00166979
-0.00300574 0.00312605
0.15734 0.00495211
0.0226296 0.00706072
-0.489533 0.00969743
0.0529011 0.0125719
0.5163 0.0133964
-0.236498 0.013469
0.00691488 0.000337896
0.00450736 0.0022571
-0.00117709 0.00717464
-0.0633721 0.0273476
0.0351091 0.0369855
0.252922 0.103859
-0.080229 0.0648017
-0.376852 0.151163
0.0623235 0.0359583
0.186824 0.0739478
0.0158665 0.000320358
-0.00644022 0.00090301
-0.0496072 0.00207095
-0.00549423 0.00329335
0.146561 0.00445506
-0.029679 0.0053576
-0.376919 0.00617077
-0.0230444 0.00676247
0.423757 0.00683671
0.220694 0.00652226
0.0127408 0.000276635
0.0195719 0.000728402
-0.0165562 0.00152405
-0.0226264 0.00260409
0.0115756 0.00394428
0.119111 0.00567668
0.0905817 0.00785305
-0.280159 0.0103887
-0.112759 0.010678
0.210867 0.0119312
0.00950793 0.000416471
-0.00163997 0.00276537
-0.00895177 0.00875706
0.0251395 0.0335726
0.0824159 0.0449564
-0.098805 0.127112
-0.154987 0.0786717
0.154898 0.184369
0.0982054 0.0436503
-0.0817122 0.0899602
0.018605 0.000338494
-0.0130557 0.000875275
-0.0713581 0.00189123
-0.00966657 0.00317786
0.295372 0.00459307
0.0602714 0.00612702
-0.694589 0.00793629
-0.26838 0.00987112
0.632773 0.0102083
0.399667 0.0105177
0.0133476 0.000313064
0.0131353 0.000887632
4.60872e-05 0.00186281
0.0376352 0.00313655
-0.032155 0.00451467
-0.104996 0.00609284
0.0495539 0.00796007
0.0812768 0.0101412
-0.0106872 0.00981833
-0.0137602 0.0111289
0.00977033 0.000426333
-0.00546068 0.00280148
0.00504967 0.00915208
0.0804569 0.0340187
0.0179225 0.0468889
-0.287454 0.128927
-0.0473219 0.0817161
0.381475 0.18702
0.0380474 0.04513
-0.171285 0.0911991
0.0180652 0.000382164
-0.0246207 0.00119597
-0.067595 0.00304592
0.0636275 0.00537637
0.419276 0.00783877
-0.181671 0.0101209
-1.52497 0.0121828
-0.263177 0.0137065
2.02658 0.0140091
1.26271 0.0131095
0.00961479 0.00019794
0.0106395 0.0005488
-0.0179094 0.0011551
0.0407179 0.00192427
0.0927877 0.0027642
-0.205776 0.00373683
-0.226253 0.00488643
0.356337 0.00621833
0.184504 0.00600504
-0.22777 0.00681403
0.00752919 0.000287205
0.0021378 0.00189188
-0.00245686 0.00589151
0.00785082 0.0222498
0.0237397 0.0295072
-0.0696803 0.0823877
-0.0358984 0.0503818
0.128027 0.117249
0.0171568 0.0273169
-0.0719171 0.0562185
0.00929061 0.000192837
-0.0241386 0.000603217
-0.0307451 0.00154446
0.0277438 0.00300019
0.229299 0.00473652
0.10067 0.00656382
-0.67595 0.00866008
-0.470795 0.0104628
0.702199 0.010919
0.588292 0.0102764
0.00315652 9.59726e-05
0.00554192 0.000243813
0.00397366 0.000459957
0.0138246 0.000684282
-0.00233434 0.000900921
-0.0485365 0.00115145
0.00749597 0.00142003
0.0778514 0.00175716
-0.000711977 0.00150381
-0.0406242 0.00184331
0.00367041 0.000179775
0.000890429 0.00118847
0.00145532 0.00380824
-0.00108989 0.0145854
0.0048708 0.0195685
-0.0121013 0.0555738
-0.0175014 0.0344075
0.0324962 0.0810262
0.0205483 0.0191929
-0.0214191 0.0397133
0.0106031 0.000142979
-0.00139913 0.000286362
-0.0242231 0.000540286
-0.026235 0.000741121
-0.0567297 0.000897022
0.0434898 0.001026
0.250551 0.00112964
0.0810073 0.00119789
-0.223087 0.00120019
-0.13984 0.00118422
0.00712315 0.000223893
0.017856 0.000725974
0.0248665 0.00175041
-0.0555741 0.00337352
-0.214082 0.0052219
0.339023 0.00720225
0.693054 0.00972989
-0.846054 0.012542
-0.687651 0.0135535
0.753783 0.0133102
0.00682444 0.000321164
0.000683052 0.00214384
0.0162498 0.00684454
0.00866469 0.0259645
-0.0613597 0.0351306
-0.0671159 0.0982793
0.0936607 0.0612916
0.126824 0.142595
-0.0377872 0.0337909
-0.0694067 0.0694889
0.0150397 0.000303745
-0.00141789 0.000886688
-0.0282191 0.00205418
-0.0164031 0.00332709
0.0186436 0.00451861
-0.113361 0.00542958
-0.0972186 0.00622567
0.239833 0.00682248
0.244733 0.00689745
0.0400816 0.00658678
0.0119662 0.000271238
0.0217857 0.000758573
-0.0035733 0.00161329
-0.0440527 0.00278172
-0.0190663 0.00415768
0.141196 0.00582434
0.0424318 0.00791982
-0.194761 0.0103649
0.00560462 0.0108336
0.0691533 0.0117767
0.00896762 0.000389168
0.0023894 0.00261832
0.0103921 0.00819175
-0.0493652 0.0317225
-0.0193444 0.0418944
0.202203 0.119354
0.0132197 0.0732151
-0.284312 0.172324
0.0104144 0.0405309
0.129949 0.0837774
0.016916 0.000334404
-0.0128695 0.000935413
-0.0167502 0.00209779
-0.00583228 0.00368052
-0.101352 0.00533059
-0.066744 0.0069539
0.346556 0.00880431
0.306998 0.0107625
-0.288434 0.0109791
-0.280206 0.0110774
0.0135674 0.00024442
0.0132429 0.00053904
-0.00509718 0.000954982
0.00751718 0.00142114
-0.0614993 0.00193296
0.0149951 0.00260423
0.182465 0.00330331
-0.0902542 0.00428133
-0.128764 0.00397149
0.0812439 0.00505762
0.00955356 0.000409161
0.00279678 0.00261964
0.00889371 0.00869238
-0.0253074 0.0318064
-0.00682308 0.0441049
0.08651 0.120714
-0.0156809 0.0762594
-0.121644 0.175135
0.0283544 0.0418444
0.0587079 0.0852992
0.0165342 0.000319621
-0.0228 0.000881908
-0.0249455 0.00203605
0.0385531 0.00363665
-0.0398279 0.00544094
-0.165512 0.0073692
0.254896 0.0097186
0.400842 0.0120505
-0.243265 0.012685
-0.305426 0.0123813
0.00903465 0.000179114
0.0111312 0.000459721
-0.00808142 0.000898718
0.0123198 0.00143664
0.0257286 0.00203216
-0.0642739 0.00277624
-0.0578642 0.00365399
0.110073 0.0047678
0.0524535 0.0047576
-0.0732812 0.00561114
0.00781499 0.000286695
-0.00282301 0.0018676
-0.00185075 0.00575728
0.0238439 0.0219074
0.0107726 0.0285862
-0.0741486 0.0807341
-0.0118893 0.0486462
0.094307 0.114484
0.00480594 0.0263329
-0.0426589 0.0547538
0.00860699 0.000187522
-0.0239328 0.000596681
-0.00749131 0.00155306
0.0250447 0.00302914
0.0727375 0.00478181
0.0536112 0.00676771
-0.304258 0.00890244
-0.234329 0.0104394
0.447793 0.0108314
0.383115 0.0100211
0.00322893 7.73766e-05
0.0068083 0.000205053
0.00643563 0.000399037
0.00274246 0.000616215
-0.0275503 0.000826186
-0.0198293 0.00105859
0.064973 0.00129271
0.0453401 0.00157517
-0.0385979 0.00132154
-0.0260207 0.00161264
0.00368384 0.000139794
0.00154136 0.000927235
0.0030608 0.00297544
-0.0101765 0.0111873
-0.00170457 0.0153419
0.0181924 0.0424309
-0.00981321 0.0269197
-0.00765565 0.0618092
0.0173294 0.0149512
-0.00158818 0.0302787
0.0104125 0.000127367
0.00245746 0.00030171
-0.0339243 0.00060571
-0.0567598 0.000883685
0.0357163 0.00112054
0.135521 0.00129376
-0.0121609 0.00144736
-0.101842 0.00153927
0.0303765 0.00154776
0.0504622 0.00149
0.00804366 0.000170162
0.0156701 0.000501317
0.00491763 0.00114722
0.000807045 0.00209903
-0.0461837 0.0032787
-0.0279667 0.00468628
0.133901 0.00652169
0.022772 0.00858781
-0.103967 0.00935948
0.0166733 0.00945971
0.00732863 0.00026108
-0.00219877 0.00167349
0.00308718 0.00546795
0.00801777 0.0202729
-0.006091 0.0278016
-0.00145835 0.0767648
0.00446028 0.048394
-0.022698 0.111438
0.0112969 0.0267395
0.0192967 0.0544002
0.0145468 0.000231766
-0.00915015 0.000646086
-0.0193703 0.00146464
0.0338832 0.00250745
-0.0648681 0.00348325
-0.213851 0.0043408
0.195767 0.00524927
0.415182 0.00614411
-0.113229 0.00623543
-0.221016 0.00612036
0.0119128 0.000195282
0.0159432 0.000469585
-0.00586118 0.00087552
0.036581 0.00136654
0.0178216 0.00194124
-0.189934 0.00270888
-0.0581948 0.00360889
0.321156 0.00480542
0.0693994 0.00472842
-0.193915 0.00581069
0.00903308 0.000320892
0.004288 0.00208064
0.00370509 0.00671704
-0.0586028 0.0252311
0.00515397 0.0341793
0.213665 0.0955704
-0.0177892 0.0593651
-0.281673 0.138537
0.0233755 0.0327106
0.12275 0.0674653
0.0162515 0.000254281
-0.0133786 0.00068888
-0.0147912 0.00155636
0.0313 0.00269289
-0.10264 0.00400521
-0.247792 0.00548685
0.288907 0.00737036
0.541654 0.00923413
-0.151339 0.00989084
-0.292863 0.00959552
0.0134807 0.000215764
0.0141506 0.000489851
-0.00753876 0.00086849
0.0133297 0.00128674
-0.00803351 0.00172627
-0.0373429 0.00229177
0.0238314 0.0028701
0.0183944 0.00368236
-0.00694754 0.00348322
0.0040684 0.00437001
0.00932622 0.000337996
0.000367366 0.00223847
0.00503343 0.00714549
-0.0180776 0.0268999
0.00747589 0.036491
0.0759335 0.101289
-0.0197875 0.0634075
-0.103222 0.146228
0.0193679 0.0349046
0.0439537 0.0710036
0.0155305 0.000255158
-0.0114016 0.000671506
0.000395802 0.00152779
-0.126616 0.00272292
-0.282153 0.00415265
0.448291 0.0057878
1.11884 0.00787877
-0.150791 0.0101113
-1.27204 0.0108796
-0.599163 0.0108153
0.00837304 0.000153964
0.0128021 0.000419687
-0.00500013 0.000850284
-0.023029 0.00140428
0.0125506 0.00202384
0.0730303 0.00278532
-0.0447905 0.00368771
-0.077057 0.00474352
0.0588394 0.00454895
0.000525201 0.00526874
0.00749401 0.00023836
0.00105936 0.00151788
-0.00648802 0.00484238
-0.0137367 0.0177901
0.0349891 0.0241424
0.0377415 0.0659197
-0.0522366 0.0410736
-0.0323287 0.093914
0.0253369 0.0222048
0.0063727 0.0450646
0.00817196 0.000154924
-0.02263 0.000489773
-0.0141703 0.00128377
0.031701 0.00248301
0.111764 0.0038936
0.010406 0.0055216
-0.350113 0.00725945
-0.165177 0.0084785
0.415853 0.00877642
0.304366 0.00812865
0.002914 7.38524e-05
0.00424276 0.000192203
0.00569763 0.000368792
0.0242064 0.000560708
-0.00685065 0.000739526
-0.0725918 0.000935487
0.00676936 0.00113554
0.0855566 0.00138152
0.000655036 0.00117291
-0.0333331 0.00142199
0.00344006 0.000133834
6.31655e-05 0.000865795
-0.00197484 0.00285127
-0.00129163 0.0105592
0.0223223 0.014697
0.00625019 0.0403413
-0.0423082 0.0257618
-0.0110227 0.0589526
0.0296524 0.0142994
0.00589101 0.0289164
0.00921617 0.000115148
0.0013579 0.000258813
-0.0233452 0.000522753
-0.0421259 0.000761507
-0.0160682 0.000962131
0.0873423 0.00113228
0.125308 0.00128976
-0.00597678 0.00140852
-0.116576 0.00141537
-0.0626054 0.00138764
0.0080097 0.000164222
0.0166277 0.000481204
-0.00690733 0.00109243
-0.0368938 0.0019967
0.0448806 0.00313454
0.132724 0.00450222
-0.144185 0.00624808
-0.138127 0.00818233
0.199128 0.00881888
-0.0517375 0.00895571
0.00634097 0.000241061
0.0020094 0.00159981
0.00901821 0.0052035
-0.0280836 0.019436
-0.0126967 0.026751
0.104323 0.0738972
-0.00200181 0.0466636
-0.147737 0.10751
0.0182847 0.025765
0.0701013 0.0525149
0.0138472 0.00020131
-0.00279378 0.000506272
-0.0270437 0.00106801
-0.0373943 0.00173809
0.0124454 0.00246122
0.0588024 0.00325451
0.00530597 0.00420245
-0.0183319 0.00518557
0.0250566 0.00542565
0.0236122 0.00549921
0.0122413 0.000214492
0.0142139 0.000565792
-0.0136904 0.00120127
0.026181 0.00200442
-0.00952961 0.00295379
-0.105688 0.00412509
0.151009 0.00563549
0.0700487 0.00743409
-0.199535 0.00800579
0.080294 0.00865177
0.0082602 0.000304526
-0.000794407 0.00197139
0.00594689 0.00655654
0.0107441 0.024081
0.0162605 0.0336403
-0.0316238 0.09173
-0.0669253 0.0587856
0.0364131 0.13377
0.0626412 0.0325521
-0.0148836 0.0655427
0.015898 0.000265138
-0.00685329 0.000753473
-0.0207305 0.0017286
-0.0445229 0.00310057
-0.091947 0.00454492
0.0401909 0.00594847
0.372561 0.00752325
0.186169 0.00918264
-0.33247 0.00930542
-0.246833 0.00936769
0.012894 0.000198356
0.0170214 0.00043051
0.00401912 0.0007416
-0.0379463 0.0010854
-0.0864227 0.00146514
0.169481 0.00196746
0.197975 0.00248299
-0.298045 0.00321992
-0.127449 0.0030239
0.173561 0.00385025
0.00948865 0.000335302
0.00377364 0.00216575
0.000805995 0.00705373
-0.0257054 0.0261765
0.0221463 0.035748
0.0722429 0.0988735
-0.0409877 0.0617723
-0.0857629 0.142824
0.0299614 0.0338812
0.035284 0.0693138
0.016207 0.00029195
-0.0212667 0.000906387
-0.0259154 0.00234075
0.0147073 0.00425019
-0.0958545 0.00621627
-0.0368733 0.00806926
0.517371 0.00976527
0.275123 0.0110942
-0.557222 0.0113982
-0.396568 0.0106746
0.0082063 0.000173181
0.0104998 0.000562018
0.00416454 0.00132255
-0.00668583 0.00240675
-0.0593119 0.00355037
0.0530134 0.00460879
0.146437 0.00569944
-0.147315 0.00689617
-0.108793 0.00660405
0.114681 0.00696044
0.00705118 0.000227958
0.00141989 0.00147312
-0.00328945 0.00465818
-0.0132162 0.0173502
0.0261714 0.023201
0.0427899 0.0642181
-0.042418 0.0395293
-0.0613185 0.09135
0.0214198 0.0214291
0.0307004 0.0438096
0.00775295 0.00014865
-0.0253294 0.000469526
0.00252557 0.00123649
0.0555546 0.00242498
-0.0846587 0.00381389
-0.0453088 0.00543675
0.424636 0.00723416
0.108252 0.00852938
-0.649328 0.00885859
-0.40721 0.00817735
0.00267981 6.30994e-05
0.00659811 0.000157207
0.00758833 0.000285412
0.00226418 0.000416624
-0.0165388 0.000547378
-0.00455568 0.000699289
0.022501 0.000847178
-0.00742643 0.00103037
-0.00838572 0.000893044
0.0127686 0.00108486
0.00324001 0.000124754
7.51239e-06 0.000824093
0.00252298 0.00263916
-5.28244e-05 0.00991316
-0.01085 0.0135651
0.00132034 0.0375961
0.0207352 0.0237593
-0.00408999 0.0547387
-0.0061043 0.0131821
0.00301377 0.0267938
0.0083982 0.000112593
-0.000133654 0.00027422
-0.0141152 0.000554035
-0.0329289 0.000818849
-0.079521 0.00104949
0.0655589 0.00121973
0.305328 0.0013663
0.0619952 0.00145268
-0.293815 0.00145871
-0.168542 0.00140451
0.00783423 0.000169652
0.0120812 0.000501802
0.00808813 0.00117249
0.0396314 0.00213708
-0.115651 0.0032969
-0.177211 0.00464329
0.450051 0.00642545
0.101631 0.00840279
-0.539702 0.00917929
0.236033 0.00911044
0.0062913 0.000240068
-5.19049e-05 0.00160795
0.00985456 0.00514113
-0.0117045 0.0194179
-0.023829 0.0263285
0.0695484 0.0735417
0.0216582 0.0457937
-0.120917 0.106627
0.00403303 0.025238
0.0649795 0.0519298
0.0134805 0.000211168
-0.00162311 0.000571092
-0.0423904 0.00126968
-0.0507996 0.00216849
0.164701 0.00309044
0.137986 0.00399294
-0.437214 0.00502869
-0.278892 0.00609684
0.438507 0.00623011
0.323459 0.0062301
0.0114064 0.000176376
0.0141059 0.000378128
-0.00254379 0.000651549
-0.00522492 0.000949839
-0.0381154 0.00128675
0.0443553 0.00173429
0.114018 0.00219501
-0.108891 0.00285687
-0.0814986 0.00267731
0.0748138 0.00342878
0.00828384 0.000304369
0.000214759 0.00202554
0.0100658 0.00642083
0.00400673 0.0243084
-0.0412097 0.032838
-0.0409812 0.0917071
0.082254 0.0571372
0.0865222 0.132723
-0.0413088 0.0314702
-0.0513134 0.0645638
0.0148223 0.000269294
-0.0108205 0.000830686
-0.0381305 0.00204076
-0.0107332 0.00368259
0.192054 0.00532894
0.0301108 0.00684885
-0.669965 0.00846196
-0.262622 0.00993002
0.822641 0.0102605
0.561176 0.00977465
0.01233 0.000229015
0.0122855 0.000595751
-0.0043312 0.00115729
-0.00615622 0.00183384
-0.0318091 0.00252296
0.0732326 0.00335103
0.0798212 0.00427631
-0.181112 0.00543012
-0.0480641 0.00490786
0.122277 0.00596434
0.0099276 0.000340867
0.000993962 0.00220055
-0.0158507 0.00699964
-0.00133187 0.0261278
0.0921153 0.0354218
-0.0318063 0.0979726
-0.152624 0.0611324
0.0777006 0.141101
0.0864509 0.0335075
-0.0476144 0.0684006
0.014622 0.000249174
-0.014603 0.000676418
-0.0266874 0.00156502
-0.0227429 0.00281105
-0.0699891 0.00429055
0.0341807 0.00595306
0.503258 0.0080672
0.257097 0.0103152
-0.625679 0.0110619
-0.48282 0.010944
0.00833952 0.000141669
0.00963925 0.000329332
-0.004227 0.000595645
0.0151402 0.00088723
-0.00785352 0.00118434
-0.0781987 0.00155754
0.0236908 0.00193997
0.11509 0.00246642
-0.0138305 0.00234886
-0.0568111 0.00289287
0.00647421 0.000231004
0.000124091 0.00150151
0.00596203 0.00474275
-0.012849 0.017735
-0.0101467 0.0235946
0.0578257 0.0655625
-1.60103e-05 0.0401752
-0.0840883 0.0931934
0.00670729 0.0217489
0.0395532 0.0446656
0.00698505 0.000149948
-0.0227171 0.000489969
-0.0106723 0.00133182
0.0633206 0.00259582
0.0998272 0.00407081
-0.154308 0.00580671
-0.362958 0.00765141
0.0866639 0.00894558
0.540246 0.00926438
0.287166 0.00855221
0.00280407 5.81001e-05
0.00542178 0.000142556
-0.00160223 0.000266058
0.00415212 0.000390049
0.0196263 0.000510344
-0.0116505 0.00064422
-0.0303617 0.000774925
0.010992 0.000938859
0.0185499 0.000824197
-0.000574875 0.000993793
0.00313133 0.000115178
-0.000153236 0.000759932
0.00195287 0.00243549
0.00061394 0.00909973
-0.000381072 0.0124711
0.00129678 0.0343537
-0.010933 0.0217688
-0.00392583 0.049868
0.0159718 0.0120484
0.00115642 0.0243659
0.00751547 0.000104718
-0.00111018 0.000266782
-0.0087807 0.000554339
-0.0185588 0.000837039
-0.0878775 0.00109539
0.0204922 0.00129872
0.30485 0.00148216
0.109993 0.00159849
-0.293447 0.00161241
-0.189455 0.00154444
0.00700754 0.000153924
0.0122764 0.000454
0.0158421 0.00103963
0.0111301 0.00187371
-0.146203 0.00288612
-0.0165539 0.00408889
0.476722 0.00568977
-0.177298 0.00747253
-0.512055 0.00820845
0.352032 0.00818681
0.00654354 0.000233033
-0.000286629 0.00148725
0.00120606 0.00485658
-0.00725925 0.0178824
4.91869e-05 0.0246342
0.0423417 0.0676014
-0.0049787 0.0427219
-0.0716496 0.0980535
0.0138729 0.0235264
0.0380697 0.047823
0.0123095 0.000175804
-0.00618152 0.000439064
-0.0435437 0.000916287
0.00465917 0.00148158
0.180221 0.00211255
-0.0394681 0.00283372
-0.447566 0.00369952
-0.0670071 0.0046125
0.42583 0.00485314
0.230283 0.00497614
0.011342 0.000207739
0.0138523 0.000575399
-0.0125964 0.0012047
-0.00159411 0.00200524
0.0225446 0.00286137
-0.0245061 0.00384495
-0.0296335 0.00501909
0.0596702 0.00642484
0.0263388 0.00633164
-0.0413577 0.0071911
0.0080115 0.00028647
-0.00221048 0.00187048
0.000670762 0.00600132
0.0255124 0.0224899
0.012032 0.0307678
-0.106191 0.0849695
-0.0191703 0.0537622
0.167975 0.123303
0.0191626 0.0297238
-0.085974 0.0601733
0.0147781 0.00025229
-0.0042318 0.000746575
-0.0394135 0.00183235
-0.0586869 0.00330352
0.0917179 0.00481686
0.121121 0.00627183
-0.154365 0.00792983
-0.0973364 0.00948429
0.158577 0.00987071
0.0942381 0.00941062
0.0122679 0.000193633
0.0122217 0.000411166
-0.00445462 0.000692607
-0.0271514 0.000961588
-0.030549 0.0012058
0.14635 0.00150725
0.0768446 0.00176063
-0.269876 0.00214683
-0.0492643 0.00204888
0.158764 0.00251372
0.00865933 0.000314039
0.000849896 0.00204224
0.00889429 0.00662975
-0.0139295 0.0244601
-0.0257583 0.0334434
0.0549925 0.0918928
0.035033 0.0575959
-0.0797257 0.132289
-0.0090105 0.0315296
0.0381166 0.0640697
0.0132837 0.000257338
-0.0165126 0.000807757
-0.0284427 0.00208097
-0.0281079 0.00388844
0.0952618 0.00586285
0.203349 0.00792441
-0.251142 0.0101881
-0.437477 0.0120388
0.290529 0.0125313
0.379928 0.011672
0.00791599 0.000170557
0.00761989 0.000540384
-0.00539967 0.00124815
0.0176605 0.00222764
0.0293415 0.00323696
-0.0921588 0.00416653
-0.110739 0.00515612
0.194353 0.00625617
0.116628 0.00604774
-0.154711 0.00635425
0.00639148 0.000219749
-0.000709716 0.00144209
2.15712e-06 0.00455071
0.018685 0.0169554
0.0165224 0.0227891
-0.09705 0.0628806
-0.0361918 0.0387882
0.164109 0.0895459
0.0219758 0.0209636
-0.0868455 0.0429328
0.0066186 0.00013391
-0.0208331 0.000416727
-0.00198334 0.00101783
0.0166537 0.00201782
0.0641934 0.00327781
0.107033 0.0046646
-0.27843 0.00641372
-0.365997 0.00811148
0.347705 0.00862206
0.390105 0.00818523
