0.00334475 7.56614e-05
0.00600577 0.000223026
-0.00223666 0.000483324
0.000559237 0.000786697
0.0285645 0.00107543
0.0120565 0.0013627
-0.0473211 0.0016563
-0.0282705 0.00200433
0.030848 0.00161944
0.0216273 0.00195265
0.00447627 0.000137112
0.000197615 0.000887148
-0.0040605 0.00288364
-0.00054549 0.0107898
0.0411595 0.0148313
0.00582771 0.0410199
-0.091893 0.0260786
-0.0147041 0.0598574
0.0661259 0.0145437
0.00950371 0.0293954
0.014085 0.000100488
3.15778e-05 0.000208759
-0.0565617 0.000402151
-0.114668 0.000579423
-0.0236181 0.000742368
0.442848 0.000871093
0.560814 0.000960432
-0.315701 0.00100378
-0.842261 0.00100604
-0.360238 0.000970152
0.00304252 4.71502e-05
0.00787491 0.000108959
0.00246287 0.00018344
0.00396084 0.000245766
0.00842412 0.000308129
-0.0281641 0.000380719
-0.0167505 0.000441787
0.0443344 0.000522789
0.0128665 0.000484036
-0.0191767 0.000571154
0.00418529 0.000119701
0.000802422 0.000784756
0.00627258 0.00256334
-0.00668296 0.00938703
-0.0203004 0.0130875
0.0175224 0.035405
0.0255612 0.0227177
-0.0206174 0.0512666
-0.00641616 0.0125023
0.00870777 0.0249739
0.0110929 9.07615e-05
-0.0151048 0.00023358
-0.0550675 0.000506769
-0.00568164 0.000816017
0.160951 0.00117313
0.193825 0.00149384
-0.118966 0.00171537
-0.329534 0.00181872
-0.165175 0.00182304
-0.010721 0.00173064
0.00408845 9.34015e-05
0.00873915 0.000269373
0.00696815 0.000557237
0.00333753 0.000890706
-0.0123326 0.00119721
-0.00652948 0.00150284
0.0273992 0.00180549
0.0031756 0.00216794
-0.0124348 0.00177713
0.00677295 0.00213597
0.00600619 0.000176396
0.0026275 0.00115583
-0.00223279 0.00372274
-0.0275862 0.0139216
0.0369274 0.0191152
0.088281 0.0526326
-0.0881546 0.0334687
-0.110105 0.0764628
0.0660173 0.0185758
0.0468871 0.0373992
0.0170567 0.000121975
0.0011362 0.000253376
-0.0534693 0.000520306
-0.141579 0.000801491
-0.0694584 0.00110301
0.478495 0.0014178
0.608165 0.00172648
-0.30115 0.00195477
-0.76962 0.00199326
-0.30459 0.00194092
0.00472933 9.68917e-05
0.0137552 0.00032582
-0.00281818 0.000844527
-0.0393869 0.00171753
0.0345517 0.00277537
0.166049 0.00388384
-0.077919 0.00523682
-0.268019 0.00655252
0.102766 0.0069651
0.0917113 0.00655037
0.00587732 0.000161752
0.00156671 0.00106449
0.00276123 0.00339218
-0.0224034 0.0126428
0.00178538 0.0172894
0.0977018 0.0472976
-0.0113367 0.0300096
-0.153897 0.0680979
0.0128774 0.0164988
0.0778213 0.0330338
0.0134182 0.000118239
-0.0182752 0.000296892
-0.0522841 0.000671786
-0.0176492 0.00115518
0.125378 0.00173018
0.221483 0.00239186
-0.0220639 0.00315216
-0.295867 0.00373044
-0.218564 0.00387495
-0.0457663 0.00367372
0.00461041 0.000105818
0.00869579 0.000290975
0.0114511 0.000575024
0.0242364 0.000901685
-0.0367412 0.00119387
-0.102846 0.00149213
0.0728111 0.00178561
0.168364 0.00215403
-0.0357022 0.00182769
-0.0842242 0.00220541
0.00660724 0.000204751
0.00210983 0.00133651
0.00419506 0.00434682
-0.0278042 0.0161347
0.0075122 0.0222696
0.101844 0.0609753
-0.0431869 0.0390214
-0.141955 0.0885875
0.0454873 0.0216936
0.0658847 0.0433649
0.0190178 0.000152677
0.00115872 0.000323012
-0.0450548 0.000665757
-0.130342 0.00101598
-0.187105 0.00137572
0.371838 0.00174392
0.928451 0.00209749
-0.0198185 0.00234983
-1.02957 0.00239208
-0.537877 0.00232307
0.00568609 9.02313e-05
0.0132757 0.000214338
0.00192005 0.000414676
0.00301769 0.000601775
-0.0219505 0.000744983
-0.035217 0.000913606
0.11773 0.00105545
-0.00849342 0.00128466
-0.116696 0.00133418
0.0671249 0.00160835
0.00695015 0.00018513
0.00059378 0.00119248
-0.000576055 0.00384265
-0.000865925 0.0142335
0.0150085 0.019425
-0.0229923 0.0533776
-0.0326495 0.0336087
0.0619787 0.0769001
0.0260619 0.0184851
-0.0406315 0.0373229
0.015331 0.000143069
-0.0185875 0.000371502
-0.06012 0.000877066
-0.0312894 0.00153437
0.135297 0.00226318
0.26359 0.00304563
-0.0059306 0.00387314
-0.327855 0.00446161
-0.234427 0.00457752
-0.0386662 0.00433976
0.00542365 0.000111078
0.0100932 0.000280047
0.000818566 0.000539025
0.00970283 0.0008114
0.0253842 0.00106649
-0.0121777 0.00134918
-0.0428698 0.00164312
-0.00883842 0.00200234
0.0286281 0.00169026
0.0185404 0.00204998
0.00714725 0.00021979
0.000502948 0.00146431
-0.0021487 0.00464495
-0.00625348 0.0175636
0.0311057 0.0239961
0.0128101 0.0665383
-0.0694631 0.0421438
-0.00805241 0.0969006
0.0550687 0.0234298
0.00125179 0.047477
0.0197263 0.000205412
-0.000817058 0.000518726
-0.067913 0.00108151
-0.0893504 0.0016666
0.0755678 0.00221031
0.209467 0.00260656
-0.0848312 0.00293365
-0.126779 0.00311894
0.265541 0.00313906
0.214832 0.00299417
0.00681155 0.000115321
0.0156398 0.000343633
-0.0227429 0.000838038
-0.00940244 0.00161906
0.222592 0.00265253
-0.0218963 0.00386422
-0.70511 0.00543413
0.257487 0.00703323
0.79757 0.0075944
-0.516391 0.00727694
0.00731602 0.000202051
-0.000359971 0.00132771
0.00159163 0.00428273
0.00706465 0.0158483
0.0143554 0.021843
-0.0251319 0.0595996
-0.0344653 0.0378115
0.0253478 0.0860105
0.0260876 0.0207367
-0.0061657 0.0417486
0.0161035 0.000125409
-0.0243747 0.00027516
-0.062095 0.000531141
0.0376562 0.000850341
0.1521 0.00126948
-0.0184815 0.00181306
-0.107436 0.0024707
0.0466384 0.0032756
-0.0451978 0.00347952
-0.09496 0.00389702
0.00526406 8.77926e-05
0.0103859 0.000233637
0.0123149 0.000458539
0.01814 0.000715018
-0.0459409 0.000954518
-0.0766994 0.00121037
0.094734 0.00146477
0.119969 0.0017711
-0.0521761 0.00147646
-0.0566139 0.00178791
0.00690568 0.000166468
-0.000107228 0.00110825
0.00717971 0.00356416
-0.0020829 0.0133359
-0.0120046 0.0183858
0.0194746 0.0505673
-0.00174742 0.0322172
-0.0383551 0.0736338
0.0205899 0.01787
0.0210452 0.0360563
0.0191444 0.00014086
-0.000711158 0.000321535
-0.0365797 0.000684208
-0.0986446 0.00105089
-0.221318 0.00139379
0.210305 0.00171008
0.946358 0.00199625
0.223954 0.00219136
-0.968529 0.00221334
-0.597293 0.00214261
0.00694965 8.34218e-05
0.0159595 0.000200551
0.00654023 0.000394726
-0.00428897 0.000620431
-0.0574514 0.000872477
0.0164048 0.00119289
0.20718 0.00157048
-0.144653 0.00210558
-0.208345 0.00227537
0.192959 0.00273434
0.00806241 0.000166941
0.0027364 0.00110006
0.00474841 0.003485
-0.0247519 0.0130511
-0.0151929 0.0176544
0.0740161 0.0488714
0.0206897 0.030478
-0.0886569 0.0703214
-0.00258893 0.0167026
0.0363734 0.0340657
0.016558 0.00013383
-0.0190356 0.000365409
-0.0717399 0.000879054
-0.0513128 0.00154947
0.293045 0.0023173
0.361673 0.00318095
-0.567351 0.00418607
-0.673781 0.00495595
0.389638 0.00514924
0.437741 0.00484107
0.00574206 8.50795e-05
0.011948 0.000227596
0.00298304 0.000451922
0.00436638 0.000694508
0.00748104 0.000917082
-0.0268389 0.00115038
-0.00105032 0.00138403
0.0538354 0.00166949
0.00197101 0.00139579
-0.0284309 0.00168738
0.00696296 0.000158966
-0.000316827 0.00105737
0.0101013 0.0034101
0.0106753 0.0128089
-0.0176949 0.0175306
-0.0399011 0.0485619
-0.00137409 0.0307013
0.0515663 0.0706118
0.0241214 0.0170443
-0.0221197 0.0345409
0.0199923 0.000115966
-0.0020762 0.000247167
-0.0405744 0.000487863
-0.088962 0.000759328
-0.188025 0.00109064
0.204809 0.00148264
0.815166 0.00191451
0.149807 0.00227459
-0.821677 0.00238168
-0.48003 0.00230751
0.00790127 9.86865e-05
0.0193065 0.000305832
0.00571485 0.000759321
-0.0377612 0.00146637
-0.074815 0.00232765
0.155491 0.0033015
0.27546 0.00456865
-0.377063 0.00580812
-0.27956 0.00624976
0.338037 0.00589064
0.00843876 0.000156685
0.000548767 0.00103976
0.00247367 0.0032934
-0.00393207 0.0123478
0.00984285 0.0167787
0.0138446 0.0462933
-0.0296783 0.0290631
-0.0212146 0.0667107
0.0265242 0.0159587
0.0106174 0.0323629
0.0174452 8.98244e-05
-0.0275598 0.000195766
-0.0599658 0.0003828
0.0453981 0.000627584
0.133499 0.000983708
-0.0421919 0.00146704
-0.0566358 0.00210774
0.0884416 0.00289668
-0.0941857 0.00328499
-0.132947 0.00348173
0.00611823 9.31949e-05
0.0111054 0.000236037
0.0029122 0.000457512
0.0206769 0.000688682
0.00163728 0.00090468
-0.0914732 0.00114219
0.0120001 0.00138689
0.151843 0.00168596
-0.00418932 0.00141843
-0.0778766 0.00172052
0.00750633 0.000182644
0.000370274 0.00120339
0.00757976 0.00389216
0.00734503 0.0145352
-0.0063371 0.0198883
-0.0315628 0.0550202
-0.0244234 0.0346755
0.0362555 0.0798486
0.0390583 0.0192034
-0.0126001 0.0389922
0.0205893 0.000166226
0.00419215 0.000406179
-0.0476165 0.000905064
-0.13681 0.00142623
-0.165544 0.00192004
0.319924 0.0023781
0.821815 0.00283334
0.0618228 0.0031699
-0.874194 0.00322606
-0.497224 0.0030957
0.00895675 9.67265e-05
0.0151363 0.000248899
-0.015037 0.000534488
0.0186193 0.000940872
0.0711983 0.00149433
-0.106272 0.00222769
-0.124955 0.00320549
0.156808 0.00436105
0.088485 0.00481514
-0.0813315 0.00508486
0.00910923 0.000181229
-8.92083e-05 0.00118262
-7.82416e-05 0.00373811
-0.000626067 0.0139795
0.00999421 0.0189158
0.0122647 0.0521181
-0.0251037 0.0327438
-0.0284274 0.0748858
0.024591 0.0179939
0.0170709 0.0362911
0.0176126 0.000103227
-0.0245427 0.000228265
-0.0668441 0.000448071
-0.00585208 0.000739509
0.232665 0.00116272
0.183835 0.00173923
-0.3944 0.00250057
-0.367106 0.00343323
0.251851 0.00386928
0.245513 0.00412275
0.00621398 9.01912e-05
0.0118316 0.000225343
0.00760141 0.000426009
0.0204256 0.000636103
-0.0228185 0.000824129
-0.0902143 0.00102139
0.054566 0.00120464
0.138903 0.00143713
-0.0288514 0.00124683
-0.0641053 0.0014926
0.00781481 0.000178862
0.000953076 0.00117787
0.0059182 0.00378655
-0.00894279 0.0141749
0.00307302 0.0194199
0.0241404 0.0535035
-0.0363444 0.0339419
-0.0245276 0.0775947
0.0422468 0.0187956
0.00768964 0.0378822
0.0205767 0.000132756
0.00083303 0.0002799
-0.0491149 0.000552095
-0.108909 0.000855088
-0.108845 0.00120578
0.242095 0.00160699
0.596826 0.00205413
0.0669127 0.00251561
-0.619537 0.00261275
-0.363589 0.00269445
0.00904311 9.14494e-05
0.0153864 0.000208625
-0.00462286 0.000394349
0.0176719 0.000606131
-0.000430523 0.000851689
-0.0817249 0.00117247
0.0577272 0.00154206
0.060167 0.00207131
-0.070904 0.00219929
0.0286241 0.00268958
0.00911596 0.000181048
-0.00114807 0.00118952
0.00778 0.00376986
0.0106906 0.0140811
-0.0235301 0.0190399
-0.0295562 0.0524955
0.0295978 0.0328311
0.0324254 0.0752887
-0.00594821 0.0179685
-0.0126824 0.0363872
0.0169286 0.000103462
-0.0284021 0.000228787
-0.0326436 0.000447221
0.0474322 0.000740195
-0.0347374 0.00116841
-0.0980997 0.00175624
0.351635 0.00253739
0.303943 0.00350877
-0.437232 0.00397017
-0.373295 0.00426874
0.00616284 9.41493e-05
0.0117017 0.000237945
0.0078783 0.000457188
0.022064 0.000689963
-0.0299852 0.00090752
-0.11391 0.00114598
0.0714006 0.00138522
0.199894 0.00167832
-0.0382838 0.00141512
-0.106266 0.00171652
0.00777024 0.000184753
0.0017222 0.00122276
0.00854718 0.00390261
-0.0185959 0.0147006
-0.0210102 0.019922
0.080796 0.0554029
0.00838416 0.0347711
-0.12763 0.0802348
0.0192548 0.0192633
0.0645368 0.0391385
0.0201315 0.000153769
-0.00030271 0.000363422
-0.0383312 0.00076783
-0.100289 0.00121759
-0.170903 0.00170218
0.227167 0.00222635
0.720839 0.00278653
0.084437 0.00321444
-0.707801 0.00331114
-0.388598 0.00318341
0.00955439 8.19604e-05
0.0187328 0.00016474
-0.00700497 0.000273939
-0.0137511 0.000366562
0.0135181 0.000463681
0.0166161 0.000587368
0.00570925 0.00070153
-0.0349535 0.000870803
-0.00996344 0.000841828
0.0321258 0.00103778
0.00929937 0.000191016
-0.00149293 0.00125401
0.00582365 0.00402296
0.0238975 0.0149776
-0.00639753 0.0204114
-0.0886648 0.0562869
-0.00742856 0.0352574
0.118999 0.0811875
0.018094 0.0193179
-0.0534054 0.0393906
0.0177926 0.000162966
-0.0269404 0.000479009
-0.0424119 0.00118909
0.0104521 0.00215898
0.036523 0.00321676
0.0854664 0.00433919
0.178491 0.00558312
-0.0280134 0.0065624
-0.334594 0.00681029
-0.198489 0.00638869
0.00586157 0.000103344
0.0112078 0.000253381
0.0110254 0.000468837
0.0268396 0.000684462
-0.0321006 0.000881777
-0.111462 0.00109495
0.0625044 0.00128961
0.167286 0.0015387
-0.0307136 0.00134612
-0.0781963 0.00161529
0.0077913 0.000212648
-0.000849494 0.00138438
0.00567182 0.00447643
0.0260066 0.016753
-0.00483352 0.0228467
-0.118426 0.0632969
-0.0139875 0.0398446
0.175007 0.0917634
0.027 0.0220336
-0.0819039 0.0447635
0.020398 0.000148619
-0.00243955 0.000306415
-0.0690156 0.00058615
-0.0675067 0.000895305
0.0797519 0.00126502
0.15537 0.00169889
0.0444411 0.00217218
-0.0481843 0.00266401
-0.0975997 0.00277961
-0.0605517 0.00288222
0.00964039 0.00015658
0.0160322 0.000518751
-0.000536141 0.00135898
0.022867 0.0025951
-0.0164001 0.00393335
-0.131159 0.00529725
0.0435534 0.00674527
0.203252 0.00795575
-0.0200113 0.00828418
-0.100622 0.00772318
0.0092303 0.000219471
-0.00172644 0.00143885
0.00605107 0.00462622
0.0273892 0.0172421
0.0121603 0.0234928
-0.114624 0.0646282
-0.054417 0.0406614
0.170951 0.0930191
0.0471684 0.0223192
-0.0835039 0.0450865
0.0176852 0.000133333
-0.0308292 0.000301662
-0.0311096 0.000601279
0.0790915 0.0010124
-0.0678456 0.00160377
-0.251067 0.00240315
0.450269 0.00344656
0.58545 0.00470328
-0.514445 0.00523438
-0.544216 0.00558881
0.00692841 0.000105666
0.0115859 0.000237579
-0.00613768 0.000422256
0.0191301 0.000589431
0.0456241 0.000743663
-0.0647278 0.000914577
-0.0607792 0.00106807
0.0861208 0.0012718
0.0332377 0.00115927
-0.035134 0.00137334
0.00804807 0.000228899
0.00165342 0.00149175
0.00147249 0.00484567
-0.0225827 0.0179842
0.0332667 0.0249125
0.0732313 0.0679805
-0.0955935 0.0436691
-0.0848935 0.09879
0.0775671 0.0242473
0.0303846 0.0483426
0.0206715 0.000205657
0.000495707 0.000517736
-0.0583965 0.00112406
-0.118739 0.00175885
0.0640098 0.00237024
0.367373 0.00293182
-0.0953557 0.00345624
-0.4547 0.00381256
0.17945 0.00385321
0.316545 0.00370219
0.0105479 0.000160517
0.0200951 0.00048816
-0.0048525 0.00117146
-0.0103858 0.0021785
0.00473964 0.00332448
-0.0276328 0.004536
-0.00933648 0.00605722
0.0701971 0.00766265
0.0242653 0.00817504
-0.0488846 0.00795003
0.00923495 0.00023235
0.000746761 0.0015281
0.015935 0.00494684
-0.016004 0.0182857
-0.0406293 0.0251086
0.0799106 0.0685953
0.0353837 0.0434198
-0.132437 0.0987754
0.000245803 0.0238223
0.0700818 0.0478899
0.017731 0.000166364
-0.029844 0.00042076
-0.0308649 0.000900524
0.0433407 0.00156587
-0.0410922 0.00243095
-0.0700054 0.00350924
0.350608 0.00486649
0.233398 0.00635341
-0.415644 0.00686869
-0.309763 0.0070251
0.00629978 0.000131074
0.0127577 0.000327945
0.0110044 0.000622594
0.0244334 0.000933607
-0.0408907 0.00120825
-0.126791 0.00149125
0.0847744 0.0017461
0.209697 0.0020746
-0.0458174 0.00180838
-0.106349 0.00216328
0.00801244 0.0002569
0.00134729 0.00168782
0.00204208 0.005462
-0.0302438 0.020357
0.0157665 0.0280008
0.121086 0.0769708
-0.0427551 0.0488279
-0.180345 0.111639
0.0374863 0.0269632
0.0903279 0.0544536
0.0187556 0.000199926
-0.00155768 0.000445119
-0.0188383 0.000885335
-0.0677572 0.00138641
-0.217958 0.00196225
0.0725906 0.00263174
0.718268 0.0034152
0.294629 0.00424328
-0.632513 0.00445568
-0.434784 0.00459049
0.0107974 0.000181155
0.0138785 0.000516542
-0.0144036 0.00119469
0.0483057 0.00213535
0.0779447 0.00325608
-0.233004 0.00454582
-0.20507 0.00622135
0.413646 0.00800303
0.200694 0.00864564
-0.288488 0.00852581
0.00970083 0.000279361
-0.00126184 0.00182389
0.00497573 0.0058265
0.0259146 0.0217949
-0.00230625 0.0295218
-0.113157 0.0817287
-0.00374909 0.0509413
0.167843 0.117567
0.00999299 0.0278687
-0.0803573 0.0568853
0.0171669 0.000171135
-0.0268454 0.000400096
-0.0290555 0.00080688
0.00425688 0.00137991
0.00757285 0.00220068
0.0923343 0.00331215
0.112651 0.00475909
-0.0902216 0.00647725
-0.132322 0.00714336
-0.0185021 0.00761851
0.00655766 0.000119417
0.0112819 0.000263178
0.00615724 0.000466356
0.0197615 0.000663087
-0.0223523 0.000857292
-0.0767195 0.00108162
0.0530991 0.00129758
0.10786 0.00157471
-0.0274228 0.00139809
-0.0454877 0.00168031
0.0079445 0.0002598
-0.00263381 0.00170798
0.00515414 0.00550401
0.0261696 0.0204904
-0.000606967 0.0280845
-0.0679395 0.0774109
-0.0266931 0.0488508
0.0673598 0.112226
0.0369115 0.0269904
-0.0237856 0.0547481
0.0194649 0.000214501
-0.0020654 0.000502122
-0.0426324 0.00104167
-0.0644356 0.00169827
-0.0852907 0.00241068
0.0982655 0.00317519
0.42539 0.00402876
0.15847 0.00489887
-0.397609 0.00500992
-0.275538 0.0051258
0.0108773 0.000171594
0.0149412 0.000453215
-0.0219447 0.000951695
0.00270207 0.00160196
0.107377 0.00237806
-0.009129 0.00333779
-0.226423 0.00455815
0.0288184 0.00600509
0.185141 0.00635477
-0.0621218 0.00694392
0.0097197 0.000279996
-0.00494403 0.001855
-0.0011327 0.00584847
0.0411074 0.0221346
0.0448357 0.0297394
-0.120328 0.0829535
-0.104734 0.051413
0.141672 0.119333
0.0720908 0.0281835
-0.0576141 0.057776
0.0177145 0.000214522
-0.0317313 0.000582899
-0.0371212 0.00131355
0.0908876 0.00236746
-0.00972703 0.00365169
-0.29065 0.0051089
0.27933 0.00688297
0.58165 0.00871885
-0.338912 0.00920795
-0.457366 0.00917062
0.00623779 0.000113494
0.0139934 0.000280473
-0.000424097 0.000532079
-0.0142545 0.000795703
0.0108994 0.00104346
0.0323829 0.00131872
0.000487109 0.00159436
-0.0294429 0.00192795
-0.00241021 0.00162129
0.0124341 0.00195999
0.00731838 0.000225707
-0.000506784 0.00147175
4.82084e-05 0.00475094
0.021088 0.0176666
0.0307197 0.0243255
-0.0915576 0.0666846
-0.0783049 0.0424366
0.136613 0.0967091
0.0611447 0.0234568
-0.0665173 0.0471955
0.0177797 0.000186243
0.00187285 0.000434716
-0.0299495 0.000899917
-0.103573 0.00144363
-0.135327 0.00202702
0.23921 0.00266
0.530026 0.0033805
-0.0170899 0.00410462
-0.491535 0.00422619
-0.232289 0.00429407
0.0108152 0.000151793
0.0153347 0.000362381
-0.00879425 0.000686781
-0.00275482 0.0010831
0.00368167 0.00154234
0.0092111 0.00214455
0.0209171 0.00285577
-0.0562145 0.00377514
-0.0164832 0.00369503
0.0530376 0.00447762
0.0092263 0.000259649
-0.00111968 0.00173431
0.0117953 0.00546875
0.0135569 0.0205245
-0.0442268 0.0278107
-0.0453038 0.0768064
0.0638205 0.0481158
0.0498076 0.110557
-0.0221199 0.0264002
-0.0166468 0.0535919
0.0161756 0.000208611
-0.021221 0.000596177
-0.0311809 0.00138867
-0.0195036 0.00254777
0.0288928 0.00391014
0.152326 0.00539009
0.0601857 0.007198
-0.192435 0.00906549
-0.0841806 0.00955116
0.0548883 0.00940135
0.00543789 9.0312e-05
0.00945258 0.000208582
0.00276458 0.000375459
0.0176302 0.000539628
0.00600369 0.000695832
-0.0494375 0.00087143
-0.000129883 0.00103537
0.0541499 0.001247
-0.000671779 0.00110684
-0.0177042 0.0013295
0.00706625 0.000194206
-0.00124246 0.00129508
-0.00312392 0.00403304
0.0219829 0.0154545
0.0458001 0.0206219
-0.108452 0.0578602
-0.102967 0.0359598
0.176109 0.083375
0.0716524 0.0198763
-0.0895375 0.0405055
0.0157954 0.000157154
-0.00138367 0.000368531
-0.0218471 0.000751646
-0.0698876 0.00120212
-0.112881 0.00169241
0.140872 0.00223418
0.394651 0.0028561
0.0508154 0.00349278
-0.341454 0.00361884
-0.189636 0.00369024
0.0102308 0.000167655
0.0150483 0.000525161
-0.00606988 0.00124859
-0.00712926 0.00231775
-0.0200706 0.00348348
0.0373945 0.00461137
0.105086 0.00588512
-0.118582 0.00727254
-0.0986683 0.00739387
0.107614 0.00747636
0.00909944 0.000236758
0.00121555 0.00151896
-0.000179438 0.0049477
-0.00741337 0.0182501
0.0363609 0.0249606
0.00924225 0.0684937
-0.0889051 0.0429945
-0.00197104 0.0985444
0.0629149 0.023524
0.000382203 0.0477127
0.0158559 0.000169622
-0.0253731 0.000442978
-0.0363193 0.00096485
0.0406823 0.00168698
0.0759422 0.00261065
-0.0815239 0.0037514
-0.0819836 0.00522085
0.11574 0.00684903
0.0650266 0.00745552
-0.0292532 0.00758713
0.00561924 0.000102043
0.012187 0.000232227
0.0078034 0.00040481
0.00457666 0.000572072
-0.0291198 0.000739912
-0.0509685 0.000940538
0.0620221 0.00113459
0.103515 0.00138619
-0.0336737 0.00121375
-0.058662 0.00147827
0.00645631 0.000213989
0.000740955 0.00143302
0.0103308 0.00459441
-0.00845521 0.0172851
-0.0239469 0.0235446
0.0252543 0.0653375
0.0121621 0.0410213
-0.0280319 0.0946629
0.0137012 0.0226593
0.00982903 0.0461233
0.0158869 0.000200141
-0.00236732 0.000533206
-0.0261222 0.00120595
-0.0518518 0.00197459
-0.104574 0.0027476
0.0996346 0.00350538
0.393489 0.00429895
0.0604227 0.00490539
-0.347814 0.00502438
-0.177237 0.00479689
0.0105732 0.000194208
0.0159522 0.000617623
-0.00901264 0.00148077
-0.031128 0.00276295
0.00669238 0.00414278
0.115518 0.00543232
-0.00407284 0.00689077
-0.164767 0.00849381
0.0296787 0.00866882
0.0567351 0.00869309
0.00910346 0.000264958
0.000357723 0.00174249
0.00829809 0.00552713
-0.00788724 0.020695
-0.0335828 0.0280122
0.0482866 0.0773981
0.0571579 0.0484669
-0.102067 0.111337
-0.0231136 0.0265987
0.0642551 0.0539494
0.0161309 0.00016026
-0.0245949 0.000361519
-0.0417829 0.00068279
0.00308367 0.00109185
0.128089 0.0016401
0.115966 0.00239328
-0.204108 0.0033389
-0.24341 0.00454958
0.132958 0.00478711
0.167653 0.00558237
0.00532626 0.000101244
0.00808371 0.000242615
0.00353505 0.000456828
0.0323065 0.000672691
-0.0128535 0.000867752
-0.133619 0.00107416
0.033348 0.00125853
0.198241 0.0014958
-0.0164036 0.00131179
-0.0942762 0.00157104
0.0061529 0.000197069
0.00090681 0.00129218
0.00222025 0.00416982
-0.0170953 0.0155764
0.00652025 0.0213391
0.075362 0.0589258
-0.0272467 0.0372257
-0.11362 0.0855587
0.0299543 0.0205864
0.0553339 0.0417852
0.0149404 0.000152057
0.000863518 0.000337948
-0.0369218 0.000666837
-0.0691938 0.00103579
0.00184438 0.00146935
0.16091 0.00198535
0.109148 0.00259395
-0.0878227 0.00324439
-0.102635 0.00344348
-0.0209746 0.00355299
0.0106477 0.000150197
0.014036 0.00036713
-0.02235 0.000707455
-0.00212169 0.00111378
0.0933233 0.00157374
-0.0296618 0.00216268
-0.189863 0.00285883
0.0988126 0.00375451
0.149674 0.00373919
-0.0966742 0.00445744
0.00912442 0.000253675
-0.00197618 0.00166183
0.00140168 0.00527611
0.0247259 0.019643
0.0103541 0.0267141
-0.0754722 0.0734128
-0.0321096 0.0461395
0.0884037 0.105564
0.0294177 0.0253066
-0.0370677 0.051146
0.0148909 0.000204104
-0.0235851 0.000605736
-0.021196 0.00143486
0.0194767 0.0026662
-0.0241998 0.00408497
-0.0158993 0.00557736
0.206434 0.00738343
0.125055 0.00925801
-0.236775 0.00976065
-0.185641 0.0095707
0.00504457 8.37743e-05
0.0092491 0.000213372
0.00704785 0.000400944
0.0097225 0.000615132
-0.0286511 0.000817435
-0.0357639 0.00104764
0.0618214 0.0012674
0.0380268 0.0015637
-0.0364675 0.00139457
-0.00660626 0.00173396
0.00573139 0.000155233
0.00116191 0.0010265
0.0067476 0.00329828
-0.0227191 0.012432
-0.0144877 0.0168616
0.0999747 0.047032
0.013508 0.0293643
-0.151839 0.0681504
0.00319619 0.0162024
0.0749557 0.0331914
0.0139327 0.000135946
-0.000496485 0.000334599
-0.0226694 0.000712837
-0.0519047 0.00116342
-0.0910954 0.00162823
0.0794969 0.00211056
0.348024 0.00266391
0.100946 0.00321879
-0.307936 0.00331835
-0.190846 0.00333664
0.00983285 0.000129013
0.0141226 0.000323469
-0.0122783 0.000615595
-0.0162121 0.000955645
0.0359362 0.00130664
0.0512309 0.00173864
-0.0508066 0.00221239
-0.0770663 0.0028152
0.0314906 0.00255828
0.0358198 0.00314023
0.00833977 0.000210139
-0.000987368 0.00138358
-5.65957e-05 0.00438016
0.00978035 0.0164241
0.0257743 0.0222977
-0.044488 0.0614512
-0.0603923 0.0386457
0.076823 0.0884628
0.0442283 0.0212258
-0.0418836 0.0428957
0.0143479 0.000153629
-0.0204255 0.000409154
-0.0374933 0.0008999
-0.00811843 0.00156952
0.136607 0.00241779
0.141094 0.00346328
-0.288815 0.0048223
-0.315154 0.00631621
0.253191 0.00688836
0.265535 0.00696586
0.0053551 6.9097e-05
0.00887054 0.000156399
-0.00422377 0.000276528
0.00248506 0.000393113
0.0168969 0.000503187
-0.0089212 0.000624948
-0.00618048 0.000719648
0.0133026 0.000847507
-0.00208267 0.000763169
-0.00530792 0.000914017
0.00565896 0.0001412
-4.43671e-05 0.000930098
0.00138424 0.0029729
-0.00177766 0.0112126
0.0155807 0.0151836
0.015927 0.0423202
-0.0496949 0.0264665
-0.0319222 0.0613163
0.0432656 0.0146365
0.018692 0.0299023
0.0126759 0.000122177
-0.00325996 0.000308755
-0.0195654 0.00066242
-0.0269166 0.00109458
-0.08017 0.00154391
0.0121546 0.00201203
0.305462 0.00255054
0.158449 0.00309576
-0.269327 0.00318513
-0.194822 0.00321275
0.00950494 0.000125512
0.00898171 0.00031977
-0.00762522 0.000614979
0.0223091 0.000957897
0.0184749 0.00130037
-0.066741 0.00170507
-0.0313706 0.00214394
0.0744199 0.00270123
0.024425 0.00248892
-0.0328874 0.00300303
0.00798206 0.000194586
0.00200331 0.00127723
0.00155788 0.00408957
-0.0140326 0.0151925
0.0160719 0.0208347
0.0392145 0.0569389
-0.0328211 0.0360598
-0.0441859 0.0819788
0.0217334 0.0197674
0.016101 0.0397238
0.0126896 0.00011009
-0.0206981 0.000242779
-0.00435071 0.000452323
0.00631588 0.000734173
-0.092943 0.00113427
0.0247892 0.00170791
0.308778 0.00245613
0.0621278 0.00344337
-0.275087 0.00355961
-0.141709 0.00430906
0.00475337 5.90429e-05
0.00763562 0.000123668
0.000494319 0.000209049
0.00728143 0.000285298
-0.00720385 0.000356151
-0.0326059 0.000436751
0.0276515 0.000503763
0.048122 0.000597636
-0.0174589 0.000555406
-0.0214618 0.000657687
0.00468213 0.000121925
-0.0023121 0.000806758
0.00638032 0.00261978
0.0210176 0.00974798
-0.0152282 0.0134677
-0.0667156 0.0369758
0.0141613 0.0235287
0.0888188 0.0537638
0.003028 0.0130157
-0.0421217 0.0262716
0.0112455 0.000110767
-0.00379159 0.000287542
-0.025755 0.000628162
-0.0140574 0.00105565
0.00639322 0.00149631
-0.00979111 0.00194134
0.0498562 0.0024555
0.100074 0.00298458
-0.0355485 0.00306258
-0.071019 0.00308102
0.00872885 0.0001118
0.00787981 0.000258664
-0.00740481 0.000456323
0.0310878 0.000659979
0.0236466 0.000844986
-0.12314 0.00106396
-0.0494162 0.00126122
0.179683 0.00153944
0.0387218 0.00139757
-0.0923141 0.00171877
0.00770077 0.000190711
-0.000252994 0.00123935
2.64352e-06 0.00397228
0.00203982 0.0146719
0.0182176 0.0200673
0.00113368 0.0548121
-0.0428109 0.0344963
-0.00891517 0.0787022
0.0308908 0.0188044
0.00588713 0.038034
0.0119238 0.000145355
-0.0197731 0.00042895
-0.0346014 0.00100265
0.0182229 0.00184235
0.184011 0.0028414
0.0276526 0.00394681
-0.497621 0.00532987
-0.22758 0.0068013
0.508513 0.00724349
0.357313 0.00716177
