0.00263484 0.000186992
0.00548252 0.00122325
-0.00127574 0.00399188
-0.0127149 0.0158117
0.0117464 0.0217242
0.0256779 0.0643966
-0.0219218 0.0414931
-0.0099396 0.101472
0.0220785 0.0256807
-0.000824738 0.0542906
0.00328831 0.000204822
0.00228836 0.00134098
-0.00403835 0.00425853
-0.0240014 0.0163222
0.0320905 0.0220717
0.0822473 0.0619915
-0.0705765 0.0393165
-0.112483 0.0907154
0.0530336 0.0221958
0.0521648 0.0447821
0.0121306 0.000169986
-0.000284038 0.000333849
-0.0532534 0.000680931
-0.114434 0.000996273
-0.130569 0.00122176
0.534578 0.0014086
1.24509 0.00156959
-0.280184 0.00168917
-2.03099 0.00177404
-1.10248 0.00181671
0.00355939 0.000175008
0.00514096 0.000612362
-0.00783629 0.00159623
0.00375465 0.00319697
0.0274943 0.00506748
0.0274603 0.00677972
0.0566583 0.00870478
-0.109418 0.0109189
-0.124262 0.0113084
0.140313 0.0114116
0.00469808 0.000284666
-0.00213552 0.00175925
-0.0127595 0.00601991
0.035075 0.0217756
0.103036 0.0309032
-0.12093 0.0836111
-0.213078 0.0540734
0.146452 0.122557
0.135501 0.0300089
-0.0574787 0.0602871
0.0137795 0.000241616
-0.00524332 0.000493629
-0.0555736 0.000952152
-0.00801956 0.00140647
0.167329 0.00168773
-0.137185 0.00192164
-0.811153 0.00211404
0.194881 0.00226492
1.74257 0.00238459
1.01985 0.00246456
0.00407815 0.00015443
0.00557374 0.000412403
-0.00628456 0.000862231
0.0584282 0.00131112
0.087151 0.00172606
-0.224086 0.00211057
-0.195503 0.00243972
0.319485 0.00285731
0.134914 0.00247155
-0.152034 0.00292979
0.0059049 0.00031574
-0.00020233 0.00211023
-0.00186892 0.00657295
0.00874926 0.0250154
0.00943254 0.0336655
-0.0442014 0.093835
-0.011944 0.0589554
0.0663367 0.135628
0.0126993 0.032785
-0.0313998 0.0661441
0.016497 0.000259095
-0.00630688 0.00060019
-0.100905 0.00121226
-0.0442308 0.00175304
0.463223 0.00223187
0.12946 0.00253021
-1.42938 0.00274653
-0.476439 0.00283953
1.92648 0.00283364
1.27627 0.00275599
0.00351041 0.000186827
0.0107714 0.000711178
0.0297867 0.00198787
0.000285846 0.00401967
-0.30538 0.0062457
-0.0138872 0.00848772
1.21708 0.0102317
-0.37176 0.0115947
-1.62961 0.0119619
1.08409 0.0110383
0.00433058 0.000268379
0.00260301 0.0018445
0.0187203 0.00600614
-0.0200708 0.0223461
-0.0604083 0.0309451
0.0560876 0.084602
0.0688188 0.054046
-0.0684339 0.12271
-0.0185732 0.0299259
0.0308514 0.0598991
0.0145628 0.000246482
-0.0129759 0.000634683
-0.0845407 0.00137261
-0.0592456 0.00214449
0.233885 0.00289628
0.45386 0.003353
-0.0162497 0.00367485
-0.667409 0.00382111
-0.600158 0.00381032
-0.166744 0.00364989
0.00192081 7.86173e-05
0.00503814 0.000241878
0.000175323 0.000529996
0.0149587 0.000864956
0.0345814 0.00120845
-0.082587 0.00159886
-0.0919874 0.00205577
0.152132 0.00263054
0.0719696 0.00238482
-0.0937317 0.00289133
0.00290592 0.000156745
0.00174943 0.00102703
0.00573343 0.00333592
-0.0239136 0.0121846
-0.0240895 0.017012
0.0977399 0.0457718
0.0385872 0.0294739
-0.145941 0.0661271
-0.0178646 0.0161699
0.0705902 0.032147
0.00712409 0.000122326
-0.0185931 0.00035058
-0.0343409 0.000749793
0.0542806 0.00124228
0.134307 0.00170611
0.0161127 0.00195775
-0.160718 0.00212983
-0.207746 0.00221199
-0.179959 0.00220932
-0.0780528 0.00211051
0.00278375 0.000199974
0.0047313 0.00132227
0.000440361 0.00461671
-0.0119996 0.0174903
0.00973186 0.0261325
0.0842825 0.0731686
-0.000825877 0.051226
-0.164285 0.117802
-0.00377627 0.0322994
0.104836 0.0641204
0.00418466 0.000236284
-0.00197406 0.00156199
-0.0100966 0.00491529
0.0155608 0.0189141
0.075181 0.0254057
-0.0453216 0.0717146
-0.152575 0.044767
0.0596668 0.104468
0.0995256 0.0249888
-0.0293508 0.0512184
0.0144999 0.000180251
0.00850073 0.000308333
-0.0724322 0.000607777
-0.225938 0.000795069
-0.0212259 0.000890721
0.964271 0.000973232
0.978525 0.00102948
-0.976443 0.00106028
-1.83623 0.00106329
-0.707361 0.00103056
0.00445648 0.000175875
0.00959306 0.000461373
0.00466955 0.000913349
0.0174743 0.00137268
0.00384549 0.0017218
-0.0780105 0.00205542
-0.00598637 0.00235448
0.119828 0.00277104
0.00845228 0.00249814
-0.0558552 0.00293559
0.00593938 0.000337533
0.00513827 0.00226676
0.00382656 0.00717077
-0.0530422 0.027282
0.00794511 0.0370733
0.162934 0.103358
-0.0423499 0.0651033
-0.186057 0.150474
0.0442153 0.0361729
0.0693893 0.0736899
0.0167053 0.000318685
-0.00237821 0.00073128
-0.0383303 0.00143544
-0.0821799 0.00219799
-0.117 0.00261517
0.227707 0.00287868
0.579768 0.00308594
-0.00702987 0.00318503
-0.663733 0.00318526
-0.359669 0.0030596
0.0054741 0.00025036
0.0113563 0.000925076
-0.0206475 0.00261247
-0.0188647 0.00522702
0.328476 0.00824673
0.13367 0.0113792
-1.53475 0.0141157
0.243195 0.0161852
2.43959 0.0167466
-1.56153 0.0154242
0.00652253 0.00038878
0.00544407 0.00247252
0.0135988 0.0082978
-0.0749146 0.0301033
-0.0533629 0.0421731
0.294285 0.114616
0.0738091 0.0733063
-0.429549 0.166939
-0.0216471 0.0404677
0.206203 0.0816511
0.0189316 0.000326876
-0.000723443 0.000794914
-0.0714419 0.0017006
-0.177202 0.00256923
0.0039909 0.00341807
0.649517 0.00407594
0.645153 0.00459695
-0.477723 0.00488477
-1.05555 0.00490847
-0.454098 0.00470249
0.00538505 0.000237782
0.0163605 0.000903731
-0.0149531 0.00257857
-0.0675115 0.00501522
0.138663 0.00824803
0.25043 0.0110606
-0.375398 0.013099
-0.240494 0.0145868
0.279946 0.0149725
0.0405308 0.0137827
0.0063667 0.000355582
0.00189674 0.00239734
0.00331368 0.00765312
-0.0137412 0.0287116
0.01121 0.0392929
0.0267902 0.108334
-0.0429005 0.0682851
-0.0130041 0.156798
0.0376819 0.0375686
-0.00417384 0.0762949
0.0167457 0.000360153
-0.0137013 0.00100444
-0.0733807 0.00226846
-0.0614806 0.00391852
0.0724583 0.00510675
0.316239 0.00571686
0.417327 0.00622326
-0.104751 0.00649273
-0.639567 0.00649814
-0.344682 0.00617063
0.00295171 0.000104307
0.0110457 0.000307717
0.000715535 0.000627408
-0.0422568 0.00103249
-0.0100353 0.00132744
0.158692 0.0015543
0.0808455 0.00169714
-0.272123 0.00196507
-0.0810914 0.00188858
0.166499 0.00220372
0.00417773 0.000216656
-0.000880051 0.00137112
-0.00228313 0.00447198
0.02226 0.016316
0.0271096 0.0226056
-0.106172 0.0609473
-0.0548388 0.0389292
0.167657 0.0875361
0.0330605 0.0212359
-0.084238 0.0423287
0.00798137 0.000168864
-0.0197765 0.000525966
-0.00741445 0.0012054
-0.0443721 0.00204317
-0.167192 0.0029934
0.674123 0.00356455
1.40766 0.00396292
-1.03676 0.00418307
-3.25559 0.00420143
-1.59075 0.00397544
0.00324129 0.000243435
0.00488371 0.00167141
0.0022122 0.00540121
-0.00329165 0.0218013
0.00611293 0.029808
0.0450771 0.0891966
0.00183434 0.0570106
-0.0725127 0.140792
-0.00056789 0.0351193
0.0383092 0.0752352
0.00481936 0.000292982
0.0044737 0.00190181
-0.0012437 0.00614797
-0.0471646 0.023025
0.0277969 0.0315492
0.169922 0.0869673
-0.068598 0.0554967
-0.25106 0.126383
0.053261 0.0309476
0.128775 0.0619202
0.0154537 0.000260558
0.00146981 0.000524138
-0.0505674 0.00103293
-0.174852 0.0015013
-0.137979 0.00174864
0.774287 0.00192922
1.11486 0.00206652
-0.71454 0.00213789
-1.80122 0.00214487
-0.745936 0.0020649
0.00474505 0.00024242
0.0153129 0.000900097
-0.00439018 0.00244594
-0.0448161 0.00500112
0.176496 0.00799005
0.165473 0.0109854
-0.77804 0.0142952
0.0259394 0.0173159
1.07079 0.0182272
-0.59884 0.0170606
0.0067984 0.000395103
0.00335584 0.00260577
-0.00776471 0.00841044
-0.028231 0.0313976
0.0669332 0.0435811
0.0834083 0.119244
-0.129424 0.0766413
-0.102555 0.173952
0.0838999 0.0426257
0.0449163 0.0853444
0.0184981 0.000318745
0.00846515 0.000698682
-0.0374798 0.00143694
-0.239217 0.00208028
-0.219121 0.00265874
0.761821 0.00313497
1.07126 0.00351916
-0.469494 0.00374727
-1.25315 0.0037586
-0.481473 0.0036571
0.00556617 0.000290954
0.00954753 0.00107623
0.0295695 0.00292012
0.0887528 0.0061175
-0.209733 0.00951662
-0.315332 0.0129097
0.791547 0.016371
0.112726 0.0194326
-1.0097 0.0203428
0.538786 0.0189716
0.00815504 0.000455153
-0.000703821 0.00293779
0.00430818 0.00987846
0.00570534 0.0353364
0.0267067 0.0507445
0.0146322 0.133944
-0.0926863 0.0885745
-0.0587213 0.194926
0.0763335 0.0490485
0.0383522 0.0954916
0.0204894 0.000458417
-0.00150844 0.0012738
-0.0470794 0.00268844
-0.154199 0.00443929
-0.132826 0.00574328
0.490799 0.00643475
0.831135 0.00701115
-0.237479 0.00730779
-1.08023 0.00731087
-0.507653 0.00697613
0.00700082 0.000294125
0.0221231 0.00114088
-0.0172043 0.00312368
-0.13889 0.00607386
0.227592 0.00988322
0.670987 0.0127492
-1.17016 0.0148426
-0.779741 0.0164171
2.13087 0.0168344
-0.918483 0.0155582
0.00730387 0.000411237
0.00210235 0.00276784
0.0136844 0.00886606
-0.04909 0.0329597
-0.0374961 0.0456334
0.217631 0.124037
0.0378312 0.0796519
-0.334818 0.179549
-0.00351419 0.0440071
0.165526 0.0875283
0.0194776 0.000414648
0.00471871 0.00123377
-0.096013 0.00293507
-0.443348 0.00517328
0.0344476 0.00720624
2.2765 0.00836876
2.00458 0.00931636
-2.94875 0.00989812
-5.09835 0.0099801
-2.03125 0.00940038
0.00339054 0.000141761
0.00907681 0.000491699
0.00423838 0.00134239
0.0112956 0.00274284
-0.0427225 0.00427929
-0.0791562 0.00581192
0.269119 0.00742888
0.0144275 0.00885124
-0.438666 0.00926569
0.265768 0.00868678
0.00473549 0.000239899
0.000495077 0.00153701
0.0005497 0.00488858
-0.00753271 0.0181767
-0.00711388 0.0245239
0.0328655 0.0674838
0.0240464 0.0421442
-0.0509963 0.0964491
-0.0160822 0.0229631
0.0261216 0.046454
0.00874512 0.000204246
-0.0197085 0.000648864
-0.0210321 0.00150262
-0.0551456 0.00278309
-0.0355191 0.00374147
0.768844 0.00418829
1.01439 0.00453681
-1.45907 0.00472657
-3.12284 0.00472923
-1.39315 0.00449019
0.00349924 0.000169678
0.0048237 0.000489928
0.0086077 0.000979054
0.0109832 0.00155711
-0.0376446 0.00205822
-0.0454491 0.00254576
0.076178 0.00301898
0.0922086 0.00363064
-0.0360588 0.00309144
-0.0499182 0.00371753
0.00511982 0.000312286
0.00427229 0.0020462
0.00111872 0.00657662
-0.0411759 0.0245875
0.00802918 0.0338928
0.116641 0.0931584
-0.0382223 0.0598231
-0.123095 0.136108
0.0431497 0.0334859
0.0414051 0.0670369
0.0166499 0.000235063
0.00400729 0.000410634
-0.0427979 0.000773676
-0.136997 0.0010274
-0.278831 0.00116812
0.42859 0.00128521
1.39399 0.00137282
0.0414137 0.00142227
-1.67022 0.00143141
-0.919168 0.00138548
0.00521062 0.000273661
0.00995899 0.0010013
0.00600742 0.00273287
0.043091 0.00572001
0.0141427 0.00912464
-0.202925 0.0125711
-0.0896748 0.016375
0.393407 0.0198227
0.160533 0.0208207
-0.307375 0.019397
0.00776908 0.000451245
-0.00525227 0.00293655
0.00480416 0.00953224
0.0429726 0.0351547
0.0067333 0.0484083
-0.0945653 0.131965
-0.0433141 0.0842325
0.0639283 0.190503
0.0441356 0.0466204
-0.00482608 0.0927803
0.0205284 0.000389793
-0.0028638 0.000923922
-0.0624788 0.00190322
-0.0720761 0.00278328
0.0643485 0.003588
0.151624 0.00422788
-0.139353 0.00475982
-0.118176 0.00506103
0.341547 0.0050738
0.266814 0.00491114
0.00651043 0.000315228
0.0194871 0.00121286
0.0252726 0.00337293
-0.0305736 0.00669053
-0.113936 0.0105504
0.116655 0.0145037
0.178796 0.0178795
-0.206594 0.0204727
-0.00244644 0.0212217
0.0474589 0.0195643
0.00895444 0.000480032
0.00899211 0.00316351
-0.00608209 0.0101801
-0.105605 0.038337
0.0770381 0.0522686
0.302723 0.145161
-0.171065 0.0914365
-0.32963 0.210776
0.117898 0.0507148
0.121029 0.102976
0.0225082 0.000430407
-0.000301578 0.00110575
-0.073871 0.00250425
-0.172719 0.00401521
0.0646496 0.00551396
0.496723 0.00675816
0.0989886 0.00774701
-0.371492 0.00833078
-0.00100963 0.00837855
0.158319 0.00798393
0.0076472 0.000317392
0.0112196 0.00113619
-0.0026285 0.00319513
0.0765988 0.00620735
-0.00717309 0.0099286
-0.322531 0.0133628
0.0919655 0.0160952
0.363171 0.0181375
0.00252553 0.0186872
-0.18807 0.0172305
0.00854272 0.000458597
0.0030749 0.00299834
0.0114175 0.00963958
-0.0145746 0.0355849
-0.0698416 0.049174
-0.00447091 0.134042
0.129877 0.0857622
0.0654122 0.194535
-0.0608978 0.0474568
-0.0507376 0.0950956
0.0199803 0.00038347
-0.000513707 0.000984587
-0.0442686 0.0023543
-0.252777 0.0039577
-0.327447 0.00564484
0.928741 0.00735426
2.03786 0.00897977
-0.378977 0.0100506
-2.90897 0.0102328
-1.52387 0.009709
0.00373994 0.000131195
0.0113196 0.000388609
0.00636574 0.000807955
-0.0116818 0.00136991
-0.0321997 0.00187467
0.0319406 0.00232521
0.112677 0.00271031
-0.1024 0.0032871
-0.102741 0.00316424
0.102714 0.00375006
0.0052275 0.00025286
0.000466275 0.00162842
-0.00295606 0.00522079
-0.000123516 0.0193735
0.0246349 0.0263513
-0.00334745 0.0723152
-0.03836 0.0453951
0.00481698 0.103656
0.0193671 0.0248168
-0.0024723 0.0500408
0.0108739 0.000213397
-0.0257638 0.000681876
-0.0618993 0.00165266
0.0239238 0.00306402
0.326569 0.00443679
0.339317 0.00517977
-0.534427 0.00571516
-0.973728 0.00602239
-0.250739 0.0060402
0.124724 0.00568421
0.00316032 0.000272806
0.000819359 0.00180237
0.00742189 0.00624954
0.0596264 0.0235014
-0.0099257 0.0346601
-0.177987 0.0974524
0.0149253 0.0667631
0.21635 0.156008
-0.000657434 0.0415509
-0.0867631 0.0845239
0.00445917 0.000316375
0.00127642 0.00213269
0.00853748 0.00681036
-0.0273015 0.0261626
-0.0187025 0.0352973
0.103071 0.0997148
0.00781373 0.0625263
-0.140642 0.145704
0.0152368 0.0350976
0.0652589 0.0716567
0.0174313 0.000282116
-0.00144684 0.000534484
-0.0932356 0.00106691
-0.0585418 0.00146788
0.217204 0.00170591
0.104618 0.00194012
-0.445693 0.00214482
0.0199984 0.00231562
0.87138 0.002444
0.503459 0.00250439
0.00591437 0.000296696
0.0134454 0.00105536
-0.00617772 0.00275146
-0.00721463 0.00544157
0.17183 0.00820167
-0.00639368 0.0107963
-0.685303 0.0140355
0.315935 0.0178886
0.81959 0.0192679
-0.586298 0.0188973
0.00799506 0.000464479
1.3163e-05 0.00312044
0.00120337 0.009843
-0.00742046 0.0370267
0.0119839 0.0507568
0.0508906 0.139514
-0.0435307 0.0891452
-0.0907373 0.202808
0.0477178 0.0496103
0.0452227 0.0993659
0.0210475 0.00042992
-0.000510427 0.00108564
-0.0463674 0.00222736
-0.102003 0.00344495
-0.125655 0.00459091
0.215579 0.00546582
0.554272 0.00617418
0.0852619 0.00657021
-0.472518 0.00661947
-0.269392 0.00630781
0.00801566 0.000367874
0.0247464 0.00143407
0.000500292 0.00387772
-0.152693 0.007611
0.156015 0.0122817
0.960572 0.0157777
-1.58114 0.0182316
-1.44652 0.0200115
4.12752 0.0204109
-2.06871 0.0188969
0.00850984 0.000514843
-0.00240598 0.00338731
0.0118881 0.0110703
0.0468571 0.0415281
-0.0183575 0.0566197
-0.200441 0.15786
0.00448385 0.098956
0.291205 0.229278
0.0190233 0.0549216
-0.136901 0.111951
0.0241466 0.000503348
0.00198352 0.00138103
-0.0739315 0.00300319
-0.178001 0.00493966
0.0261701 0.00672037
0.313442 0.00784954
-0.084358 0.00872529
0.103403 0.00920558
0.9605 0.00923987
0.611245 0.00876947
0.00880601 0.000360709
0.0168995 0.001329
-0.0164653 0.00367847
0.00154363 0.0071215
0.109803 0.0116338
-0.0214851 0.0153867
-0.419505 0.0181431
0.135294 0.0200886
0.788042 0.020554
-0.572947 0.0189542
0.0094494 0.000516512
-0.00303466 0.0033509
-0.00251434 0.0107996
0.0160966 0.0401241
0.0545989 0.0545183
-0.0429705 0.150372
-0.140487 0.0943106
0.0655239 0.216422
0.104612 0.0519801
-0.0390681 0.105042
0.0205673 0.000467015
-0.0206761 0.0013749
-0.050119 0.0032512
0.00523043 0.00552899
-0.010384 0.00806817
-0.132478 0.0101354
0.0369686 0.0117328
0.479849 0.0126746
0.518845 0.0128061
0.178871 0.0120309
0.00448033 0.00018464
0.0135123 0.000697726
-0.00749093 0.0019369
-0.0489334 0.00377847
0.0755993 0.00606214
0.269277 0.0076873
-0.279505 0.00886261
-0.538265 0.00976719
0.646269 0.0100144
-0.111557 0.0092893
0.00528186 0.000277379
-0.00136435 0.00177792
0.00178068 0.00573396
0.0260984 0.0211613
0.00421025 0.028938
-0.10967 0.0790887
-0.0112311 0.0497204
0.158625 0.113485
0.00836494 0.0270605
-0.0741457 0.0547732
0.0106078 0.000204596
-0.0293838 0.000596418
-0.0419551 0.00154202
0.110889 0.00278228
0.101695 0.00419543
-0.19332 0.00573445
0.0815381 0.00708634
0.227847 0.00791148
-0.443504 0.00806968
-0.41333 0.00754809
0.00374175 0.000186625
0.00971455 0.000574514
0.00327267 0.00125447
-0.0342475 0.00209471
-0.00920261 0.00287189
0.125721 0.00364405
0.0362647 0.0044399
-0.16572 0.00538532
-0.0210104 0.0042996
0.0803386 0.00517963
0.00489718 0.000321075
0.000244669 0.00221383
0.0104318 0.00702445
-0.00519736 0.0264821
-0.0296526 0.036418
0.0314193 0.100303
0.0220237 0.0638888
-0.0563926 0.145997
0.00881634 0.0354859
0.0314036 0.0715072
0.0163689 0.000268678
-0.00972052 0.000509219
-0.0623494 0.000918682
0.010002 0.00126916
0.0866084 0.00147006
-0.0427896 0.0016215
-0.159973 0.00172648
0.0901458 0.00177552
0.336281 0.00177487
0.169271 0.00171602
0.0056564 0.00031716
0.0112979 0.00119722
0.00198603 0.00348007
0.0172989 0.00688918
-0.0161454 0.0108586
-0.034865 0.0149946
0.392125 0.0184222
-0.135497 0.0210603
-0.910392 0.0218354
0.711945 0.0201702
0.00858922 0.000500739
-0.00128823 0.00330199
-0.0134208 0.010427
0.0112353 0.0392034
0.0965219 0.0538632
-0.0297312 0.147654
-0.179968 0.0943494
0.0305223 0.214264
0.111835 0.0522211
-0.0109604 0.10466
0.0215645 0.000462863
-0.00199404 0.00121552
-0.0649007 0.0025989
-0.0429149 0.00410397
0.0882592 0.00558874
-0.0756367 0.00678598
-0.387456 0.00780059
0.22105 0.00840569
0.900577 0.0084921
0.45543 0.00804243
0.00870747 0.000372889
0.0195195 0.0012907
0.00471964 0.00345005
0.00307936 0.00685869
-0.0068545 0.0105726
0.0332934 0.0142978
0.0647123 0.0181007
-0.212656 0.0213478
-0.0573599 0.0222556
0.186576 0.0207917
0.0112616 0.000578957
-0.00248683 0.00367602
-0.0308693 0.0118897
0.0301941 0.0442641
0.17959 0.0609519
-0.132489 0.167762
-0.312692 0.106425
0.205325 0.244047
0.181876 0.058806
-0.101453 0.119294
0.0225792 0.000534075
-0.00519484 0.00155524
-0.0419091 0.00364802
-0.10665 0.00605795
-0.0773362 0.00849372
0.180392 0.0105054
0.268876 0.0122524
0.113297 0.0134731
0.0108799 0.0137136
-0.00552037 0.0129665
0.0091281 0.00035585
0.0175854 0.00121388
-0.048339 0.00350895
0.000739806 0.00656928
0.381832 0.0102153
-0.0974099 0.0138677
-0.866066 0.0168342
0.432087 0.018945
0.493254 0.0194231
-0.290118 0.017958
0.00930046 0.000503399
0.00242733 0.00333329
-0.0098651 0.0109153
-0.0202033 0.0398472
0.100691 0.0564586
0.037464 0.150945
-0.190332 0.0981411
-0.023165 0.219102
0.111126 0.0538781
0.00500019 0.106767
0.0223138 0.000420543
-0.0200327 0.00105567
-0.0947071 0.00232568
-0.0188887 0.00398543
0.188301 0.00587018
0.096638 0.00790785
0.0395377 0.0102758
0.0982537 0.0128237
-0.30378 0.0131363
-0.317339 0.0136019
0.00550482 0.000206684
0.0125695 0.000777836
-0.0164326 0.00209847
0.0164454 0.00425842
0.152781 0.00678899
-0.122265 0.00835984
-0.542488 0.00949486
0.230457 0.0103102
1.00172 0.0104848
-0.72329 0.00971584
0.00565072 0.000294964
0.000127681 0.00193005
0.0123927 0.00621835
-0.00033128 0.0229532
-0.0640234 0.0312856
0.0112655 0.0858697
0.113907 0.0537662
-0.0347331 0.123311
-0.0595163 0.0293607
0.0251633 0.0596131
0.0113013 0.000242645
-0.0306016 0.000765118
-0.0413635 0.00198307
0.0930495 0.00339619
0.123775 0.00518726
-0.0787505 0.00690726
-0.0109031 0.00830658
-0.0155053 0.00913053
-0.386807 0.00926782
-0.278825 0.00863186
0.00391045 0.000155274
0.00392006 0.000448132
0.00566267 0.000954135
0.0361779 0.0015463
-0.0173949 0.00209866
-0.120346 0.00266576
0.0428934 0.00325363
0.176171 0.0039431
-0.0207961 0.00317026
-0.0850943 0.00382967
0.00494325 0.000269107
0.0030908 0.00180542
0.00894775 0.00585702
-0.0296127 0.0220053
-0.0205478 0.0304668
0.105949 0.0842145
0.00577633 0.0537883
-0.146054 0.123576
0.0203514 0.0300472
0.0663755 0.0609222
0.0172274 0.000259674
-0.00289728 0.000556149
-0.0636215 0.00111093
-0.0234006 0.00167347
0.0325072 0.00202952
-0.06968 0.00234278
-0.0172883 0.00263028
0.334661 0.00285587
0.388408 0.00301531
0.117112 0.00306932
0.0063035 0.000230438
0.0123364 0.000739762
-0.00813728 0.00166138
0.018727 0.0029969
0.132601 0.00454069
-0.115626 0.00619334
-0.398221 0.00807533
0.351786 0.0102948
0.387823 0.0100683
-0.355653 0.0113448
0.00861213 0.000414941
-0.000442118 0.00271453
-0.00166363 0.00855277
0.0061472 0.0323527
0.0189847 0.0436166
-0.0254213 0.121231
-0.0409527 0.0761445
0.0368504 0.175031
0.0367946 0.0421546
-0.0170406 0.0852142
0.01907 0.000358675
0.00172823 0.000916331
0.0205838 0.0018943
-0.136712 0.00293785
-0.678447 0.00392218
0.172988 0.00469612
2.28723 0.00532287
0.855914 0.00568625
-2.28818 0.00574317
-1.5379 0.00549062
0.00755552 0.000302762
0.0160031 0.00109046
0.0228221 0.00295128
0.0446885 0.00595184
-0.0738211 0.00939151
-0.126618 0.0130763
-0.0328044 0.0165725
0.14234 0.019141
0.464688 0.0198015
-0.431903 0.0182629
0.00993542 0.000472679
-0.00219994 0.00305937
-7.67679e-05 0.0101697
0.030221 0.0368552
0.0406811 0.0519514
-0.124735 0.139989
-0.103439 0.0900662
0.198596 0.203491
0.0796528 0.0495781
-0.103948 0.0993726
0.0237879 0.000400441
-0.00909657 0.00100479
-0.0774571 0.00222543
-0.124511 0.00368801
0.1834 0.0051716
0.474343 0.00666099
-0.349571 0.00821001
-0.677938 0.00942579
0.366345 0.00959963
0.483749 0.00931194
0.0106262 0.000329769
0.025999 0.00115967
-0.0413676 0.00318842
-0.144921 0.00606375
0.428802 0.00945931
0.735105 0.0125176
-1.96662 0.0149828
-0.725223 0.016882
3.31532 0.0174243
-1.59597 0.0161526
0.0105198 0.000455782
-0.00128111 0.00303121
-0.00651598 0.0094409
0.0458001 0.0358725
0.0467496 0.0483594
-0.240621 0.134538
-0.095453 0.0844775
0.408947 0.194543
0.0723083 0.0468159
-0.218735 0.0948506
0.0239638 0.00039478
-0.00937005 0.00107702
-0.139488 0.00266214
-0.183816 0.00459544
0.577489 0.0067206
0.846739 0.00898819
-1.01713 0.0114128
-1.37598 0.013168
0.559063 0.0135788
0.718322 0.0127673
0.00515896 0.000153243
0.0109659 0.000453533
-0.00636819 0.00111659
0.0186846 0.00194573
0.0533306 0.00273645
-0.106106 0.0035449
-0.0981342 0.00459233
0.16037 0.00590501
0.0571106 0.00639677
-0.074657 0.00676681
0.00653186 0.00026165
0.00351579 0.001677
-0.000600151 0.00531699
-0.0330342 0.019594
-0.00934309 0.0265583
0.112023 0.0727195
0.0344731 0.0453106
-0.151923 0.103865
-0.0234386 0.0245664
0.0702084 0.0499638
0.0108867 0.00019985
-0.0201426 0.000636514
-0.0398168 0.00165854
-0.0864687 0.00297924
0.0932728 0.00470636
0.861424 0.00629287
0.668673 0.00745491
-1.53431 0.00812291
-2.54943 0.00823355
-1.04451 0.00764346
0.00338077 0.000180323
0.0071828 0.00124395
0.0123211 0.00410754
0.00198761 0.0158385
-0.0386285 0.0226193
-0.00244486 0.0645889
0.0728653 0.0429212
0.0105056 0.101928
-0.0371841 0.0262633
-0.00399907 0.0544952
0.00490962 0.000215264
0.000476154 0.00143747
0.00751021 0.00468583
-0.0180365 0.0174293
-0.0140275 0.0243762
0.0939583 0.0664932
0.00588751 0.0430155
-0.157974 0.0973133
0.0126099 0.0240034
0.0826934 0.0478686
0.0165204 0.000180933
0.00317643 0.000382369
-0.0299141 0.000784887
-0.113003 0.00116353
-0.308548 0.0015414
0.26831 0.00193203
1.31759 0.00232394
0.285493 0.00266173
-1.44877 0.00283349
-0.901953 0.00292306
0.00651783 0.000175899
0.0146704 0.000470499
0.0083204 0.000913399
0.00158765 0.00146547
-0.0428538 0.00195454
0.00435299 0.00245512
0.151074 0.00286563
-0.0459618 0.00348889
-0.123151 0.00334688
0.0605815 0.00408539
0.00850052 0.000344092
-0.0024198 0.00227179
0.00667374 0.00726494
0.0292035 0.0272888
-0.00713602 0.0370987
-0.0726536 0.103026
-0.0105158 0.0644795
0.06418 0.149205
0.0254714 0.0355193
-0.0182025 0.0726424
0.0214451 0.000301716
-0.00683201 0.000737698
-0.0234521 0.00157206
-0.0468405 0.00242479
-0.298096 0.00321258
-0.00816371 0.00391507
1.02625 0.00455902
0.541516 0.00500494
-0.926166 0.00506515
-0.682262 0.00488645
0.00812331 0.00025491
0.0209781 0.000909587
0.0317076 0.00238617
-0.0372093 0.00483378
-0.24968 0.0074367
0.21341 0.0100605
0.758178 0.0128358
-0.621486 0.0152817
-0.72024 0.0159846
0.638329 0.014916
0.00949978 0.000377285
0.00300854 0.00254366
0.0231909 0.00813491
-0.0441813 0.030536
-0.0749677 0.0415235
0.155332 0.114913
0.0889877 0.0720267
-0.199974 0.165853
-0.0228515 0.0396066
0.0860397 0.0805336
0.0238012 0.000318707
-0.0110488 0.000785964
-0.059234 0.00172904
-0.074358 0.00290803
-0.0516403 0.00421681
0.186832 0.00563495
0.477389 0.00728778
0.0724478 0.00876277
-0.520751 0.00911433
-0.308388 0.00886953
0.0097215 0.000253551
0.0274896 0.000873432
0.0135353 0.00232041
-0.124428 0.00446969
-0.0726576 0.00704578
0.625381 0.00984632
-0.122228 0.0126431
-1.0591 0.0147209
0.76337 0.0153422
-0.0153449 0.0140985
0.0104348 0.000368212
-0.000722533 0.0024733
0.00807368 0.00780247
0.00227891 0.0291874
-0.0351695 0.040157
0.015543 0.109838
0.0648907 0.0700656
-0.0549363 0.159175
-0.0255663 0.0386855
0.0395572 0.077638
0.0232974 0.000325302
-0.0172043 0.000899285
-0.0865554 0.00220289
-0.100931 0.00386041
0.160498 0.00563955
0.467712 0.00749262
0.0803899 0.0094213
-0.514357 0.0108144
-0.367367 0.0111042
-0.031662 0.0104461
0.00495948 0.00014609
0.0157116 0.000564522
0.0200614 0.00148321
-0.0699207 0.00294364
-0.12226 0.00465655
0.519408 0.00590814
-0.0694282 0.0068138
-1.191 0.00748384
1.32765 0.00764762
-0.413975 0.00708923
0.00617661 0.00021346
0.00564867 0.00139785
0.0026591 0.00441743
-0.0572144 0.0165672
-0.000624195 0.0222422
0.183554 0.0616915
-0.00296274 0.0381874
-0.225342 0.0882397
0.00456585 0.0208092
0.0922322 0.0425007
0.0111118 0.000153655
-0.0331905 0.00045485
-0.0388716 0.00114807
0.113808 0.00212545
0.221598 0.00327432
-0.193447 0.00463406
-0.669516 0.00604331
-0.0370797 0.00694377
0.785505 0.00712746
0.455357 0.00662364
0.00424321 0.000146736
0.00764418 0.000439594
-0.00229458 0.000966318
-0.00860783 0.00158427
0.0285342 0.00215526
0.0322226 0.00273599
-0.0458072 0.00334609
-0.0272749 0.00406779
0.0331546 0.003239
0.00790639 0.00391378
0.00534502 0.000249525
-0.00357768 0.00166485
0.00188585 0.00536409
0.0435458 0.0202321
0.0159309 0.0277258
-0.148714 0.0770405
-0.0555928 0.0487517
0.201594 0.112475
0.0521946 0.0271676
-0.0945324 0.0552138
0.0177118 0.000196888
-0.00349721 0.000344892
-0.0728899 0.000624778
-0.0214348 0.000828746
0.108549 0.000924403
-0.0146692 0.000996263
-0.207918 0.00103916
0.108218 0.00105785
0.449835 0.00105765
0.226963 0.00103608
0.00704973 0.000246977
0.016649 0.000900549
-0.00254323 0.00245631
0.00115638 0.00502001
0.10122 0.00778765
-0.0449377 0.0105657
-0.374294 0.0134363
0.223917 0.0159697
0.471953 0.0167165
-0.364087 0.0155838
0.00843416 0.000375551
0.0049884 0.00247169
0.0067293 0.00793008
-0.0330779 0.0299498
0.0112439 0.0405588
0.0781872 0.113002
-0.0603616 0.0710038
-0.083001 0.163758
0.0600232 0.0394288
0.0343425 0.07995
0.0224156 0.000368195
0.000135888 0.00100002
-0.0387121 0.00212496
-0.117631 0.00334118
-0.214263 0.00445435
0.272233 0.00517442
0.920456 0.00578468
0.107985 0.00614075
-1.0061 0.00617533
-0.581657 0.00588021
0.00911094 0.000304614
0.0187739 0.00114435
0.0162081 0.00314244
0.0529734 0.00598076
-0.0881108 0.00931741
-0.280986 0.012168
0.303737 0.0142613
0.351833 0.0158779
-0.379652 0.016271
0.0325265 0.0150923
0.0104016 0.000425928
0.000574352 0.00283192
0.00896084 0.00913819
0.0274042 0.0341378
-0.00241521 0.0469125
-0.151912 0.129227
-0.0340807 0.0818874
0.237535 0.187611
0.0460202 0.0453239
-0.114777 0.0916352
0.024144 0.000375658
-0.00949543 0.000976508
-0.0497925 0.00220021
-0.0921554 0.00377036
-0.0476297 0.00537386
0.253708 0.00695123
0.253968 0.0086194
-0.161793 0.00999987
-0.127774 0.0102044
0.0611802 0.00986744
0.0122307 0.000319122
0.0286105 0.00112907
-0.0197859 0.00308138
-0.122848 0.00579586
0.0763837 0.00896998
0.525607 0.0117749
-0.310894 0.0140291
-0.806575 0.015809
0.667975 0.016329
-0.000571086 0.0151545
0.0111977 0.000425333
-0.00350515 0.00280344
-0.000297397 0.0089232
0.0359766 0.0332956
0.0155475 0.0457103
-0.0888435 0.125731
-0.0402401 0.0796746
0.066819 0.182661
0.0433798 0.0440263
-0.00782086 0.0892774
0.0262115 0.000375845
-0.0181727 0.00102716
-0.140385 0.00257889
-0.0718101 0.00453485
0.49083 0.00660352
0.333429 0.00874918
-0.773364 0.0109804
-0.498392 0.0126104
0.491665 0.0129566
0.338726 0.0121907
0.00615019 0.000156356
0.0141597 0.000541024
0.00378898 0.00149666
0.0127323 0.00284904
-0.0868126 0.00441075
-0.123384 0.00601041
0.550899 0.00738003
0.0168043 0.00837764
-0.977215 0.00862996
0.606145 0.0079777
0.00632073 0.000223741
-0.0015457 0.00151581
0.0118383 0.00478484
0.0129388 0.0180608
-0.0301019 0.0242981
-0.0291202 0.0674616
0.0348913 0.0418251
0.0186307 0.0966377
-0.0129263 0.0228058
-0.000661738 0.0465807
0.0124459 0.000192483
-0.035445 0.000636592
-0.0509294 0.00163369
0.132152 0.00294714
0.264841 0.00459203
-0.252129 0.00587824
-0.639077 0.00679109
0.0497025 0.00735302
0.504677 0.00744399
0.188624 0.00693325
0.00398618 0.000146763
0.00382807 0.000420735
0.00565156 0.000887616
0.0417914 0.00141577
-0.00788504 0.00191228
-0.142798 0.00243587
0.0129881 0.00299521
0.210258 0.00365525
0.00402019 0.0029491
-0.101361 0.00358779
0.00574155 0.000274072
-0.000447379 0.00179127
0.007828 0.00579264
0.0126219 0.0215906
-0.0377579 0.0294715
-0.0302079 0.0818993
0.0558147 0.0514002
0.0106464 0.119133
-0.0139134 0.0285307
0.00783855 0.0583014
0.0177197 0.000202256
0.00166715 0.00039721
-0.0547242 0.00075998
-0.0820111 0.00105342
-0.0799003 0.00130419
0.197382 0.00151768
0.520505 0.0016931
0.0537162 0.00179955
-0.537254 0.00181493
-0.305125 0.00175788
0.00672993 0.000220695
0.0162566 0.000583458
0.0174541 0.00116555
-0.0028235 0.00179449
-0.108734 0.00216237
0.0297515 0.00250742
0.31339 0.0027356
-0.15118 0.00316462
-0.23819 0.00314046
0.155627 0.00366614
0.00842654 0.000401191
0.00220489 0.00268559
0.0182775 0.00871203
-0.0169202 0.0322662
-0.0364262 0.0447056
0.0402988 0.121891
0.00266764 0.0778285
-0.0375392 0.176663
0.0325789 0.0429613
0.0103735 0.0861564
0.0229945 0.000363325
0.00333919 0.00090003
-0.059212 0.00197929
-0.118895 0.00316641
-0.0215285 0.00435429
0.219183 0.00554059
0.240236 0.00677592
0.0106883 0.00771016
-0.161024 0.00789252
-0.0960447 0.00757979
0.0103134 0.000336596
0.0129752 0.00122115
0.00171635 0.00344401
0.165891 0.00649083
-0.161477 0.0100971
-0.968646 0.0131612
1.34012 0.0153862
1.26423 0.0171337
-2.77432 0.0175554
1.14941 0.0162591
0.0110799 0.000463976
-0.00146498 0.00303034
-0.00391199 0.00969789
0.0246279 0.0364686
0.0539376 0.0495056
-0.0840764 0.137574
-0.119144 0.0862486
0.106502 0.199175
0.0888799 0.0476817
-0.0486652 0.0970453
0.0248671 0.000439042
-0.00467018 0.00127423
-0.0565045 0.00299341
-0.109628 0.00495004
0.00644676 0.00692253
0.163342 0.00848098
-0.0617535 0.00979662
0.0438094 0.0106864
0.509585 0.0108137
0.325055 0.0102025
0.011666 0.000279925
0.0180502 0.000828957
-0.00617467 0.00198026
0.0456938 0.0037992
-0.0445303 0.00602002
-0.185836 0.00842516
0.27662 0.0113854
0.0826124 0.0146085
-0.350094 0.0155325
0.195925 0.015389
0.0107261 0.000427303
8.13989e-05 0.00282553
0.00516088 0.00906098
0.00197121 0.0339376
0.0115294 0.0462826
-0.01946 0.127851
-0.0605389 0.0808174
0.0444204 0.185142
0.0638638 0.0448263
-0.029514 0.0903646
0.0253325 0.000345711
-0.0148609 0.000865338
-0.12523 0.00197494
-0.0882601 0.00339203
0.361727 0.00506031
0.345658 0.00693743
-0.300993 0.00925928
-0.332231 0.0115438
-0.10267 0.0122378
-0.0645039 0.012059
0.00654489 0.000165854
0.0145025 0.000556188
-0.0154108 0.00151265
-0.0264095 0.00295237
0.150071 0.00463717
0.126291 0.00649934
-0.58736 0.00838007
-0.078428 0.00976717
0.903821 0.0101497
-0.469084 0.00933693
0.00756007 0.000260741
0.000287966 0.00170159
0.000962125 0.00527738
-0.007662 0.0198046
-0.00286318 0.0263556
0.0419289 0.072773
0.00705693 0.0450976
-0.0690439 0.103299
-0.00314366 0.0245108
0.0361008 0.0495385
0.0126321 0.000202997
-0.029101 0.000654419
-0.0489242 0.0017342
0.0027051 0.00314324
0.239955 0.00495111
0.365355 0.00659784
-0.3524 0.00778635
-0.845748 0.00849812
-0.201429 0.00861897
0.149096 0.00800359
0.00356522 0.000150947
0.0071168 0.000455075
0.0106102 0.000938138
-0.00803385 0.00152692
-0.0218765 0.0020614
0.0834287 0.0026057
0.0370283 0.00316201
-0.167559 0.00382706
-0.0161795 0.00311498
0.10512 0.00375731
0.00592161 0.000288081
0.00237383 0.00187101
-0.00517972 0.00599701
-0.0226533 0.0225685
0.0379296 0.0308425
0.0758318 0.0853646
-0.071987 0.0541932
-0.105 0.124187
0.0510322 0.0301469
0.0503816 0.0608253
0.0172294 0.000229928
0.00669408 0.000481734
-0.0413726 0.000980364
-0.124355 0.00139852
-0.220797 0.00177336
0.286083 0.00209067
1.01691 0.00236292
0.149399 0.00252649
-1.08806 0.00254121
-0.634985 0.00245607
0.00801296 0.000289122
0.0153619 0.000996458
-0.0136925 0.00271007
0.0476751 0.00540696
0.170762 0.00842833
-0.31112 0.0115683
-0.517172 0.0151201
0.712014 0.0183126
0.494079 0.0192728
-0.569746 0.0179319
0.00844461 0.000426946
-0.00342575 0.00283203
0.0144719 0.00929317
0.0505532 0.0342955
-0.0171633 0.0478683
-0.193694 0.130292
-0.0277228 0.0837336
0.274121 0.189734
0.0499387 0.046438
-0.129119 0.0929229
0.0227817 0.000411305
0.00723334 0.00105626
-0.0284856 0.00239656
-0.197735 0.00374859
-0.414719 0.00495149
0.435585 0.00588171
1.72394 0.00670588
0.323148 0.00730481
-1.87529 0.00736742
-1.14388 0.00707883
0.0116399 0.000343421
0.018583 0.00112879
-0.0385359 0.00305915
0.0385521 0.00607223
0.226075 0.00938396
-0.241078 0.0127233
-0.48175 0.0162657
0.500339 0.0193329
0.393653 0.0201968
-0.388323 0.0188906
0.010735 0.000484548
0.00383682 0.00321975
0.0142856 0.0103475
-0.0453846 0.0390359
-0.0308996 0.0524431
0.196428 0.147185
-0.00703816 0.0911389
-0.314093 0.212595
0.0456885 0.0504689
0.161196 0.10346
0.0250901 0.000407274
-0.0140144 0.00103268
-0.0939703 0.00231555
-0.0292638 0.00402745
0.271246 0.00597257
0.013848 0.00805486
-0.540713 0.0105439
0.0294787 0.012935
0.559874 0.0135132
0.208993 0.0132128
0.0130598 0.000362669
0.0151557 0.00118368
-0.0307223 0.0032183
0.060429 0.00608936
0.0657402 0.00917012
-0.288641 0.0121716
0.169524 0.0151294
0.312637 0.0176234
-0.491987 0.0183203
0.214778 0.0170735
0.0110295 0.000483101
-0.00040286 0.00310844
0.00685479 0.0102133
0.0138147 0.03704
-0.0170106 0.0523197
-0.0435002 0.140029
0.014121 0.0912304
0.0160449 0.203694
0.0135549 0.0503904
0.0182549 0.0996834
0.0239051 0.000470196
-0.0187559 0.00148166
-0.0657459 0.00373786
-0.0679684 0.00660033
0.00936741 0.00976968
0.152206 0.0121746
0.222172 0.0140813
0.216355 0.0154328
0.149125 0.0157346
0.039253 0.0147365
0.00653888 0.000192969
0.0115247 0.000670446
-0.00365006 0.00185136
0.04098 0.0034936
-0.0265973 0.00539064
-0.250797 0.00714132
0.284938 0.00852629
0.304687 0.0095788
-0.561786 0.00984593
0.215366 0.0091222
0.00719804 0.000280927
-0.00263487 0.0018169
0.00536742 0.00570307
0.0176516 0.0212002
-0.0300291 0.0284253
-0.0338048 0.0780254
0.0596167 0.0485155
0.0156386 0.110765
-0.0349267 0.0262763
0.00356048 0.0530586
0.010391 0.000210169
-0.0305255 0.000705934
-0.0158573 0.001895
0.0403888 0.00353557
0.0554713 0.00562968
0.130461 0.00764602
-0.0205654 0.00911667
-0.337932 0.0100135
-0.178694 0.0101879
0.0396112 0.00946111
0.00410418 0.000142304
0.00694245 0.000422599
0.00770254 0.000911526
0.0128492 0.00150294
-0.0380651 0.00203932
-0.048989 0.00256051
0.1044 0.0030647
0.0916131 0.00366672
-0.0670265 0.00297575
-0.0481654 0.00355915
0.00592885 0.000257019
0.000694123 0.00172374
-0.000734373 0.005415
-0.00728032 0.020692
0.0292182 0.0278116
0.0281646 0.0780791
-0.0764821 0.0486827
-0.0374707 0.113192
0.0614716 0.0270369
0.014593 0.055259
0.0174007 0.000204666
-0.000363687 0.000399503
-0.0471521 0.000711481
-0.0608862 0.000964432
-0.101933 0.00113109
0.119025 0.00125792
0.553898 0.00135266
0.163716 0.00140069
-0.570446 0.00140452
-0.370454 0.00136597
0.00784524 0.000249136
0.0148949 0.000866218
-0.0210875 0.00234101
0.035395 0.00467436
0.251219 0.00733031
-0.229405 0.0101047
-0.767049 0.0133554
0.652122 0.016319
0.774161 0.0172459
-0.682407 0.0160563
0.00931879 0.000397909
0.00185195 0.00258591
0.0119627 0.00836809
0.00383244 0.0311337
-0.0224769 0.0425731
-0.0797803 0.117223
0.00472144 0.0739599
0.174605 0.169416
0.0202344 0.0407725
-0.101201 0.0824299
0.023172 0.000311479
0.00519206 0.000705645
-0.0622317 0.00143614
-0.190893 0.00227672
0.00982638 0.00319534
0.535144 0.00419733
0.257843 0.00529619
-0.409944 0.00639327
-0.320003 0.00655819
-0.0337649 0.00670778
0.0106997 0.000315274
0.0236337 0.00110304
0.0148647 0.00296194
-0.0297388 0.00568093
-0.139311 0.00894297
0.135392 0.0124148
0.407259 0.015708
-0.359059 0.0180985
-0.35389 0.0187551
0.333883 0.0172356
0.0111831 0.0004541
-0.00133051 0.00303895
0.0114808 0.00949462
0.0260909 0.0362551
-0.0233629 0.0487041
-0.115879 0.135958
0.0043657 0.0852701
0.177491 0.196517
0.0265974 0.0472525
-0.0875917 0.09576
0.0240789 0.00036491
-0.000225285 0.000874332
-0.0216505 0.00184003
-0.176011 0.00298787
-0.342153 0.00425734
0.381649 0.00569235
1.34055 0.00741647
0.215158 0.00927869
-1.3779 0.00981306
-0.80553 0.0101083
0.0118303 0.00030885
0.0187639 0.0010334
-0.0117485 0.00272366
-0.00356053 0.0052637
0.0420891 0.00797823
0.0817971 0.0107183
-0.0906084 0.0135957
-0.223267 0.016052
0.163416 0.0167436
0.0543403 0.0155979
0.0114546 0.000437964
0.00173787 0.00283615
-0.00422584 0.00910876
-0.0457547 0.0340625
0.0635384 0.0462729
0.194049 0.127882
-0.13522 0.0803047
-0.277722 0.184312
0.0915529 0.0442072
0.127951 0.0894458
0.023223 0.000365056
-0.0237308 0.00101031
-0.024998 0.00241906
-0.0178969 0.00427949
-0.438472 0.00639828
0.00141825 0.00878866
2.09274 0.0115369
0.895432 0.0136233
-2.63499 0.0141682
-1.85273 0.0132969
0.00683282 0.000144115
0.0117139 0.000391732
-0.00121262 0.000810936
0.0363029 0.00138015
0.012311 0.00202723
-0.183748 0.00278851
-0.0318028 0.0036716
0.277275 0.00475076
0.0290954 0.00470219
-0.137036 0.00545328
0.00751267 0.000258151
-0.00180784 0.00168148
0.00172905 0.00530147
0.0239209 0.0196432
-0.00483118 0.0266013
-0.0842393 0.0727388
0.00966596 0.0455244
0.115052 0.103781
-0.00327896 0.0247334
-0.0546954 0.0499151
0.0115612 0.000186447
-0.0382163 0.000596383
-0.0115303 0.00157994
0.141477 0.00300743
-0.0549045 0.00481998
-0.358434 0.00685941
0.269885 0.00855301
0.598323 0.00952537
-0.168698 0.00971655
-0.308701 0.00896967
0.0040361 0.000143838
0.0078596 0.000435328
0.00388125 0.000968511
0.0047299 0.0016151
-0.00953408 0.00223149
-0.0336641 0.00286673
0.0347557 0.00353334
0.0847578 0.00430625
-0.0161159 0.0033976
-0.0518336 0.00411745
0.0060357 0.000264352
0.00214372 0.00172789
-0.0026499 0.00552079
-0.0080686 0.0207492
0.0292217 0.0282017
0.0275293 0.0782612
-0.0689167 0.0492693
-0.0486586 0.113478
0.0552846 0.0273272
0.027074 0.0554227
0.01734 0.00021791
0.00832613 0.000426533
-0.0420741 0.000776574
-0.184016 0.00109057
-0.209281 0.0012731
0.600352 0.00141284
1.13188 0.00151652
-0.305688 0.00157229
-1.48028 0.00158209
-0.70212 0.00153066
0.00728871 0.00026285
0.0112187 0.000979323
-0.0074402 0.00275968
0.0521898 0.0054588
0.188316 0.00865199
-0.140126 0.011734
-0.934809 0.0142086
0.430185 0.0160534
1.63288 0.0165235
-1.20965 0.0152434
0.00861603 0.000392311
-0.00134426 0.00258675
0.021956 0.00829663
0.00286566 0.0313801
-0.0741882 0.0423023
0.0190829 0.11828
0.0820379 0.0739394
-0.0497102 0.171207
-0.0128728 0.0410043
0.028763 0.0834909
0.0221929 0.000341117
0.00299699 0.000842789
-0.0117649 0.0018002
-0.139565 0.0028145
-0.475854 0.0038314
0.248309 0.00484151
1.76955 0.00582154
0.505803 0.00649406
-1.8672 0.00661189
-1.18323 0.00635125
0.0114772 0.000338229
0.0243607 0.00121716
-0.00274577 0.00336441
0.0265901 0.00628008
-0.104379 0.00976084
-0.424706 0.0128288
0.960698 0.0151566
0.656139 0.016907
-2.13841 0.017315
1.03161 0.016041
0.0121443 0.000467811
0.00764395 0.00313048
0.00125201 0.00981089
-0.0933416 0.0370022
0.012824 0.0500337
0.319079 0.13889
-0.0514973 0.0868073
-0.408721 0.200703
0.0578575 0.0477851
0.175524 0.0976514
0.0249101 0.000395054
-0.0148476 0.00104512
-0.0394213 0.00235032
-0.0516935 0.00404826
-0.0970919 0.00594516
0.122368 0.00800365
0.341616 0.0105033
0.0208507 0.0128557
-0.201039 0.0135233
-0.0556614 0.0131025
0.0121284 0.000338582
0.0214999 0.00121959
0.00230754 0.00326194
0.000659023 0.00604208
-0.13553 0.00929923
-0.0579811 0.0119559
0.694459 0.0139982
-0.116886 0.0155627
-1.09753 0.0159484
0.718641 0.0148187
0.0109471 0.000434874
-0.00596088 0.00291875
0.0152914 0.00941146
0.0878829 0.0351023
-0.0397655 0.0483998
-0.305517 0.133062
0.0311918 0.084467
0.394584 0.193451
0.0113708 0.0467273
-0.175101 0.0945566
0.0236432 0.000390049
-0.0252879 0.00110794
-0.0346959 0.00271744
-0.0540084 0.00494663
-0.248953 0.00733597
0.235596 0.00982954
1.19763 0.012566
0.205801 0.0147289
-1.38949 0.0152628
-0.830671 0.014349
0.00728199 0.000128821
0.016015 0.000291974
-0.00959461 0.000556833
-0.0249196 0.000829394
0.0425701 0.0010887
0.0798913 0.0013925
-0.0542851 0.00169352
-0.14556 0.00210119
0.0217209 0.00191126
0.0906988 0.00235735
0.00753326 0.000265607
-0.000428206 0.00171725
0.00121563 0.00549038
0.0209539 0.0203783
0.00615258 0.0275688
-0.107177 0.0758719
-0.0104876 0.047203
0.16762 0.108493
0.00574414 0.0256291
-0.0810628 0.0522188
0.0119344 0.000223774
-0.035526 0.000811474
-0.0215106 0.0020216
0.106407 0.00400472
0.0511208 0.00625214
-0.188809 0.00765862
-0.0192784 0.00867705
0.159824 0.0093472
-0.174232 0.00948095
-0.208014 0.00882923
0.00360325 0.000165047
0.00554954 0.000472846
0.00938451 0.000935394
0.0197567 0.00145084
-0.0149595 0.00190367
-0.0479625 0.00235185
0.0252934 0.00278437
0.0618324 0.00332977
-0.00899774 0.00281242
-0.025882 0.00337498
0.00569648 0.000316153
-0.000964429 0.00209258
0.000312043 0.00673605
0.00472498 0.025366
0.0165022 0.0347671
0.00160438 0.0963321
-0.0403222 0.061008
-0.0299267 0.14035
0.0345666 0.0338373
0.0264947 0.0687191
0.0165255 0.000252954
0.00119507 0.000455702
-0.0299456 0.000817544
-0.116904 0.0010844
-0.262617 0.00120407
0.365987 0.00129942
1.19487 0.0013609
0.0148169 0.00139102
-1.44237 0.00139345
-0.789371 0.00136054
0.00691885 0.00032364
0.0170699 0.00120329
0.0130356 0.003243
-0.00323452 0.00656857
0.0632209 0.0100457
-0.0310495 0.0136335
-0.645757 0.01735
0.396222 0.0205951
1.1885 0.0215489
-0.972726 0.019995
0.00947506 0.000500179
2.66284e-05 0.00331429
0.0171821 0.0106019
-0.00990494 0.039483
-0.078263 0.053857
0.0631257 0.148357
0.112416 0.0936415
-0.108469 0.214455
-0.0372805 0.0517617
0.056745 0.104491
0.0231477 0.00042961
-0.0118489 0.00107514
-0.106781 0.00232771
0.0529363 0.00372791
0.581417 0.00509328
-0.243316 0.00638802
-1.97251 0.00763033
-0.283221 0.00853146
2.38368 0.00865113
1.39504 0.00835841
0.010952 0.000390704
0.0219666 0.00135039
-0.0255466 0.00358636
0.0330505 0.00690911
0.392295 0.0104794
-0.322829 0.0140806
-1.57311 0.0177006
1.1904 0.0206664
1.97124 0.0213949
-1.67236 0.0199437
0.0101633 0.00054179
0.00368647 0.00357659
0.0161724 0.0118936
-0.040825 0.0437958
-0.0380258 0.0610857
0.177395 0.167906
0.0378806 0.106328
-0.289387 0.245287
0.00355567 0.0586741
0.154997 0.120061
0.0260055 0.000548202
-0.00793927 0.00163713
-0.0780285 0.00381302
-0.0979437 0.00620158
0.10768 0.00866306
0.29401 0.0104001
0.106188 0.0118148
-0.229851 0.0127333
-0.368084 0.0128364
-0.170022 0.0121532
0.0121141 0.000400038
0.0175966 0.00134246
0.00213432 0.00357211
0.0676747 0.00693807
-0.130784 0.0103623
-0.318082 0.0137086
0.552773 0.0168014
0.281985 0.0193793
-0.64709 0.0200487
0.194204 0.0187506
0.00989513 0.000519206
0.000594609 0.00347863
0.023353 0.0112573
0.0179813 0.0423615
-0.0459025 0.0575696
-0.127305 0.160159
0.0139532 0.100113
0.22342 0.231735
0.0272317 0.0551634
-0.115785 0.112731
0.0255209 0.000528513
-0.00288039 0.00164835
-0.120562 0.00421527
-0.225565 0.00733186
0.251906 0.0108693
0.897144 0.0135113
0.436367 0.015553
-0.9456 0.0169193
-1.55517 0.0171501
-0.701632 0.0160459
0.00762328 0.000235886
0.0122984 0.000820718
-0.00793525 0.00221511
0.0435032 0.00410016
0.0453635 0.00634607
-0.262735 0.00837088
-0.095376 0.0100032
0.468994 0.0112102
0.0181795 0.0115157
-0.210272 0.0106919
0.00793745 0.000338512
-0.0022307 0.00214701
-0.00522706 0.00686236
0.015796 0.0255605
0.0417945 0.0342255
-0.0508529 0.0949223
-0.0787671 0.058624
0.0744042 0.135463
0.046593 0.03194
-0.0374477 0.0651842
0.0114084 0.000252687
-0.0341135 0.000840031
0.0196773 0.00221791
0.0145147 0.00413964
-0.479896 0.006628
0.441043 0.00908046
2.56394 0.0109296
-0.299034 0.0120267
-4.60598 0.0122368
-2.62931 0.0113298
0.00448178 0.00017046
0.00503496 0.000467986
-0.00114951 0.000950706
0.0215299 0.00146933
0.0169324 0.00194502
-0.0516956 0.00240415
-0.0162737 0.00282821
0.0577067 0.00335803
0.0110157 0.00283474
-0.0175009 0.00339502
0.00545032 0.00030197
-0.00186852 0.00201245
0.00202037 0.00637886
0.0366429 0.0246752
0.0164202 0.0328495
-0.145459 0.0936865
-0.0554019 0.0578885
0.201215 0.136357
0.0515187 0.0323276
-0.0896354 0.0667891
0.0175749 0.000276057
0.00269411 0.000592185
-0.0728132 0.00112651
-0.130294 0.00162238
0.0746075 0.00190834
0.47285 0.0021037
0.197155 0.00225887
-0.463793 0.00233267
-0.388602 0.00233487
-0.0535739 0.00225359
0.00652993 0.000307534
0.0118396 0.00115347
0.033152 0.00324538
0.118988 0.00640991
-0.215746 0.0101254
-0.603608 0.0140431
0.854893 0.0174839
0.779943 0.0200406
-1.35826 0.0207073
0.406868 0.0190514
0.00943747 0.000491437
0.00236113 0.00320631
0.0218229 0.0101996
-0.00442448 0.0381589
-0.108907 0.0516411
-0.0183575 0.142666
0.175528 0.0896707
0.0436845 0.205539
-0.076441 0.049429
-0.0238115 0.099867
0.0223012 0.000387949
-0.0060233 0.000915707
-0.0717908 0.00188523
-0.0118204 0.0030532
0.137439 0.00431734
-0.111107 0.00567303
-0.183703 0.00713718
0.280413 0.00858087
0.167184 0.00871374
-0.0845746 0.00889422
0.0102365 0.000379584
0.0167618 0.00126131
0.0317807 0.00317471
0.0280521 0.00634728
-0.342042 0.00968535
0.0065776 0.012819
1.18786 0.0164565
-0.5101 0.0202644
-1.2635 0.0213025
0.871709 0.0203599
0.0104538 0.000537018
-0.00257442 0.00344356
0.00676491 0.0115941
0.0640493 0.0418633
0.0265134 0.0594801
-0.288105 0.159291
-0.0951368 0.103616
0.442782 0.23204
0.0820675 0.0571698
-0.220556 0.113527
0.0240995 0.000491581
-0.0104361 0.00135168
-0.0529574 0.00314913
-0.0286847 0.00551113
0.010711 0.00791677
-0.104477 0.0102386
0.0515078 0.0128016
0.396672 0.0150963
0.11221 0.015588
-0.118619 0.0150246
0.0120084 0.000385345
0.0161713 0.00128566
0.00500852 0.00335371
0.0559264 0.00633046
-0.0587713 0.00957647
-0.232637 0.0129207
0.180193 0.0164638
0.295177 0.0193748
-0.201179 0.0201669
-0.0384784 0.0187627
0.0107224 0.000524944
-0.000559522 0.00341364
0.0127973 0.0112328
-0.00735609 0.04143
0.0148834 0.0574929
0.0617882 0.1564
-0.0944548 0.100236
-0.118572 0.226413
0.0866077 0.0553472
0.062684 0.110307
0.0227638 0.00041928
-0.0311804 0.00109558
-0.0147859 0.00241758
0.0672793 0.0042896
-0.333027 0.0065593
-0.329201 0.00914388
1.26327 0.0122881
1.04766 0.0155249
-1.27657 0.016429
-1.11233 0.0163369
0.00776288 0.000231746
0.0167166 0.000788546
-0.0125395 0.00211096
-0.0142277 0.00406081
0.11519 0.00611365
-0.0270046 0.0080939
-0.431224 0.0099651
0.222784 0.0115367
0.559253 0.0119578
-0.413866 0.0111615
0.0081622 0.000331493
-0.00314646 0.00217826
-0.00158944 0.00682425
0.0479945 0.0253784
0.0268157 0.0343013
-0.188983 0.0937466
-0.0610459 0.0587308
0.270552 0.133593
0.0401595 0.0319314
-0.127813 0.064246
0.0129208 0.000254936
-0.0380189 0.000810343
-0.043814 0.00216822
0.133322 0.00410276
0.212827 0.00629552
-0.264198 0.00862131
-0.53415 0.0106605
0.141192 0.0120305
0.579642 0.0123324
0.241759 0.0114555
0.00400194 0.000162889
0.0038057 0.000456114
-0.00940503 0.000960322
0.0412607 0.00146604
0.0943575 0.00192563
-0.10423 0.00235771
-0.172065 0.002768
0.114673 0.00328993
0.102141 0.00281507
-0.0426973 0.00335687
0.00558832 0.000316494
0.00207067 0.00202661
-0.000387297 0.00676321
-0.0339869 0.024689
0.0381415 0.0348989
0.111506 0.0939651
-0.097557 0.0613535
-0.128111 0.137215
0.0733441 0.0341421
0.0457065 0.0673864
0.0170403 0.000243108
1.52604e-05 0.000458737
-0.0489824 0.000805807
-0.0816468 0.00108678
-0.0359112 0.00126612
0.246919 0.00140048
0.267535 0.00149089
-0.162569 0.00153321
-0.2303 0.00153459
-0.032779 0.00150242
0.00847274 0.000339311
0.0125844 0.00121319
0.00641484 0.00338699
0.103762 0.00651463
-0.0966846 0.0102257
-0.556844 0.0140248
0.71386 0.0173288
0.733729 0.0197688
-1.46353 0.0204175
0.573465 0.018812
0.0085901 0.000465416
0.00334349 0.00318665
0.0135637 0.010186
-0.0143316 0.0385021
-0.00309965 0.0530945
0.00337263 0.14608
-0.0503905 0.0938038
0.0318458 0.212932
0.0611024 0.052428
-0.0254992 0.104518
0.0245692 0.000435964
0.000141424 0.00109971
-0.0860553 0.0023467
-0.133197 0.00359278
0.156779 0.00484029
0.398861 0.0060075
-0.0679549 0.00706176
-0.39905 0.00772095
-0.0995931 0.00779848
0.0611292 0.00750396
0.0122047 0.000420069
0.0208962 0.00142793
-0.00704673 0.00390714
0.0532916 0.00765374
-0.0346724 0.011588
-0.395404 0.0154589
0.219926 0.0190432
0.683067 0.0220445
-0.292132 0.022822
-0.223382 0.0212251
0.0120807 0.000575985
0.00103997 0.00381438
0.00869303 0.0121099
-0.0251641 0.0454682
-0.00770613 0.0617349
0.142216 0.170985
-0.0477426 0.107331
-0.241846 0.247465
0.0705665 0.0592316
0.12644 0.120644
0.0263136 0.0005279
-0.011911 0.00147064
-0.07453 0.00347274
-0.0967411 0.00608795
0.174021 0.00867736
0.384582 0.011134
-0.474589 0.013762
-0.699781 0.0160233
0.642388 0.0164203
0.713139 0.0157222
0.0135442 0.000394762
0.0313473 0.00132187
-0.0244254 0.0034505
-0.0772448 0.0064855
0.255488 0.00984552
0.161499 0.0133567
-0.905941 0.0172273
0.129048 0.0204999
1.00279 0.0215181
-0.542211 0.0199896
0.0115258 0.000542989
-0.00361903 0.00356892
0.027137 0.0116509
0.0151032 0.0431055
-0.0913417 0.0590248
0.018426 0.162536
0.112149 0.102238
-0.0998874 0.234652
-0.0301917 0.0563318
0.0749603 0.11402
0.0254187 0.000427588
-0.0202283 0.00108801
-0.0728781 0.00240583
-0.0450805 0.00424947
0.0733659 0.00656419
0.116041 0.00930214
0.189015 0.0127221
0.101684 0.0163454
-0.292323 0.0174432
-0.252484 0.0175092
0.00793068 0.000226948
0.0170747 0.000739594
-0.0017538 0.00185281
-0.0373398 0.00357666
-0.0199883 0.00541093
0.131491 0.007113
0.0796621 0.008976
-0.232133 0.0108181
-0.0572786 0.011242
0.134255 0.010779
0.00754966 0.000320321
-0.00107719 0.00208668
0.0062319 0.00674855
0.00693869 0.0247477
0.00241151 0.0341285
-0.0143971 0.0922944
-0.0234831 0.0585667
0.00791784 0.132181
0.0185674 0.0318327
0.00206485 0.0637115
0.0119136 0.000263029
-0.0345448 0.000902929
-0.00136464 0.00240904
0.0339241 0.00445356
-0.195881 0.00704687
0.257255 0.00919976
1.22902 0.0106583
-0.274615 0.0115725
-2.29308 0.011715
-1.24279 0.0109009
0.00426839 0.000195044
0.0058551 0.000540753
-0.0155323 0.00113289
0.00177656 0.0017573
0.10543 0.00229777
0.0561054 0.00277654
-0.162925 0.00318365
-0.12443 0.00373545
0.0832472 0.00327038
0.0773534 0.00387039
0.00605926 0.000374564
0.00138315 0.00250784
-0.0120116 0.00770417
-0.0225205 0.0299001
0.0790053 0.0396474
0.0924104 0.112073
-0.143707 0.0694922
-0.140207 0.161869
0.0868491 0.0385261
0.0710891 0.0788043
0.0155523 0.000334637
0.000591557 0.000738484
-0.0662038 0.00138276
-0.0242903 0.00201499
0.341699 0.00234906
-0.0832366 0.0025696
-1.46606 0.00273469
-0.198849 0.0028074
2.25589 0.002803
1.38864 0.00271273
0.00857312 0.000396429
0.0197382 0.00140633
-0.0269243 0.00374813
-0.0227018 0.00754777
0.395759 0.011688
-0.00180604 0.0157795
-1.65755 0.0200561
0.663027 0.0237631
2.2567 0.0247706
-1.60451 0.0231006
0.00917782 0.000598926
-0.00118104 0.00374325
0.00235529 0.0128635
0.00534558 0.0459402
0.0382194 0.0660095
-0.0705961 0.175903
-0.107034 0.115325
0.175484 0.257383
0.0858195 0.0638499
-0.117194 0.126373
0.0219043 0.000544758
-0.00109448 0.00148159
-0.0541392 0.00335199
-0.129067 0.0055192
0.125931 0.00763053
0.435318 0.00959865
-0.458583 0.0115613
-0.729187 0.0130654
0.649348 0.0132941
0.706981 0.0127249
0.0134411 0.000539853
0.0148083 0.00184922
-0.0156444 0.00510437
0.130267 0.00949428
-0.0200528 0.0142202
-0.690733 0.0184679
0.483429 0.0219324
0.93317 0.0248431
-0.982397 0.0256197
0.17192 0.0239275
0.0111097 0.000673692
-0.000884323 0.00450359
0.0195994 0.0143238
0.060645 0.0545075
-0.055335 0.0740165
-0.29622 0.206531
0.0656621 0.129783
0.423955 0.3003
-0.0104789 0.0718512
-0.182736 0.146749
0.0253332 0.000618615
0.00146256 0.00170815
-0.0372874 0.00402833
-0.204719 0.0072057
-0.219042 0.0105636
0.517538 0.0139448
0.975074 0.0179462
-0.134393 0.0217393
-1.01972 0.0226365
-0.466284 0.0217742
0.0135794 0.000511867
0.0218594 0.00176265
-0.0104147 0.00456261
-0.0143803 0.00856859
0.213717 0.0130356
0.112283 0.0171751
-1.37689 0.0208765
0.24567 0.023776
2.42139 0.0245234
-1.5937 0.0227857
0.0109986 0.000666066
0.00298798 0.00433386
0.0279059 0.0143769
-0.00445277 0.0523547
-0.116761 0.0735456
-0.0649274 0.198721
0.198051 0.12768
0.170599 0.288615
-0.0951716 0.0701614
-0.107405 0.140685
0.0238684 0.000606915
-0.0253536 0.00181798
-0.0291812 0.00454473
-0.0334796 0.00823681
-0.241191 0.0122051
0.164889 0.0163839
1.08515 0.0208689
0.164442 0.0243133
-1.2476 0.0251444
-0.695784 0.0234997
0.0087151 0.000294194
0.0177869 0.000956989
-0.0210024 0.0025081
-0.0209564 0.00473618
0.162033 0.0070849
0.00830978 0.00942774
-0.545708 0.0117599
0.187297 0.0136524
0.668651 0.01412
-0.44713 0.013198
0.00755987 0.000410661
0.00512782 0.00272964
0.0188635 0.00865825
-0.0806071 0.0324499
-0.0730738 0.043356
0.31676 0.12047
0.109609 0.0740657
-0.4413 0.171552
-0.0527842 0.0401868
0.199949 0.0822799
0.0112162 0.00032912
-0.0363143 0.00117683
0.00420037 0.00315852
0.0559988 0.00583721
-0.175696 0.00942112
0.178321 0.012558
1.12978 0.0148028
-0.25969 0.0162139
-2.34439 0.016489
-1.32961 0.0152924
0.00378397 0.000201678
0.00688349 0.000606362
0.0154734 0.00127367
0.0296412 0.0020879
-0.0672913 0.00283322
-0.139701 0.00352829
0.13187 0.0041778
0.239832 0.00497983
-0.0709318 0.00413241
-0.125702 0.00493471
0.00635142 0.000388033
0.000670148 0.00240605
-0.0071657 0.00803101
-0.0116118 0.029055
0.0377739 0.0407937
0.0390721 0.110139
-0.0680559 0.0709987
-0.0418287 0.160335
0.0483501 0.0392059
0.0136989 0.0784877
0.0153343 0.000303956
0.000753618 0.000662232
-0.0178048 0.00130153
-0.0640677 0.00187989
-0.193685 0.00238159
0.0667057 0.00281609
0.59247 0.00320491
0.262789 0.00347122
-0.445433 0.00353233
-0.317131 0.00343172
0.00728893 0.000404437
0.0172502 0.00148879
0.0254518 0.00415542
0.066928 0.0079605
-0.129317 0.0124866
-0.382902 0.0168378
0.459364 0.0202862
0.534944 0.0228376
-0.705473 0.0234654
0.13724 0.0217126
0.00939413 0.000611369
0.000462493 0.00393551
0.00949617 0.0128643
-0.0450614 0.047819
-0.0236389 0.0651729
0.256618 0.180379
0.0448343 0.112877
-0.467362 0.260397
-0.0215058 0.0619488
0.265095 0.126345
0.0207517 0.00057755
-0.00471532 0.00168066
-0.0357195 0.00386668
-0.00403506 0.00626572
0.0868607 0.00848509
-0.180637 0.0101951
-0.58442 0.0116832
0.152372 0.0127843
1.01182 0.0128915
0.532733 0.0122945
0.0136058 0.000490517
0.0222054 0.00155412
-0.0345531 0.00388882
0.0135671 0.00756172
0.178588 0.0117638
-0.103182 0.0158442
-0.375219 0.0205679
0.192495 0.0254658
0.311877 0.0266376
-0.177136 0.0257331
0.0110594 0.000651411
-0.00179943 0.00454295
-0.0185207 0.0138968
0.0345321 0.0547503
0.186009 0.0730508
-0.16557 0.20706
-0.384676 0.129784
0.268446 0.301209
0.244671 0.0727964
-0.142268 0.147646
0.0249131 0.000571156
-0.0114264 0.00144169
-0.0497278 0.0030924
-0.0546802 0.00526449
-0.100648 0.00773189
0.0363662 0.0104716
0.57436 0.0136128
0.338721 0.0169448
-0.572854 0.0173113
-0.444862 0.0180141
0.0126863 0.000499357
0.0210898 0.00160934
0.0505604 0.00396834
-0.0126696 0.00761352
-0.536713 0.0114509
0.166829 0.0151284
1.66087 0.0193459
-0.870152 0.0235802
-1.6476 0.0246316
1.19288 0.0235367
0.01208 0.000680162
-0.000311707 0.00444784
0.00575148 0.0143169
-0.0162212 0.0532814
-0.0219744 0.0729261
0.0924314 0.2008
0.0453155 0.126556
-0.165574 0.290442
-0.0146924 0.0696244
0.0922505 0.141284
0.0224164 0.00063542
-0.0154807 0.00210887
-0.0110283 0.00535701
-0.108532 0.00969347
-0.311272 0.0147259
0.333801 0.0191407
1.10821 0.0228522
0.0143553 0.0255047
-1.11656 0.0261747
-0.557669 0.0242586
0.00766064 0.000285887
0.00395387 0.000952692
-0.0239062 0.00254802
0.103164 0.00475475
0.189275 0.00712563
-0.453432 0.00946876
-0.531443 0.0117059
0.880212 0.0134547
0.502503 0.0138452
-0.666409 0.0129234
0.00785268 0.000419932
-0.0011548 0.00269515
0.00354866 0.00853163
0.0156428 0.0317394
0.00862778 0.0421619
-0.0546343 0.116786
-0.0386236 0.0714124
0.0766836 0.16519
0.0291633 0.0385077
-0.037546 0.0788253
0.01107 0.000306774
-0.0346477 0.000989266
-0.00323701 0.00268505
0.035714 0.00505946
-0.0928446 0.00771219
0.244584 0.0106759
0.689461 0.0133273
-0.379109 0.0150969
-1.38597 0.0154805
-0.659752 0.0143709
0.00350264 0.000189784
0.00892069 0.000536611
0.0156612 0.00107395
0.00236449 0.00172003
-0.0604027 0.00230988
-0.0262899 0.00294045
0.105415 0.00360273
0.0507837 0.00439471
-0.050548 0.00360311
-0.02068 0.00437523
0.00601342 0.000383504
-0.00507452 0.00246935
-0.00136535 0.00793072
0.0645181 0.0296122
0.00050595 0.0403254
-0.2187 0.11192
0.00423561 0.0703115
0.281433 0.162469
0.0070579 0.0389936
-0.124995 0.0793884
0.0154902 0.000316602
0.0131739 0.000627848
-0.00834658 0.00114801
-0.271624 0.0016092
-0.503571 0.00182001
0.994284 0.00196263
2.31983 0.00205667
-0.538182 0.0020946
-3.17004 0.00209284
-1.54479 0.00204653
0.00833712 0.000412744
0.0154503 0.00147801
-0.00456549 0.0039738
0.0294866 0.00792598
0.127041 0.0122147
-0.132453 0.0165044
-0.511396 0.0208453
0.387715 0.0245549
0.692863 0.0255574
-0.57919 0.0238246
0.0088405 0.000600041
-0.0019347 0.00399816
0.0292812 0.0132609
0.0185564 0.0485434
-0.0779656 0.0675183
-0.0603469 0.183869
0.0571278 0.117116
0.0739086 0.266464
0.00934501 0.0646038
-0.0299295 0.129928
0.0215672 0.000545157
-0.0130523 0.00142775
-0.0205974 0.00308994
0.0827622 0.00516053
-0.224353 0.00715235
-0.576255 0.00900333
0.721871 0.0109699
1.27058 0.01292
-0.591253 0.0131374
-0.865951 0.0131224
0.013244 0.000515356
0.0140374 0.00167187
-0.0396013 0.00432091
0.0563477 0.00834292
0.19793 0.0126029
-0.235967 0.0165855
-0.351154 0.0210692
0.38481 0.0255837
0.201626 0.0267487
-0.201613 0.0255259
0.0109454 0.000687888
-0.0112142 0.00458417
0.0130029 0.0145854
0.0979066 0.0553375
-0.0366996 0.0744843
-0.252426 0.209598
0.0409622 0.129701
0.278056 0.3039
0.00262676 0.0717546
-0.11507 0.148115
0.0270791 0.000647762
-0.00849898 0.00180792
-0.149869 0.00433007
-0.0821409 0.00760976
0.800382 0.0109576
0.319056 0.0142199
-2.25551 0.0179511
-1.06255 0.0213565
2.36856 0.0221708
1.61168 0.0212701
0.013798 0.00050553
0.0179904 0.00165648
-0.0522028 0.00428749
-0.00759666 0.0080833
0.406234 0.0120278
-0.0186976 0.0157237
-1.20051 0.0198132
0.393828 0.023812
1.21075 0.0248767
-0.724922 0.0236427
0.0113924 0.000661559
0.00539177 0.00456111
-0.000530225 0.0139164
-0.103057 0.0541743
0.0654165 0.0719473
0.411317 0.203078
-0.161683 0.125913
-0.608355 0.293203
0.115613 0.0696295
0.301559 0.14263
0.0238729 0.000624845
-0.0228572 0.00187234
-0.0577798 0.00477607
0.0490797 0.00870352
-0.125169 0.0127464
-0.380891 0.016708
0.885589 0.0206301
1.18069 0.0237232
-0.986445 0.0244773
-1.11543 0.0229308
0.00754985 0.000277086
0.00715032 0.000881788
-0.0101251 0.00210497
0.0826036 0.00388443
0.0980899 0.00589013
-0.339418 0.00785133
-0.267633 0.0100855
0.536673 0.012547
0.226964 0.0128062
-0.320997 0.0130697
0.00838773 0.000431658
-0.00358742 0.0027838
-0.00751661 0.00874063
0.0473491 0.0327848
0.0561389 0.0435724
-0.161088 0.121321
-0.104194 0.0741008
0.198884 0.172467
0.0584425 0.0400313
-0.0807462 0.0825782
0.011096 0.000330344
-0.0368985 0.00108139
0.0161583 0.00292508
0.1093 0.00556392
-0.279617 0.00836666
-0.284858 0.0113459
1.06769 0.0137663
0.772616 0.0154252
-1.21702 0.0157757
-0.976831 0.0146932
0.00367576 0.000189774
0.00639025 0.000520992
0.0119228 0.00102006
0.0251913 0.0015673
-0.0397256 0.00204663
-0.0982682 0.0025222
0.058634 0.00296847
0.132062 0.0035391
-0.0196529 0.0030392
-0.0499505 0.00364173
0.00606865 0.000377518
0.000201116 0.00240667
-0.0171695 0.00764856
-0.00966529 0.0285593
0.0925048 0.0390546
0.054704 0.107624
-0.167631 0.0682846
-0.0964576 0.156357
0.105942 0.0379364
0.0524026 0.0765613
0.0156102 0.000349891
0.00310873 0.000872899
-0.0395713 0.00200107
-0.103502 0.00326211
-0.146438 0.00450558
0.273662 0.00571566
0.730902 0.00706815
0.0315249 0.00837419
-0.797038 0.00897188
-0.44662 0.00917213
0.00783681 0.000387331
0.018509 0.00139545
-0.0201861 0.003722
-0.0442934 0.00747907
0.353685 0.0116883
0.169134 0.0158391
-1.53368 0.0201967
0.272365 0.0240149
2.12576 0.0251057
-1.31002 0.0234285
0.0096839 0.0005903
-0.000924788 0.00398226
0.000606121 0.0122233
0.060638 0.046497
-0.00941605 0.0632111
-0.307221 0.173754
0.0296842 0.110977
0.511165 0.251298
-0.00792013 0.0615592
-0.273194 0.122588
0.0226344 0.000544793
-0.00568842 0.00138314
-0.0485649 0.00311782
-0.0525272 0.00520751
-0.14133 0.00718295
0.024316 0.00903404
0.699781 0.0111168
0.398375 0.0131642
-0.702632 0.0134718
-0.540796 0.0132904
0.0119653 0.000527187
0.0229669 0.00182617
0.0219671 0.00490182
-0.0155354 0.00924856
-0.324793 0.0136958
0.057051 0.0177879
1.27045 0.0211138
-0.510216 0.0238229
-1.53831 0.0244386
1.03905 0.0228184
0.0108311 0.000691303
-0.00494915 0.00439113
-0.00388416 0.0145361
0.0173721 0.0539799
0.095902 0.0743851
0.0188386 0.205174
-0.223626 0.130366
-0.0773963 0.298486
0.1553 0.0725266
0.0456138 0.146125
0.0251339 0.000656286
-0.0135042 0.00189303
-0.0820998 0.00470941
0.0273881 0.00831305
0.111625 0.0117903
-0.30758 0.0148905
-0.0169577 0.0179287
0.680101 0.0205598
0.073325 0.0210547
-0.290386 0.0200926
0.0155472 0.000520121
0.0182361 0.00158782
-0.0388851 0.00388948
-0.0220511 0.00752582
0.150431 0.0113752
0.128104 0.0149483
-0.459504 0.0190605
-0.0925027 0.0232394
0.637675 0.024211
-0.30144 0.0232093
0.011283 0.000660647
-0.00290154 0.00447017
0.00110866 0.0142311
0.0270585 0.0540743
0.0428874 0.0737568
-0.112098 0.205232
-0.108586 0.129762
0.165745 0.298841
0.086082 0.0723131
-0.0814329 0.146446
0.0228631 0.000611424
-0.0259422 0.00177096
-0.0355625 0.0043263
-0.038351 0.0079791
-0.137756 0.0118105
0.231441 0.0156408
0.718791 0.0203103
-0.0704396 0.0249174
-0.820533 0.0261602
-0.366738 0.0249825
0.0087804 0.000294774
0.0181764 0.000918134
-0.021668 0.00226635
-0.0933721 0.0043408
0.0892373 0.00666897
0.396124 0.00890988
-0.214107 0.0115083
-0.584197 0.0141602
0.2594 0.0147932
0.168414 0.0142568
0.00798803 0.000424689
-0.00171552 0.00275149
-0.00131731 0.00878917
0.0104011 0.0320811
0.0265951 0.0444088
-0.011041 0.119111
-0.0607024 0.0761283
-0.0153369 0.170636
0.0394807 0.041312
0.0180946 0.0823389
0.0112403 0.000313615
-0.0320554 0.00100897
-0.000918724 0.00269172
0.0358701 0.00528326
-0.1608 0.00833364
0.142989 0.0118007
0.903869 0.0154124
-0.052446 0.0179925
-1.47687 0.0186482
-0.836577 0.017246
0.00399279 0.000167098
0.0104285 0.00049673
-0.00565283 0.00109222
-0.0473225 0.00180805
0.0318824 0.00249247
0.198586 0.00319391
-0.0167837 0.00387611
-0.287626 0.0046434
-0.00525405 0.00367255
0.1406 0.0044212
0.00508441 0.0003034
0.00192299 0.00195539
-0.0114259 0.00639458
-0.0023004 0.0241138
0.103222 0.0327338
-0.0291032 0.0919548
-0.214073 0.0571205
0.0725684 0.133812
0.135423 0.0316147
-0.0435728 0.0653711
0.0137395 0.000261503
0.00544889 0.000594136
-0.0185287 0.00113838
-0.10253 0.00162798
-0.195808 0.00204433
0.225351 0.00237769
0.73544 0.00266868
0.0891916 0.00284172
-0.743681 0.00286567
-0.427685 0.00275798
0.00823579 0.00034991
0.0201246 0.00124321
-0.0244502 0.00339553
-0.023751 0.0067781
0.358787 0.010279
-0.0168768 0.0138602
-1.50514 0.0174671
0.650364 0.020544
2.05166 0.0213995
-1.49135 0.0198709
0.00865241 0.000506355
-0.00528609 0.00338114
0.0178355 0.0108468
0.0649116 0.0401503
-0.0687248 0.0559965
-0.179027 0.151421
0.101865 0.0980056
0.165097 0.220101
-0.0379877 0.0541738
-0.0413924 0.107661
0.0192752 0.000451865
-0.0024212 0.00117235
0.00615329 0.00252053
-0.0381474 0.00421022
-0.375571 0.00588887
-0.112807 0.00755942
1.07584 0.00942456
0.663529 0.0112701
-0.90088 0.0115011
-0.690621 0.0114915
0.0120614 0.000434794
0.017082 0.00146378
-0.0347416 0.00378421
0.0453094 0.00736662
0.27801 0.0111436
-0.280014 0.0146162
-0.834048 0.0182701
0.712128 0.0218339
0.861743 0.0226604
-0.74089 0.021624
0.010667 0.000604685
-0.000844705 0.0039844
0.0120987 0.0126086
0.0440274 0.0474717
-0.0284229 0.0640537
-0.224487 0.177896
0.011106 0.111276
0.379633 0.256476
0.0244078 0.0613971
-0.203987 0.124614
0.0237671 0.000477935
-0.00381718 0.00116394
-0.0456516 0.00245893
-0.0847932 0.00419278
-0.178969 0.00625039
0.046853 0.00864894
0.8663 0.0114703
0.499558 0.0145783
-0.872077 0.0150332
-0.679234 0.0159554
0.0145689 0.000440613
0.0194066 0.00134026
-0.0568763 0.00324598
-0.0135422 0.00593475
0.308497 0.00896567
-0.0455796 0.0119294
-0.740118 0.015324
0.32442 0.0190227
0.655738 0.0193825
-0.432819 0.0197123
0.0106495 0.000586833
-0.00826017 0.00401
0.0208038 0.0125058
0.0930485 0.0478779
-0.0850883 0.0637827
-0.286041 0.180175
0.126835 0.11036
0.320074 0.259952
-0.0480655 0.0605076
-0.113267 0.126041
0.0215562 0.000511567
-0.00833112 0.0014235
-0.0335455 0.00337355
-0.200227 0.00615995
-0.177658 0.00931363
0.760165 0.0126739
0.954905 0.016866
-0.655721 0.0211615
-1.17453 0.0223336
-0.323842 0.0217373
0.00757294 0.000258085
0.0119159 0.000787773
0.0112955 0.00177243
-0.00953559 0.00319528
-0.0676365 0.00478039
0.0494551 0.00643664
0.088545 0.00836304
-0.0923477 0.0104462
-0.00265845 0.0106372
0.0224584 0.0109454
0.00701199 0.000371854
0.00102672 0.0024934
0.0254882 0.00800339
-0.00954102 0.0294537
-0.112517 0.0402317
0.0222758 0.109821
0.176686 0.0686118
-0.0189975 0.156957
-0.088073 0.0371713
0.0029964 0.0754616
0.0107739 0.000314905
-0.030791 0.00114494
-0.028511 0.00307564
0.0891115 0.00576225
0.22008 0.00912179
-0.175515 0.0116181
-0.802937 0.0133261
-0.0605714 0.0144933
1.11624 0.0146899
0.680491 0.0136506
0.0030874 0.00013119
0.00433698 0.000371851
0.00324047 0.000777222
0.0250278 0.00124391
0.00322594 0.00169198
-0.0706491 0.00215118
0.0066086 0.00261351
0.0921656 0.00316
-0.00524522 0.00259269
-0.0406965 0.00313035
0.00458036 0.000253179
0.000151598 0.00171242
0.00414523 0.00536397
0.011064 0.0206175
0.00256992 0.027455
-0.0644314 0.0774969
-0.0240489 0.0479052
0.107621 0.111796
0.0252839 0.026519
-0.0554165 0.0543342
0.0123962 0.000237728
-0.00302333 0.000549068
-0.0174159 0.00103758
0.0102322 0.00154587
-0.0777074 0.00185551
-0.219369 0.00206035
0.00824705 0.00223271
0.456682 0.0023208
0.442236 0.00232847
0.122546 0.0022381
0.00644303 0.000304113
0.0143962 0.00116704
0.044261 0.00321434
0.0279038 0.00617383
-0.444948 0.00963809
-0.0694596 0.0127065
1.8288 0.0149908
-0.544935 0.0167558
-2.53814 0.0172205
1.71406 0.016001
0.00903965 0.000448938
-0.00527038 0.00303639
-0.00684264 0.00941771
0.0946035 0.0359512
0.0859149 0.0484818
-0.419359 0.134389
-0.189266 0.0845886
0.638692 0.19366
0.125018 0.0466819
-0.312783 0.0940865
0.0195436 0.000405587
-0.00850708 0.00111146
-0.0634643 0.00244138
-0.0358983 0.00410341
0.28722 0.00571012
0.165735 0.00716453
-0.854216 0.00870387
-0.508953 0.0101956
0.879297 0.010303
0.652341 0.010172
0.0106261 0.000383218
0.0219787 0.00133878
0.00415281 0.00347801
-0.0378462 0.00683932
-0.0537036 0.0103352
0.136297 0.0134873
0.145382 0.016664
-0.257465 0.01975
-0.0803442 0.0205122
0.151573 0.0195214
0.0112429 0.00054689
-0.00356857 0.00350177
-0.0169097 0.0111957
0.0348908 0.0422153
0.130958 0.0566719
-0.182778 0.158266
-0.257383 0.0982539
0.315918 0.227756
0.16043 0.0540965
-0.165727 0.11042
0.0212982 0.000471806
-0.0145197 0.00130519
0.000548493 0.00304361
0.0118652 0.00540309
-0.442656 0.00793864
-0.29819 0.0105722
1.50274 0.0137906
1.16327 0.0168993
-1.45409 0.0177749
-1.25389 0.0171099
0.0127431 0.00035637
0.0196752 0.00100533
-0.00484374 0.00218183
-0.000238243 0.00374849
-0.0557701 0.00546316
-0.0151359 0.00740574
0.209234 0.00967649
-0.0686528 0.0122515
-0.186747 0.0116928
0.122807 0.0131532
0.0107749 0.000528916
0.00228031 0.00344208
-0.00609831 0.0112199
-0.0148617 0.041765
0.101511 0.0570637
0.0388478 0.157859
-0.236545 0.0987991
-0.0531505 0.228261
0.159995 0.0543255
0.031347 0.110977
0.0216827 0.00043826
-0.0156922 0.00119034
-0.0828727 0.00277052
-0.0864656 0.00495069
0.277757 0.00754388
0.402317 0.0104503
-0.47594 0.0141185
-0.667849 0.0179449
0.342119 0.0191426
0.431579 0.0189073
0.00803604 0.000249022
0.0144201 0.000799697
-0.00191064 0.00193952
-0.039662 0.00365971
-0.0560746 0.0055055
0.177621 0.00716886
0.224627 0.00896602
-0.37602 0.0109271
-0.223167 0.011103
0.291934 0.011074
0.00769733 0.000354108
9.44894e-05 0.00225812
-0.00207395 0.0072197
-0.00390672 0.0267188
0.0202648 0.0359311
0.011259 0.0990719
-0.0383959 0.0613309
-0.00977344 0.14116
0.0238937 0.0333334
0.00251699 0.0678166
0.0106446 0.000268882
-0.0322896 0.000899192
-0.0274038 0.00239866
0.109784 0.00464641
0.240741 0.00718007
-0.292811 0.00989389
-1.00308 0.0123778
0.104653 0.0141392
1.53464 0.0145824
0.850877 0.0135232
0.00300136 0.000141971
0.00534368 0.000379034
0.00130633 0.000757003
0.0224241 0.00116106
0.0245614 0.00153335
-0.0722463 0.00193112
-0.0462998 0.00234769
0.100533 0.00286106
0.0319003 0.0024265
-0.0460395 0.00294171
0.00471855 0.0002959
0.0014326 0.00202912
0.00259181 0.00623225
0.00503351 0.0239135
0.00520002 0.0322097
-0.0714565 0.0895355
-0.0248474 0.0565481
0.141851 0.129469
0.0249857 0.0314422
-0.0781843 0.0631898
0.0129182 0.000256899
0.000303644 0.000571492
-0.0250673 0.00110964
-0.0531987 0.00158699
-0.14903 0.00196003
0.0743981 0.00223134
0.61678 0.00246436
0.243808 0.00260279
-0.610137 0.00262134
-0.420976 0.00254121
0.00763298 0.000357841
0.0175785 0.00130784
-0.00217035 0.00365596
0.00648576 0.00703082
0.035156 0.0109065
-0.121963 0.0145019
-0.100124 0.0171933
0.295117 0.0192286
0.121614 0.0197103
-0.233262 0.0182489
0.00812009 0.000505989
0.00470393 0.0033615
0.00561995 0.0105551
-0.0683999 0.040662
0.000349072 0.0540301
0.300495 0.153252
-0.0234168 0.0944963
-0.475575 0.221687
0.0318516 0.0523122
0.242909 0.107907
0.0182981 0.000488197
0.012129 0.00139131
-0.0200979 0.00320528
-0.220261 0.00520174
-0.144113 0.00706147
0.64247 0.00857181
0.51069 0.00992927
-0.589271 0.0109413
-0.502948 0.011058
0.0150109 0.0105506
0.0102942 0.000445921
0.0187295 0.00152576
0.0198868 0.00388499
-0.0829465 0.00756663
-0.0776243 0.0114598
0.499245 0.0152616
-0.320572 0.0191202
-0.662047 0.0223305
1.08361 0.0231287
-0.457518 0.0215222
0.0101842 0.000606409
-0.00178766 0.00405648
0.0101528 0.0127866
0.0173794 0.0482973
-0.0318677 0.065226
-0.041173 0.181309
0.0356188 0.113589
0.0379138 0.261882
0.00273329 0.062778
-0.0144365 0.127456
0.0219166 0.000556776
-0.0120796 0.00162516
-0.10295 0.00389442
0.00711691 0.00692016
0.645699 0.010013
-0.0459957 0.0129093
-2.13023 0.0160035
-0.6113 0.0187476
2.46803 0.0192753
1.55614 0.0184679
0.0161838 0.000499603
0.0214597 0.00154484
-0.0828683 0.00378419
-0.06611 0.00702921
0.533443 0.0103587
0.137304 0.0133245
-1.47257 0.016738
0.311478 0.0205491
1.41512 0.0212855
-0.779662 0.0209788
0.0110801 0.000631384
-0.000413877 0.00408317
-0.00125642 0.0132341
0.0146155 0.0491301
0.0357387 0.0679223
-0.102384 0.185525
-0.0748255 0.119014
0.20311 0.269468
0.0582355 0.0660331
-0.11991 0.131783
0.0206358 0.000566868
-0.0269751 0.0017536
-0.0257254 0.00446344
0.0486231 0.00847131
-0.149729 0.0127373
-0.271622 0.017031
0.56235 0.0215235
0.71027 0.0251606
-0.350603 0.026035
-0.42631 0.0243612
0.00813667 0.000269632
0.010533 0.000817004
0.000185052 0.00187521
-0.0033448 0.00341334
-0.0469525 0.00510468
0.0221598 0.00683694
0.11394 0.0088441
-0.0512335 0.0110128
-0.0590268 0.0111991
0.0219609 0.011448
0.00718181 0.000391289
0.00792694 0.00254012
0.0124719 0.00812783
-0.0815727 0.0300227
-0.0385788 0.0407479
0.282864 0.111343
0.0354568 0.0698097
-0.391887 0.15905
-0.0041163 0.0379623
0.186325 0.0766239
0.0102523 0.000295896
-0.0317979 0.000967907
0.0140924 0.00259113
0.0770176 0.00499843
-0.329037 0.00775036
-0.112428 0.010761
1.5482 0.0136353
0.592808 0.0156295
-2.27716 0.0161097
-1.57806 0.0149488
0.00325703 0.000160607
0.00494379 0.000444979
0.00130034 0.000895892
0.0222735 0.00136354
0.0190435 0.00178488
-0.0700468 0.00217888
-0.0282749 0.00252082
0.103955 0.00296509
0.0170117 0.00255416
-0.0524042 0.00304364
0.00465802 0.00031084
0.00285775 0.00202882
0.00526319 0.00659104
-0.0436074 0.0246502
-0.0097036 0.0332827
0.159353 0.0930999
-0.00300339 0.0574823
-0.208165 0.134398
0.0163211 0.0315973
0.090897 0.0652291
0.0138012 0.000287616
0.00624242 0.000655457
-0.0647826 0.00125063
-0.0977329 0.00185046
0.220748 0.00219967
0.291733 0.00240806
-0.558798 0.00257073
-0.491932 0.00264147
0.62044 0.00263688
0.524334 0.00255112
0.00734002 0.000343675
0.0156627 0.0011973
0.00200607 0.00296775
0.0195281 0.00579362
0.0479274 0.00896665
-0.18154 0.0118125
-0.220731 0.0148887
0.456721 0.0183357
0.271233 0.0187575
-0.396235 0.0187879
0.00784311 0.00050495
0.00145339 0.00321205
0.0024706 0.0109228
-0.00169171 0.0392657
0.0330686 0.0561711
-0.0249873 0.14991
-0.0969758 0.0980819
0.0631248 0.218733
0.0774192 0.0542667
-0.0408293 0.107162
0.0158963 0.000462522
-0.00488845 0.00132764
0.0394817 0.0030374
-0.0618937 0.00509173
-0.638807 0.00712846
0.0617982 0.00911497
2.05034 0.0111663
0.678744 0.0127467
-2.12423 0.0130511
-1.33548 0.0124503
0.0113235 0.00042862
0.0233323 0.00132104
0.00413937 0.00308001
-0.0665754 0.00574315
-0.118201 0.00877622
0.291453 0.0119241
0.40765 0.0155184
-0.595831 0.0194116
-0.36892 0.019633
0.444848 0.020205
0.00924437 0.000590255
-0.00671325 0.00411597
0.0286955 0.0131027
0.0835598 0.0492731
-0.110197 0.0677056
-0.316961 0.186973
0.162568 0.117895
0.448273 0.271625
-0.0651934 0.0650444
-0.210618 0.132518
0.0212357 0.000514223
-0.0101189 0.00132624
-0.0314481 0.00282579
-0.0998021 0.00480396
-0.0808238 0.00707725
0.335021 0.00967312
0.339124 0.0127099
-0.306041 0.0159643
-0.293198 0.0163211
0.0257535 0.0171245
0.0110593 0.00045635
0.0161516 0.00154176
0.0423354 0.00369129
0.0353853 0.00704868
-0.314115 0.01056
-0.123214 0.0137398
0.777886 0.0173011
-0.0279304 0.0212699
-0.650217 0.0218034
0.263715 0.0216657
0.0102973 0.000615095
-0.00121531 0.00407531
0.0307982 0.0132729
-0.0103552 0.0489129
-0.142339 0.0674787
0.138002 0.18441
0.233268 0.11674
-0.320657 0.266547
-0.108828 0.0640326
0.202063 0.129526
0.0220233 0.00054183
-0.0166328 0.00154532
-0.067249 0.00368501
-0.0886066 0.00658676
0.151974 0.00962816
0.382784 0.0126589
-0.0913691 0.0161109
-0.50115 0.0192425
-0.0654618 0.0198697
0.166267 0.0191129
0.00851659 0.000287816
0.0115534 0.000892643
-0.0178969 0.00215715
-0.0103848 0.0039559
0.0669599 0.00588271
0.0489641 0.00769554
-0.0955799 0.00973494
-0.093663 0.0119441
0.0459265 0.0121857
0.0540028 0.0122215
0.00748719 0.000404572
-0.00349376 0.002632
-0.00145172 0.00823789
0.0283232 0.0315268
0.0105202 0.0413728
-0.0620743 0.117556
-0.006717 0.0711945
0.0302124 0.168203
0.00114452 0.0388422
0.010841 0.0810054
0.0106734 0.000301636
-0.0334955 0.000971896
-0.0163543 0.00243979
0.0917791 0.00473496
0.11588 0.00732781
-0.10563 0.0100475
-0.415479 0.0132043
-0.145047 0.0159254
0.505865 0.016609
0.382619 0.0155932
0.00337571 0.000149657
0.00388077 0.000392097
-0.00291244 0.000771041
0.0247397 0.00116962
0.0316169 0.00150674
-0.0655565 0.00183026
-0.0454269 0.00211488
0.0774931 0.00249678
0.0239064 0.00220435
-0.0312432 0.00261829
0.0039864 0.000270472
0.00148888 0.00185768
0.00195359 0.00582963
-0.0273254 0.0224481
0.00694731 0.0303076
0.126841 0.0852375
-0.0200879 0.0534055
-0.202416 0.124214
0.0196625 0.0297281
0.10399 0.0608529
0.0114916 0.000240831
0.00301978 0.000500238
-0.0118615 0.00090273
-0.0646652 0.00125975
-0.187532 0.00146471
0.117107 0.00160026
0.6319 0.00169994
0.142521 0.00174597
-0.577893 0.00174854
-0.331635 0.00171422
0.00668008 0.000332034
0.0154255 0.00119341
0.00530862 0.00319912
-0.000715538 0.0063437
0.0463344 0.0098758
-0.0651239 0.0133303
-0.395664 0.0167688
0.312845 0.0197209
0.691409 0.0205653
-0.587468 0.0191394
0.00736288 0.000478231
0.00536919 0.00319186
0.0160446 0.0102172
-0.0577358 0.0380315
-0.0655179 0.0520782
0.204857 0.142975
0.0860848 0.0906547
-0.273393 0.206856
-0.0229508 0.0501499
0.12081 0.100883
0.0172013 0.00046116
-0.00105909 0.00132039
-0.038359 0.00303648
-0.0447414 0.00487505
0.040544 0.00662878
0.050646 0.00804439
-0.0651622 0.00932747
0.000206831 0.010267
0.0897229 0.0103896
0.0354986 0.00991388
0.0103149 0.000435933
0.0158869 0.00143648
0.0216077 0.00367112
-0.00176295 0.00723101
-0.386579 0.010811
0.0816423 0.0139691
1.46397 0.017208
-0.704461 0.020401
-1.64402 0.021211
1.17965 0.0202267
0.010004 0.000582467
0.000288348 0.00381114
-0.00388133 0.0122308
-0.0435914 0.0452177
0.0494582 0.0624891
0.205415 0.169999
-0.109223 0.108675
-0.303783 0.246
0.07737 0.0599049
0.14394 0.119867
0.0198606 0.000520538
-0.00472903 0.00150253
-0.0839816 0.00359347
-0.107633 0.00636172
0.463469 0.00925649
0.388127 0.0120879
-1.3631 0.0152992
-0.909217 0.0182223
1.44622 0.0188685
1.10575 0.0180666
0.0127125 0.000481282
0.0166544 0.00167538
-0.0264986 0.00443137
-0.04756 0.00807149
0.170125 0.0119857
0.265122 0.0150851
-0.754663 0.0175434
-0.234155 0.0195649
1.27615 0.0200659
-0.645681 0.0187797
0.010377 0.00059236
0.00123846 0.00397713
0.00378504 0.0124906
0.000563473 0.0471548
0.0139417 0.0638701
0.00484214 0.176839
-0.0566634 0.111073
-0.0332033 0.255249
0.0553363 0.0612465
0.0255666 0.124122
0.0183693 0.000548237
-0.0270588 0.00180673
-0.00146712 0.00465948
0.076352 0.00858938
-0.294069 0.012639
-0.388363 0.0163446
0.926896 0.0195724
0.995933 0.0221368
-0.705928 0.0227425
-0.735767 0.0213198
0.00838393 0.000279563
0.0118461 0.000880815
-0.0251747 0.00213155
0.0284106 0.00390814
0.191895 0.0058281
-0.239564 0.00765348
-0.552443 0.00974745
0.608936 0.0120395
0.515687 0.0123489
-0.532103 0.0123911
0.00769118 0.000401462
-0.00288673 0.00257307
-0.003288 0.00819656
0.057259 0.0304839
0.029732 0.0408497
-0.243578 0.113101
-0.0487978 0.0696626
0.368502 0.160985
0.0240291 0.0377988
-0.182362 0.0772045
0.0107731 0.00028448
-0.0248542 0.000880959
-0.0179359 0.00218572
-0.0268631 0.00420609
0.0168443 0.00661943
0.359128 0.00906631
0.257733 0.0120061
-0.510561 0.0151445
-0.564219 0.0161201
-0.108328 0.0157339
0.00282617 0.000140822
0.00428834 0.000409804
0.00561995 0.000855999
0.0216151 0.00137694
-0.00675724 0.00183273
-0.0622151 0.00226521
0.0146577 0.00267941
0.0763131 0.00319247
-0.00657595 0.00265518
-0.0301499 0.00316165
0.00414558 0.00026135
-0.000623768 0.00170801
0.00306712 0.00558173
0.0123053 0.0208718
0.0024826 0.0285312
-0.0493136 0.0794894
-0.0220536 0.0497046
0.074645 0.115681
0.0254776 0.0274851
-0.0378032 0.0565288
0.0114505 0.000241843
0.00125823 0.00058141
-0.0186114 0.00114545
-0.0416646 0.00167323
-0.101718 0.00211177
0.0547269 0.00243234
0.3518 0.0027262
0.124994 0.00290829
-0.301603 0.00293723
-0.199124 0.00282808
0.0065882 0.000318616
0.0213484 0.00126316
-0.00991373 0.00334931
-0.203958 0.00671021
0.272676 0.0105825
1.41549 0.0130467
-2.21905 0.0148882
-2.37247 0.0162813
5.7087 0.0166426
-2.59463 0.0154838
0.00784032 0.000462488
-7.67063e-05 0.00297723
-0.00498512 0.00939543
0.00318972 0.0356989
0.0277515 0.0474277
-0.00130513 0.133774
-0.0425561 0.0822894
-0.00936763 0.1926
0.0304658 0.0453922
0.00874739 0.0934417
0.0167499 0.000414225
-0.000322386 0.00112824
-0.0535781 0.0025655
-0.0337331 0.00432593
0.119387 0.00596854
-0.0373182 0.00740052
-0.173353 0.00889257
0.176816 0.01034
0.138579 0.0104716
-0.0640547 0.0102923
0.0127393 0.00043205
0.0105099 0.00136499
-0.0344906 0.00352646
0.0638586 0.00672142
0.101036 0.0100736
-0.27195 0.013263
-0.0323418 0.0169089
0.361076 0.0205559
-0.143483 0.021537
-0.0336337 0.0205164
0.00924059 0.000536542
0.00118819 0.00366149
0.020621 0.0115427
-0.018616 0.0441441
-0.0919216 0.0593566
0.0833798 0.167381
0.14599 0.103826
-0.12222 0.243237
-0.0576529 0.0575757
0.0558295 0.118817
0.0210911 0.000544108
-0.0165242 0.00165339
-0.050018 0.00410715
0.049251 0.00749242
0.0411705 0.0107909
-0.279855 0.0137441
-0.0706517 0.016759
0.481937 0.0195635
0.23723 0.0202248
-0.0769759 0.019261
0.0133156 0.000414438
0.0179609 0.00122957
-0.0215389 0.00280571
-0.0251216 0.00490616
0.0389143 0.00708584
0.119395 0.0092307
0.0295651 0.0116708
-0.275502 0.0144534
-0.0830174 0.0141097
0.2184 0.0151308
0.0107137 0.000565883
-0.00419737 0.00377966
-0.0047632 0.0117458
0.0635399 0.0448423
0.0700445 0.0598973
-0.253571 0.167493
-0.17789 0.104299
0.392299 0.241149
0.133596 0.0577061
-0.203852 0.117186
0.0187294 0.000513832
-0.0198883 0.00162434
-0.0204532 0.00418459
0.0201058 0.00775501
-0.180987 0.0114587
-0.201167 0.0151944
0.802006 0.0189366
0.716385 0.0218707
-0.849335 0.0225661
-0.769502 0.0210808
0.00757254 0.000267737
0.0116046 0.000883536
-0.015547 0.0021492
-0.0123957 0.00400483
0.140823 0.00594219
-0.00664437 0.00756926
-0.468632 0.00924933
0.203281 0.0110411
0.491948 0.0112151
-0.337393 0.0110395
0.00636768 0.000357226
-0.000972679 0.00238166
0.0108028 0.00762924
-0.00292109 0.0281749
-0.0251079 0.0388802
0.0147895 0.105405
0.0260139 0.0670006
-0.0226955 0.15148
-0.0076601 0.0365143
0.0110797 0.0732141
0.00943305 0.000281184
-0.0311476 0.00097142
-0.00735217 0.00257596
0.0917043 0.00499297
0.106457 0.00784649
-0.219811 0.0108286
-0.603012 0.0134799
0.109925 0.0153169
1.07769 0.0157673
0.618395 0.0146253
0.00274283 0.000106234
0.00629513 0.000315826
0.00786147 0.000649725
0.00683002 0.00106605
-0.0183695 0.00147315
-0.0145374 0.00189923
0.0373962 0.00232542
0.00473558 0.00286954
-0.0223057 0.00248469
0.00986045 0.00305642
0.0039263 0.000197693
0.00209857 0.00133856
0.00711711 0.00426767
-0.0356832 0.016256
-0.0132606 0.0219436
0.140839 0.0615441
0.00635092 0.0383474
-0.1988 0.0892254
0.00689735 0.0212156
0.0932192 0.0434886
0.0115511 0.000160314
0.000279188 0.000301753
-0.0358733 0.000524815
-0.0300972 0.000697991
0.0579514 0.000777707
0.0207957 0.000836215
-0.169146 0.000872732
0.00249085 0.000889294
0.288968 0.00089188
0.16029 0.000880949
0.00715809 0.000258439
0.0113133 0.000904244
0.0173996 0.00239144
0.0265831 0.00467879
-0.14643 0.00706879
-0.0680604 0.00942015
0.415946 0.0117297
-0.0600547 0.0136865
-0.364603 0.0142188
0.188215 0.0132715
0.00784688 0.000370281
0.00278043 0.00234375
-0.00287543 0.00769444
-0.0421687 0.0283435
0.0290339 0.0393093
0.178565 0.107304
-0.0522895 0.0685373
-0.271338 0.155926
0.0378329 0.0377919
0.134539 0.0761359
0.016712 0.000307313
0.00237702 0.000771513
-0.0213198 0.00163553
-0.103556 0.00270781
-0.114822 0.00386966
0.247423 0.00514144
0.384144 0.00663831
-0.126662 0.00821457
-0.314882 0.00852502
-0.0746225 0.00873443
0.0107811 0.000290021
0.0150539 0.000827132
-0.00804408 0.00177061
0.00758209 0.00304032
0.0268045 0.00449921
-0.0676545 0.00621224
-0.0879348 0.00821531
0.161533 0.0104426
0.112601 0.00987853
-0.141637 0.0112061
0.00916811 0.000434031
-0.00360437 0.00286582
0.00360667 0.00923692
0.0451521 0.0344399
0.0153835 0.0476131
-0.179326 0.130319
-0.0476737 0.0833994
0.263152 0.189463
0.0443966 0.04623
-0.127509 0.0926729
0.0195184 0.000363669
-0.0135305 0.000944153
-0.0512464 0.00202634
-0.0339304 0.00342199
0.0815382 0.00498472
0.164633 0.0067358
-0.0737077 0.00881919
-0.269792 0.0111003
0.0586517 0.0115632
0.178994 0.0120557
0.0124582 0.000322363
0.0164433 0.000894915
-0.0282073 0.00184008
-0.0303808 0.00299342
0.12164 0.00414916
0.117215 0.0053673
-0.222337 0.00667601
-0.1562 0.00827379
0.147246 0.00758534
0.0501072 0.00889514
0.00980305 0.000469593
-0.00194943 0.00312759
-0.00718541 0.00983156
0.0124533 0.0373644
0.077921 0.0503963
-0.00285825 0.140378
-0.157991 0.0880057
-0.0440119 0.202761
0.102939 0.0486943
0.0379005 0.0986573
0.0194971 0.000444317
-0.0141591 0.00138392
-0.0694926 0.00365785
-0.0835478 0.00672827
0.145026 0.0099041
0.348591 0.0129795
0.0961867 0.0159119
-0.325917 0.018268
-0.431439 0.0188397
-0.186579 0.0176008
0.00697966 0.000191712
0.0118765 0.00051986
-0.000542817 0.00106315
-0.0126316 0.00173176
-0.0258104 0.00240854
0.0256425 0.0031942
0.0743644 0.00408389
-0.0428188 0.00513925
-0.0532402 0.00460267
0.030285 0.00547141
0.007013 0.000321077
0.000136163 0.00203427
0.00462538 0.00650591
-0.0140914 0.0237142
-0.0246205 0.0322351
0.0517486 0.0874708
0.0423019 0.0546739
-0.0587328 0.124357
-0.0217336 0.0294723
0.0216029 0.0596039
0.00846625 0.000230432
-0.025009 0.000778075
-0.0108217 0.00212423
0.0533165 0.00411704
0.129175 0.00642053
-0.105181 0.00906425
-0.625884 0.0116915
-0.0638304 0.0135263
1.05976 0.0139723
0.689754 0.0128934
0.00270454 9.5048e-05
0.00372542 0.000245895
0.00277444 0.000481678
0.0234991 0.000729986
-0.00157256 0.000964943
-0.0807331 0.00120942
0.0120025 0.00142249
0.12141 0.00168422
-0.00687905 0.00144412
-0.0612736 0.00173576
0.00379441 0.000191948
0.00127346 0.00126452
0.00131844 0.00405798
-0.00351286 0.0152545
0.0116799 0.0208125
-0.0157436 0.0576122
-0.0367168 0.0363763
0.0456593 0.0835628
0.0308796 0.0201454
-0.0277436 0.0407971
0.010015 0.000172867
-0.00349676 0.000416963
-0.0211142 0.000828457
0.00903738 0.00121431
-0.0206072 0.00154593
-0.0993675 0.00179177
0.0327039 0.00199642
0.194065 0.00211195
0.0851609 0.00211615
-0.0144687 0.00204422
0.00739471 0.000239081
0.0147191 0.000784777
-0.00332952 0.00193242
-0.0111147 0.0038096
0.0186505 0.00594713
-0.00916405 0.00803435
-0.094962 0.010491
0.120107 0.0131033
0.175638 0.0137713
-0.197018 0.0133332
0.0072731 0.000345566
-0.00161554 0.00233966
0.00097734 0.0072878
0.00094194 0.0279668
0.0327569 0.0374224
0.0395764 0.105151
-0.0935008 0.0654099
-0.0839844 0.152077
0.0734446 0.0362563
0.0456402 0.074125
0.0153295 0.000297768
-0.00130097 0.000772602
-0.031093 0.00165585
-0.0720948 0.00275281
0.0231172 0.0039351
0.188491 0.00521835
-0.00513229 0.0067371
-0.202326 0.00832601
0.0236437 0.00863469
0.108429 0.00879973
0.0102531 0.000322972
0.0124743 0.0010686
-0.0120682 0.00263612
0.0250061 0.00497574
0.100752 0.00745219
-0.139716 0.0096886
-0.318533 0.0121377
0.338278 0.0148074
0.321217 0.0151
-0.310773 0.0149711
0.00892622 0.000430892
-0.00079893 0.00281309
0.00710013 0.00920084
0.0193554 0.0340227
-0.0100581 0.0471674
-0.0685262 0.129366
-0.00275643 0.0823698
0.0948687 0.188543
0.0218049 0.0456066
-0.0471473 0.0923328
0.0181862 0.000351335
-0.00629146 0.000886528
-0.00515109 0.00188087
-0.0586086 0.00315981
-0.301407 0.0046127
0.00728734 0.00629141
1.03093 0.00832294
0.521539 0.0105947
-0.97493 0.0110838
-0.711304 0.0116976
0.0113541 0.000300593
0.00789549 0.000793037
-0.00881988 0.00157734
0.0776593 0.00249937
0.0329953 0.00340909
-0.271018 0.00444322
-0.0663394 0.00558293
0.353553 0.00699932
0.0471032 0.00644017
-0.161567 0.00765874
0.00955604 0.000458682
0.00639969 0.00304162
-0.00164176 0.00951576
-0.0613797 0.0363204
0.0417025 0.0484712
0.199259 0.135857
-0.0790895 0.0840855
-0.253274 0.195178
0.0493539 0.0462152
0.10869 0.0944277
0.0159824 0.000334256
-0.0205633 0.000863856
0.0139622 0.00180095
-0.00818109 0.0031286
-0.343957 0.00474857
0.00137495 0.00673431
1.05902 0.00914653
0.362887 0.0119276
-0.960215 0.0123632
-0.569571 0.0134851
0.00764252 0.000221115
0.0128076 0.000683875
0.000759455 0.00157092
-0.0553948 0.00281057
-0.0794875 0.00406436
0.244662 0.00521975
0.265292 0.00645297
-0.457652 0.00783886
-0.237203 0.00761388
0.312563 0.0079991
0.00642839 0.000299804
0.00116469 0.00196574
0.00989839 0.00634643
-0.0121751 0.0231701
-0.0336384 0.0320103
0.0337807 0.0862077
0.0492782 0.0548298
-0.0295951 0.123301
-0.0239315 0.0297784
0.00547527 0.0593891
0.00850903 0.000230326
-0.0241771 0.000790442
-0.00811633 0.00215446
0.0167886 0.00421629
0.0638314 0.00658659
0.127519 0.00916497
-0.13419 0.0115858
-0.316092 0.01332
0.0192938 0.0137582
0.128049 0.0127389
0.00312395 8.55291e-05
0.00460245 0.00019928
-0.00615996 0.000376243
0.0100078 0.000540584
0.0418493 0.000693099
-0.0155179 0.000858468
-0.063426 0.00101293
0.00281124 0.0012096
0.0343433 0.00107652
0.00777352 0.00128301
0.00397101 0.000188837
-0.000241098 0.00121221
-0.00010524 0.00394578
0.00144926 0.0145951
0.0105142 0.0200759
0.00350116 0.0551134
-0.0301214 0.0349291
-0.0166964 0.0799297
0.0269941 0.0192868
0.0127657 0.0390076
0.00959858 0.000159563
0.00100901 0.000370139
-0.0109762 0.00077125
-0.0443265 0.00119547
-0.120283 0.00158957
0.0688827 0.00196394
0.403296 0.00234647
0.118797 0.00267859
-0.359836 0.00270857
-0.223462 0.00267823
0.00778191 0.000243483
0.0130766 0.000782149
-0.0150659 0.00195507
-0.0122971 0.00382209
0.0684537 0.00586046
0.0688944 0.00778567
-0.11353 0.0100148
-0.125758 0.0123365
0.0938478 0.0129314
0.037727 0.0124319
0.00644801 0.000330001
0.00262759 0.00219626
0.00788535 0.00714997
-0.0484733 0.0268129
-0.00449884 0.0368747
0.216363 0.10219
-0.0138835 0.0644767
-0.338297 0.148856
0.0229247 0.0356442
0.17022 0.0727449
0.0154583 0.00032116
-0.00531777 0.00091207
-0.0437921 0.00211305
-0.0321258 0.00371193
0.101496 0.00529953
0.0977103 0.00675252
-0.204183 0.0083639
-0.174432 0.0100223
0.202165 0.0101939
0.179057 0.0100765
0.00995077 0.000275095
0.01107 0.000759298
-0.0114234 0.00158597
0.0268131 0.00264379
0.0617884 0.00379893
-0.126138 0.00515723
-0.164359 0.00678163
0.253794 0.00867611
0.156468 0.00837315
-0.194352 0.00953353
0.00947292 0.000431666
-0.00500144 0.00282609
-0.0113528 0.00885933
0.0583852 0.0334472
0.0741273 0.045108
-0.183983 0.125176
-0.138786 0.0783542
0.234826 0.180497
0.0890974 0.0431758
-0.106634 0.0877217
0.016097 0.000381244
-0.0128482 0.00116426
-0.0186175 0.00287603
-0.012318 0.00526937
-0.110247 0.00777622
-0.0110182 0.0102562
0.546779 0.01319
0.280847 0.0160024
-0.667329 0.0167528
-0.495009 0.0159497
0.0124858 0.000339527
0.00519412 0.000970429
-0.0257993 0.00211777
0.0715415 0.00352016
0.10404 0.00491894
-0.217685 0.00632343
-0.195899 0.00785487
0.266098 0.00962456
0.129495 0.00869522
-0.12484 0.00987984
0.00890791 0.000447714
0.00184706 0.00296886
-0.00241472 0.00950847
0.00110715 0.0358936
0.0526919 0.0491539
-0.0260492 0.135888
-0.104972 0.08616
0.0346938 0.197322
0.069145 0.0477
-0.011723 0.0963111
0.0175208 0.000356706
-0.0254966 0.000968577
-0.0622782 0.0020797
0.0417602 0.00361002
0.250915 0.00540977
-0.0401721 0.00750436
-0.558582 0.0100557
-0.126003 0.0129855
0.503544 0.0135038
0.277662 0.0145013
0.00749503 0.000201163
0.003129 0.000549666
-0.0269733 0.00116464
0.067285 0.00188507
0.152561 0.00262772
-0.279402 0.00345562
-0.333069 0.00439621
0.470732 0.00547975
0.241489 0.00492087
-0.290837 0.00572993
0.00663082 0.000312947
0.00129659 0.0019929
-0.00669704 0.00634283
-0.00768149 0.023151
0.0406126 0.0315644
0.0214731 0.0852515
-0.0653153 0.0535866
-0.0284792 0.120957
0.031777 0.0289023
0.0139313 0.0578786
0.00715087 0.000207659
-0.0219254 0.000700851
-0.00827914 0.00188358
0.0100951 0.00378156
0.13226 0.00604293
0.126562 0.00864695
-0.462284 0.0114803
-0.402843 0.013568
0.506073 0.0141132
0.449252 0.0130488
0.00253298 8.10685e-05
0.0046851 0.000207127
0.0041584 0.000387286
0.0133713 0.000571848
-0.0154314 0.0007424
-0.0610018 0.000926264
0.0363321 0.00109716
0.102121 0.00131808
-0.0205911 0.00114566
-0.0534739 0.00138757
0.0031298 0.00015881
-0.00241036 0.0010527
0.00550318 0.00344986
0.0242254 0.0128359
-0.010926 0.0176916
-0.0775164 0.0488101
0.00105907 0.0308961
0.101301 0.0710308
0.0110351 0.0171205
-0.0467596 0.034748
0.00848012 0.000151435
-0.000565838 0.000383933
-0.0135493 0.000821316
-0.0162683 0.00125176
-0.0682373 0.00163906
-0.0333181 0.00194789
0.222864 0.00223448
0.203701 0.00243278
-0.156535 0.00246205
-0.162242 0.00236198
0.00682248 0.00022181
0.0117084 0.000721347
-0.00765217 0.00184093
0.00211186 0.00354849
0.0290658 0.00543726
-0.0588904 0.00729016
-0.0393547 0.00948
0.132534 0.0117464
0.01351 0.0123674
-0.0700304 0.0118599
0.00554732 0.000293075
-0.00180879 0.00198392
0.0154136 0.00640624
0.0164315 0.0239959
-0.0564021 0.0331448
-0.0629313 0.0911288
0.0827438 0.0581138
0.0935146 0.132659
-0.0315511 0.0322228
-0.0462976 0.0648954
0.0136288 0.000283511
-0.00826225 0.000811096
-0.0538598 0.00186918
0.00727037 0.00324021
0.245258 0.00459849
-0.00857333 0.0058064
-0.634501 0.00710148
-0.176652 0.0084086
0.600362 0.00852742
0.351239 0.0084187
0.00939746 0.000249137
0.0102339 0.000641354
0.00750601 0.00121165
0.0104781 0.00191522
-0.0663489 0.00264709
-0.00629504 0.00354094
0.130944 0.0045039
-0.0368736 0.00572082
-0.0727807 0.00514789
0.0382276 0.00635213
0.00849206 0.000399421
-0.00166816 0.00260391
-0.00193409 0.00834905
0.0151129 0.0312044
0.0202196 0.0425892
-0.0489954 0.117873
-0.0252687 0.0738849
0.0790465 0.170709
0.0171371 0.0405994
-0.0455107 0.083047
0.0172063 0.000371809
-0.0136881 0.00114096
-0.0900157 0.00287067
0.0430739 0.00521872
0.557835 0.00756677
-0.127819 0.00970718
-1.72524 0.011913
-0.406113 0.0138927
1.91412 0.0142832
1.16685 0.013584
0.0103335 0.000289666
0.013492 0.000809096
-0.00528537 0.00164791
-0.0122873 0.00266535
0.00797713 0.00365159
0.0043212 0.00469545
-0.0323351 0.00584123
0.0261758 0.00724701
0.03738 0.00671801
-0.0259287 0.00780623
0.00882459 0.000422986
-0.00478516 0.00280688
-8.37189e-05 0.0087938
0.0377461 0.033009
0.0160024 0.0450671
-0.0900295 0.123259
-0.0388659 0.0784154
0.0804373 0.177676
0.0333009 0.0431198
-0.0233469 0.0863031
0.0144264 0.000388203
-0.0162226 0.00128256
-0.00313165 0.00338746
-0.00710939 0.00642402
-0.273035 0.00951102
-0.0208643 0.0124738
1.10764 0.0151646
0.468386 0.0173487
-1.24515 0.0178591
-0.844617 0.0166552
0.00648073 0.000178148
0.00567926 0.000447652
0.000405504 0.000831999
0.0396766 0.00126139
-0.00162629 0.001678
-0.162579 0.0021704
-0.0196432 0.00267876
0.246681 0.00331473
0.0278393 0.00283058
-0.132591 0.00348486
0.00628482 0.000297445
-0.00026468 0.00190246
-0.000410897 0.00618379
0.000375514 0.0224738
0.0182451 0.0306992
-0.00784707 0.0834939
-0.0407524 0.0518122
0.0220811 0.118784
0.0240469 0.0277905
-0.0146145 0.0568109
0.00765188 0.00020423
-0.0248726 0.000695851
-0.026142 0.00185974
0.0748991 0.00372368
0.286385 0.00595515
-0.165734 0.00850831
-1.07776 0.0113269
-0.141372 0.0134222
1.42531 0.0139731
0.858603 0.0129164
