0.0028733 0.000140976
0.00293786 0.000941509
-0.00524965 0.00318388
-0.00665909 0.0125927
0.0368345 0.0180789
0.0452709 0.0525094
-0.0498736 0.0354358
-0.0745592 0.0840234
0.0237274 0.0222648
0.0434891 0.0454181
0.00286894 0.00013599
0.00232072 0.000893217
-0.00466616 0.00292584
-0.0130783 0.0111344
0.0426284 0.0153639
0.034365 0.0431499
-0.0844146 0.0273643
-0.0462685 0.0637414
0.0571731 0.0153908
0.0230683 0.0315422
0.0122857 0.00013076
-0.00175825 0.000264769
-0.0809335 0.000580337
-0.0952639 0.000908222
0.196219 0.00119562
0.574814 0.00153031
-0.0723563 0.00189419
-0.996616 0.00228465
-0.317667 0.00269545
0.290864 0.00309777
0.00308631 9.24292e-05
0.00459365 0.000233895
0.00188752 0.000421093
0.00956971 0.000597864
0.0181921 0.000746002
-0.00267129 0.000901868
-0.0385001 0.00103464
-0.0230122 0.0012181
0.0279578 0.00111801
0.024636 0.00132157
0.00351806 0.000165498
-0.00203701 0.0011388
0.00429563 0.00361784
0.0189742 0.0139227
-0.00631605 0.0188469
-0.0627692 0.0531478
-0.00179202 0.0333607
0.0832683 0.077734
0.0140373 0.0186819
-0.038183 0.0382248
0.0130063 0.000154848
0.0025267 0.0003095
-0.069882 0.000654979
-0.130997 0.000916431
0.139951 0.00106572
0.553923 0.00121324
0.0319276 0.00134218
-0.716804 0.00144871
-0.361114 0.00152568
0.0473645 0.00155736
0.00362583 9.86146e-05
0.00662001 0.000234925
0.00550194 0.000423924
0.0187593 0.000619407
-0.0119279 0.000819924
-0.0668829 0.00106455
0.0379254 0.00130385
0.107914 0.00163533
-0.0231144 0.00149945
-0.0548813 0.00188758
0.00465801 0.000207566
5.51086e-05 0.00135832
-0.0028333 0.00439319
-0.0130206 0.0163766
0.0390806 0.0224557
0.0648369 0.0619608
-0.0931619 0.0391543
-0.0997311 0.0899094
0.0689532 0.021702
0.0496921 0.0439165
0.0134892 0.000182967
0.0033308 0.000429781
-0.0453044 0.000883476
-0.11024 0.00135501
-0.00282932 0.00181387
0.340535 0.00222554
0.191651 0.00260542
-0.286824 0.00289278
-0.155654 0.00305954
0.0575505 0.00311075
0.00389876 0.000107555
0.00650679 0.000250369
0.00475975 0.0004345
0.0291848 0.000596154
0.0145557 0.00074573
-0.0773407 0.00091244
-0.0280234 0.00105449
0.0873724 0.00124712
0.0200354 0.00117235
-0.0318527 0.00138009
0.0053063 0.000235361
0.00180692 0.00153153
-0.00368643 0.00495068
-0.00198418 0.0184179
0.0415208 0.025559
-0.00112233 0.0697908
-0.0956999 0.0450587
-0.0162995 0.101846
0.0715123 0.0252031
0.0220213 0.0501018
0.0148326 0.000186542
0.00181407 0.000341449
-0.0563388 0.000665244
-0.111784 0.00089231
0.0362508 0.000975742
0.345385 0.00103779
0.162864 0.00107346
-0.261967 0.00108896
-0.170731 0.00108851
0.0142233 0.00106981
0.0047829 0.000129258
0.00828478 0.000335505
-0.00471887 0.000664158
0.0197428 0.00103084
0.0543174 0.00141802
-0.0584382 0.00187679
-0.096597 0.0023295
0.0766226 0.00290338
0.0618934 0.00252719
-0.0344073 0.00319144
0.00517926 0.000236686
-0.000421522 0.00158724
0.00577565 0.00521216
0.00676447 0.0192835
-0.00356525 0.0269841
-0.0240201 0.07387
-0.0218291 0.0473798
0.0432048 0.108278
0.0335007 0.0264165
-0.0284703 0.0533228
0.0145987 0.000197475
-0.00266601 0.000437134
-0.0298693 0.00089646
-0.0682505 0.00127748
-0.215373 0.00162325
0.139632 0.00191226
1.01627 0.00217025
0.339594 0.00232756
-1.15424 0.0023507
-0.779134 0.00227114
0.00495064 0.000128036
0.0158638 0.000331742
0.00330207 0.000654972
-0.0544542 0.00103178
-0.0147024 0.00141173
0.204755 0.00186929
0.0794435 0.00237419
-0.301021 0.00300599
-0.0682759 0.00255313
0.158944 0.0032241
0.00485419 0.000239569
0.000183668 0.00162196
0.0235373 0.00546426
-0.00976163 0.0198197
-0.0821289 0.0282309
0.0526695 0.0757391
0.0991929 0.0493491
-0.100393 0.110636
-0.0286913 0.0273169
0.0605652 0.0542607
0.0150717 0.000234063
-0.00345751 0.000565188
-0.0558879 0.0011408
-0.0676728 0.00179741
0.128514 0.00225704
0.108899 0.00252804
-0.469654 0.00273258
-0.0291867 0.00282704
1.05841 0.00282243
0.668833 0.00270565
0.00479822 0.000150732
0.0118666 0.000478134
0.0015713 0.0011148
-0.0246322 0.00213111
0.0132386 0.00346621
0.165347 0.00515808
0.0133648 0.0074034
-0.348418 0.0100426
-0.0261568 0.0109484
0.230115 0.0114578
0.0065268 0.000279003
-0.0033843 0.00175665
-0.00413351 0.00568754
0.0383251 0.0207302
0.0336739 0.0286325
-0.108704 0.077629
-0.0740053 0.0493674
0.121415 0.111995
0.0540747 0.0270756
-0.0494913 0.054447
0.0147202 0.000208501
-0.00544363 0.000506008
-0.0634375 0.0011651
-0.0893081 0.00186352
0.0979315 0.00257933
0.331559 0.00325991
0.166158 0.00385024
-0.238462 0.00420726
-0.405259 0.00425369
-0.190469 0.00404768
0.00529053 0.000173059
0.0137855 0.00057507
0.0148053 0.0014808
-0.0224822 0.0030547
-0.127873 0.0049633
0.121468 0.0070886
0.386666 0.00991912
-0.343933 0.0129323
-0.322469 0.0141134
0.308897 0.0133257
0.00567723 0.00025797
0.00278693 0.00171242
0.00611505 0.0054622
-0.0413815 0.0208366
-0.00862505 0.027774
0.123888 0.0786145
-0.00766516 0.0484499
-0.111854 0.113673
0.0220605 0.0268671
0.0232061 0.0553573
0.0150429 0.000225569
-0.00940419 0.00056826
-0.0619876 0.00131322
-0.0686442 0.00207683
0.0688003 0.00284274
0.321678 0.00347539
0.2678 0.00400743
-0.255812 0.00434056
-0.536543 0.00438348
-0.236686 0.00416859
0.00453338 0.000158245
0.0147035 0.000572548
0.0151744 0.0014865
-0.0268284 0.00314148
-0.0632021 0.00514908
0.103046 0.00722862
0.106328 0.00985715
-0.203384 0.0126016
-0.012061 0.0135555
0.0937373 0.0126581
0.00593436 0.000257446
-0.00192901 0.00167739
0.00212718 0.00525139
0.0262122 0.01974
-0.0161444 0.0266668
-0.0930781 0.0740576
0.03233 0.0461824
0.126461 0.107118
-0.0107856 0.0253418
-0.0596286 0.0521262
0.0131004 0.000211097
-0.00948604 0.000561539
-0.038525 0.0012732
-0.076295 0.00207479
-0.0898205 0.00285866
0.330126 0.00340261
0.794609 0.00381661
-0.065761 0.00405274
-1.14498 0.00407933
-0.647174 0.00387436
0.00470515 0.000125025
0.0107745 0.000360575
0.00181283 0.000788953
0.0289004 0.0014078
0.0235433 0.00219599
-0.180166 0.0032076
-0.0801711 0.00447542
0.334701 0.00594025
0.0807712 0.00606047
-0.207619 0.00676083
0.00488858 0.000216561
-0.00119022 0.00143307
-0.0052639 0.00457757
0.0207099 0.017521
0.055627 0.0236436
-0.078898 0.0665538
-0.10848 0.0415484
0.106653 0.0967304
0.067058 0.0231177
-0.0480263 0.0472783
0.0117928 0.00018663
-0.0115505 0.000487427
-0.0351457 0.0012066
-0.0948026 0.0019581
-0.127314 0.0027478
0.572254 0.0034947
1.1738 0.00416787
-0.438909 0.00460837
-1.99869 0.00468223
-1.00566 0.00442929
0.00366773 8.2234e-05
0.0114851 0.000208173
-0.000520908 0.000387227
-0.0169774 0.000580974
0.0309804 0.000778629
0.0486268 0.00100937
-0.0560987 0.00122525
-0.0741771 0.0015208
0.0312631 0.00139427
0.0418118 0.00174445
0.00368573 0.000172555
1.75409e-05 0.00122532
0.0146245 0.00385565
0.0106411 0.0147305
-0.0496653 0.0198761
-0.0403567 0.0556151
0.0698491 0.0344195
0.0431866 0.0802899
-0.0311095 0.0188049
-0.0128614 0.038883
0.00963954 0.000168636
-0.0138625 0.000480733
-0.0493621 0.00113931
-0.0764522 0.00202546
0.112159 0.00261491
0.698608 0.00291635
0.487952 0.00316482
-1.12348 0.00329908
-1.75809 0.00330197
-0.684455 0.00313398
0.00159845 4.00379e-05
0.00653259 0.000107758
0.00142222 0.000192689
-0.0161939 0.000278537
0.0197702 0.000357122
0.0665434 0.000441411
-0.0393714 0.000523287
-0.107347 0.000630141
0.0217327 0.000575272
0.0571541 0.000682198
0.00245557 0.000106122
0.00175974 0.000694883
0.00524881 0.00222764
-0.0206629 0.00821234
-0.0213633 0.0111386
0.0785578 0.0304951
0.0345263 0.0189021
-0.114672 0.0434389
-0.0183173 0.0101637
0.0558846 0.0208055
0.00468408 6.35929e-05
-0.0179204 0.00020464
-0.0227164 0.000446771
0.0839532 0.000781169
0.137648 0.00109453
-0.114349 0.00123952
-0.302606 0.00133554
-0.158448 0.00138112
-0.0769191 0.0013773
-0.0536633 0.00131496
0.00307326 0.000155259
0.00257628 0.00108378
0.0024919 0.00363642
0.0134097 0.0142297
-0.00132053 0.0205423
-0.0264291 0.0594871
0.00776868 0.0397205
0.022222 0.0955233
0.00117977 0.0246478
0.00185697 0.0517013
0.003547 0.000164722
0.000545015 0.00111811
0.000371123 0.00351913
-0.0122942 0.0135841
0.00747719 0.0183252
0.0516124 0.0519664
-0.0241264 0.0324789
-0.0729906 0.0763218
0.0285363 0.0182146
0.0337195 0.0376635
0.013937 0.000121863
0.00550323 0.000202771
-0.0631109 0.000408236
-0.167035 0.000540497
-0.122516 0.000625733
0.67111 0.000707787
1.25468 0.000774938
-0.394947 0.000830327
-1.9842 0.000873003
-1.02035 0.000899555
0.0035106 0.000124908
0.00716548 0.00038977
0.0099773 0.000841657
0.00180184 0.00144283
-0.0358774 0.0020958
0.0168906 0.0028761
0.0852424 0.00377636
-0.0420256 0.00486775
-0.0540982 0.00421503
0.0370854 0.00526282
0.00440415 0.000215034
0.00109582 0.00143154
0.00909528 0.00456356
-0.00422909 0.0173894
-0.0307291 0.0234915
0.0250946 0.0661183
0.0370796 0.041382
-0.0500124 0.0964539
-0.00344304 0.023123
0.0298968 0.0473423
0.015002 0.000154271
0.00275982 0.000251468
-0.0597927 0.0004624
-0.0947713 0.000583449
0.0746932 0.000635401
0.255216 0.00067668
-0.0757686 0.00069951
-0.208815 0.000710296
0.22575 0.000710762
0.226123 0.000699938
0.00456396 0.000131091
0.0111493 0.000344643
0.00843914 0.000671177
-0.00330933 0.00104474
-0.0247282 0.00142579
0.0227615 0.00184039
0.074832 0.00218649
-0.037164 0.00260227
-0.0504552 0.00227171
0.0264323 0.00274505
0.0058994 0.000272741
-0.00103242 0.00178689
0.00206007 0.00567573
0.0256651 0.0217817
0.0231692 0.0286803
-0.113135 0.0823208
-0.0743932 0.0494764
0.16843 0.118873
0.0616309 0.0271059
-0.0808543 0.0576426
0.0159007 0.000217792
-0.0019756 0.000461854
-0.046488 0.000856548
-0.0566503 0.0012383
0.0165482 0.0015034
0.0751164 0.00168848
-0.00546651 0.00182003
0.0803747 0.00188131
0.226075 0.00188163
0.109451 0.00181606
0.00469018 0.000146556
0.0131063 0.000397027
0.0174575 0.000713393
0.00323042 0.001093
-0.0360235 0.00135068
-0.00646136 0.00159651
0.04108 0.00174348
0.00254505 0.00201558
-0.00910136 0.00197707
0.00279586 0.00233926
0.006832 0.000298483
-0.0036284 0.00187217
-0.0110164 0.00621142
0.0297223 0.0228234
0.0878557 0.0315071
-0.0802003 0.0866856
-0.177006 0.0547234
0.0887332 0.125823
0.114892 0.0302601
-0.0336362 0.061403
0.0162429 0.000256303
0.00434982 0.000571582
-0.0155501 0.00108176
-0.137663 0.00158672
-0.315102 0.00186686
0.315557 0.00204045
1.21865 0.00217585
0.195531 0.00223775
-1.28151 0.0022378
-0.756002 0.00216762
0.00582083 0.000190926
0.0129354 0.0006223
0.0048014 0.0014201
0.0504762 0.00261438
0.109933 0.00400316
-0.271461 0.00555409
-0.473121 0.00752979
0.643652 0.0099445
0.550548 0.0106988
-0.605008 0.0114384
0.00704494 0.000316519
-0.00315271 0.00219963
0.012833 0.0068009
0.0438946 0.0256908
-0.0510156 0.034947
-0.162924 0.0959793
0.0745434 0.0609298
0.223916 0.138499
-0.0242285 0.0336914
-0.101928 0.0674405
0.017059 0.000282266
-0.000572818 0.000742138
-0.0260741 0.00159379
-0.157006 0.00250917
-0.166757 0.00347027
0.523249 0.00431189
0.72406 0.00499832
-0.360074 0.00537587
-0.809362 0.00541375
-0.268328 0.00514204
0.006446 0.000236611
0.0163814 0.000908852
0.012737 0.00260088
-0.021971 0.00525418
-0.0960473 0.00836376
0.168312 0.0114757
0.386884 0.0140595
-0.52685 0.0161139
-0.410242 0.0167547
0.509225 0.0154496
0.00742191 0.000327249
-0.00609942 0.00216246
0.00100684 0.00686606
0.0785753 0.0259097
0.0177596 0.0353395
-0.289843 0.0978091
-0.0499243 0.0621539
0.40121 0.142136
0.0463025 0.0346681
-0.18493 0.069626
0.0180256 0.000307865
-0.000691299 0.000813124
-0.0395609 0.00177146
-0.137278 0.00278917
-0.135832 0.00373342
0.406869 0.00438676
0.718116 0.00492912
-0.139832 0.00525375
-0.789587 0.00528666
-0.359831 0.00504164
0.00656698 0.000215858
0.0146353 0.000739822
0.00361671 0.00191309
0.000977532 0.00383011
0.0317099 0.00615634
0.0630349 0.00863004
-0.0818631 0.0116827
-0.17765 0.0146382
0.0991137 0.0155742
0.0726044 0.0146528
0.0073743 0.000327987
-0.00544842 0.00220994
0.00455795 0.00701892
0.0700583 0.0262653
0.00539306 0.0362295
-0.267455 0.0989303
-0.0259713 0.0633656
0.395223 0.143455
0.0286025 0.0350475
-0.198075 0.0700273
0.0173016 0.00029379
-0.00689423 0.000777198
-0.0559501 0.00170614
-0.0986647 0.00267621
0.116142 0.00362533
0.375553 0.00429671
-0.250973 0.00482191
-0.525495 0.00511948
0.384526 0.0051322
0.467668 0.00490587
0.00723347 0.000219231
0.0139631 0.000677704
0.0162466 0.00154459
0.0645922 0.00283436
-0.0666171 0.00431128
-0.291989 0.00592904
0.157489 0.00793244
0.386596 0.0103044
-0.139775 0.0109589
-0.119706 0.0115479
0.00760685 0.000338293
0.00358088 0.00219556
0.000210053 0.00713095
-0.0272627 0.0272299
0.0210349 0.0361854
0.111051 0.10332
-0.0355597 0.062914
-0.201671 0.14936
0.0250564 0.0347174
0.118038 0.072513
0.0173843 0.0002761
-0.00176392 0.00066977
-0.0506372 0.00153668
-0.153625 0.00262313
-0.0426326 0.00377419
0.527305 0.00493712
0.549583 0.00628055
-0.379925 0.00746764
-0.746276 0.00770221
-0.269278 0.0074316
0.00711293 0.000217371
0.0204146 0.000770857
0.00491605 0.00208378
-0.0741833 0.00433905
0.00973173 0.00703366
0.412108 0.0100275
-0.256963 0.0133731
-0.680447 0.0160009
0.795059 0.0167506
-0.206811 0.015421
0.00777493 0.000346004
0.000256397 0.00211573
-0.00863515 0.00720074
0.00537596 0.0258385
0.0834819 0.036428
-0.0423875 0.0982966
-0.178734 0.0631751
0.0948382 0.143115
0.118496 0.0348539
-0.0647129 0.0700452
0.0172064 0.000283555
-0.00814584 0.000748166
-0.0810152 0.00181889
-0.157497 0.00288845
0.161475 0.00407149
0.791308 0.00514597
0.309845 0.00609265
-0.981059 0.00666469
-1.01551 0.00674061
-0.255782 0.00636681
0.00670009 0.000211588
0.0148249 0.000748274
0.000786577 0.00211342
0.0338227 0.00416498
-0.038222 0.00647825
-0.230203 0.00898885
0.380707 0.0111781
0.247012 0.0127762
-0.769082 0.0131867
0.380975 0.0121957
0.00741772 0.000308035
-0.00308085 0.00198617
-0.00948182 0.00630578
0.0239404 0.0239566
0.064538 0.0320133
-0.0434039 0.0899173
-0.118316 0.055705
0.00797796 0.129629
0.0730181 0.0307514
0.0190964 0.0629602
0.0152079 0.000250102
-0.0101298 0.00069349
-0.081514 0.00170712
-0.134333 0.00279835
0.258332 0.00407403
0.713491 0.00513999
-0.0388051 0.00597241
-0.989909 0.00646045
-0.681856 0.00652874
-0.112285 0.00613642
0.00634874 0.000171399
0.013908 0.000545814
-0.00817452 0.00139476
0.018692 0.00273794
0.00485297 0.00423984
-0.173818 0.00581774
0.203138 0.00785028
0.210124 0.0100823
-0.399853 0.0109077
0.145105 0.0105392
0.00510676 0.000242981
-0.00139779 0.00154968
0.0130894 0.00528873
0.00754136 0.0189116
-0.0379837 0.0268714
0.0144056 0.0717854
0.0554494 0.0462739
-0.059501 0.103761
-0.0262541 0.0252568
0.0396755 0.0502992
0.0109984 0.000199954
-0.0119872 0.000607222
-0.0338 0.00149558
-0.162491 0.00263237
-0.0596992 0.00398692
1.07781 0.00505428
1.28908 0.00582739
-1.48871 0.00628803
-3.16564 0.00636923
-1.38098 0.00596336
0.00262914 6.90748e-05
0.0112371 0.000189393
0.00356327 0.000360779
-0.0388551 0.000539671
0.006891 0.000638367
0.155423 0.000739288
-0.00401878 0.000805498
-0.263584 0.000931929
-0.00751553 0.00094943
0.149527 0.0011084
0.00384069 0.000154358
0.000472275 0.000975327
-0.00257294 0.00309801
-0.00464449 0.0114535
0.0120941 0.0153502
0.0179249 0.0423415
-0.0126774 0.0260364
-0.0277722 0.0601893
0.00326659 0.0140236
0.0141323 0.0288078
0.00540585 0.000110412
-0.0212432 0.000367987
-0.0111138 0.0008761
0.0292889 0.00170582
0.0760624 0.00225081
0.492806 0.00251528
0.296607 0.00273247
-1.87925 0.00286163
-3.04295 0.00287518
-1.30036 0.0027232
0.00309895 0.000151606
0.00416121 0.00104566
-0.00255816 0.0033667
-0.0022988 0.0136456
0.0258673 0.0187196
0.0103878 0.0560309
-0.043965 0.0360348
-0.000441062 0.0886591
0.0322305 0.0223263
-0.002609 0.0474742
0.00346215 0.00015416
-0.00187985 0.00104829
-0.00433828 0.00328504
0.020964 0.0126931
0.0368562 0.017259
-0.073307 0.0483775
-0.0793113 0.0308686
0.102481 0.071047
0.0594265 0.0174522
-0.048789 0.0351582
0.012808 0.000137158
-0.0021045 0.000258425
-0.0533882 0.000527731
-0.00877142 0.000766483
-0.026567 0.0009555
-0.113903 0.0011638
0.303467 0.00137314
0.536385 0.00157752
-0.0806042 0.00176512
-0.265321 0.00190681
0.00357302 0.000110642
0.00588261 0.00029709
0.00365785 0.000579562
0.0278928 0.000896478
0.0104873 0.00121487
-0.0893898 0.00158759
-0.00911887 0.00197153
0.137419 0.00247787
0.00805588 0.00219103
-0.0704292 0.00276501
0.00452486 0.000217227
-5.7817e-05 0.00138876
0.00712852 0.00471863
0.00502801 0.0170483
-0.0130389 0.0240532
-0.0314397 0.0651967
0.00305236 0.0417135
0.0586469 0.0950419
0.0130111 0.0229455
-0.0344372 0.0464392
0.0134203 0.00017614
-0.00338611 0.000321877
-0.0212863 0.000613771
-5.08845e-05 0.000796495
-0.137258 0.000868246
-0.153045 0.00093107
0.341858 0.000970986
0.45483 0.00099106
-0.0645602 0.000989966
-0.166849 0.000962584
0.00448122 0.000146621
0.00817346 0.000428146
0.01325 0.000885537
0.0559511 0.00149583
-0.026294 0.00219011
-0.257937 0.00305055
0.0172111 0.00408333
0.444835 0.00538146
0.0204293 0.00519172
-0.257532 0.00625434
0.00556653 0.000256678
0.00383577 0.00173396
0.0081585 0.00555819
-0.033178 0.0207439
-0.0102656 0.0287637
0.0760515 0.0784192
-0.0147231 0.0504256
-0.0602704 0.114091
0.0301436 0.0279669
0.0132583 0.0558768
0.0154123 0.000217646
0.00401277 0.000491057
-0.0412898 0.000999415
-0.10663 0.00145133
-0.0479013 0.00185069
0.261797 0.0021697
0.331427 0.00243634
-0.0909397 0.00259373
-0.329071 0.00260225
-0.139964 0.00251747
0.00535501 0.000169105
0.0126865 0.000503647
0.021395 0.00108175
0.0180618 0.00192889
-0.102836 0.00299202
-0.0646718 0.00435775
0.250372 0.00607333
0.0327139 0.00806739
-0.200342 0.00820426
0.0536858 0.00922187
0.0061956 0.00029061
-0.0028924 0.00195646
0.0153143 0.00624561
0.047493 0.02344
-0.0515372 0.0318727
-0.195248 0.0880336
0.0548466 0.0556058
0.288414 0.127269
-0.00375932 0.0308137
-0.136064 0.0620517
0.0165416 0.000271157
-0.000775713 0.000691345
-0.0436594 0.00144847
-0.0110634 0.0022452
0.0216891 0.00294566
-0.225862 0.00342035
-0.216978 0.00382352
0.489876 0.00405111
0.714239 0.00407258
0.23784 0.00387841
0.00627902 0.000219444
0.0148465 0.000791019
0.0130482 0.00211027
0.0208405 0.00434696
-0.0698939 0.00698965
-0.0966971 0.0097199
0.30136 0.0129651
0.0546343 0.016048
-0.406812 0.0169981
0.192891 0.0158841
0.00695221 0.000313892
0.00261017 0.00226833
0.0216142 0.00687767
-0.0469603 0.0266575
-0.0739814 0.0353321
0.159955 0.0990814
0.0916564 0.0612786
-0.19707 0.142036
-0.0290264 0.033573
0.0800944 0.0686316
0.0153943 0.000299146
-0.00186374 0.000862019
-0.00202636 0.00188597
-0.0760428 0.00304563
-0.270913 0.00415744
0.0881073 0.00494085
0.7989 0.00556493
0.304059 0.00592646
-0.612392 0.00594382
-0.387391 0.00564735
0.00605505 0.000217855
0.0144097 0.000755434
0.0408224 0.00181631
0.0449292 0.00360712
-0.242521 0.00567365
-0.164749 0.00782696
0.64591 0.0104869
0.0254471 0.0134545
-0.610469 0.014402
0.272304 0.0141434
0.00755212 0.000337318
-0.0024289 0.00214567
-0.000525504 0.00717422
-0.00380517 0.0262883
0.0367552 0.0364863
0.110214 0.0999473
-0.0810617 0.0631847
-0.258584 0.145004
0.0564903 0.0346719
0.160525 0.0705737
0.0165246 0.000289414
-0.00977275 0.000745649
-0.0271411 0.00167865
-0.0276146 0.00266008
-0.154389 0.00354324
-0.00620813 0.00429527
0.677945 0.00497987
0.405372 0.00547665
-0.696353 0.00553367
-0.549393 0.00532497
0.00709088 0.000265453
0.0117135 0.00110101
0.0360477 0.00297524
0.0328744 0.005928
-0.370684 0.0096239
0.0552194 0.0121914
1.4484 0.0140653
-0.817483 0.0155405
-1.77042 0.0160067
1.41415 0.0149293
0.00770965 0.000351829
-0.00276912 0.00224063
0.00939573 0.00754868
0.0395362 0.0273796
-0.0256193 0.0384951
-0.136874 0.103933
0.0386387 0.0670383
0.170278 0.151009
-0.0121626 0.0369616
-0.0708479 0.0737149
0.0184421 0.000322206
0.000690126 0.000906578
-0.0953971 0.0020858
-0.167925 0.00332168
0.457105 0.00457725
0.601049 0.00546183
-1.24759 0.00616841
-1.08929 0.00659648
1.40652 0.00662044
1.1943 0.00629242
0.00777772 0.000177544
0.0137548 0.000418751
-0.00473312 0.000769453
0.0432635 0.00111103
0.0706849 0.00135097
-0.120411 0.0015937
-0.118312 0.00174028
0.0801055 0.00200992
0.0578228 0.00201327
0.00516531 0.00237123
0.00800203 0.000350137
-0.00429105 0.00228179
-0.0118453 0.00717421
0.0292461 0.0274421
0.0865543 0.0368473
-0.0555863 0.103497
-0.144148 0.0644425
0.0260939 0.149871
0.0807759 0.0356374
0.00633446 0.0729891
0.0178289 0.000298656
-0.0143967 0.000793875
-0.0644744 0.00182771
-0.0309858 0.00296186
0.134828 0.00417292
0.176383 0.00528723
-0.178273 0.00624098
-0.270163 0.00680486
0.194543 0.00687198
0.243058 0.00651962
0.00819397 0.000249023
0.0195191 0.000842037
0.01578 0.00217699
-0.0409851 0.00442481
-0.173962 0.00711679
0.240043 0.00996879
0.632831 0.0135834
-0.733549 0.0173131
-0.707222 0.0187418
0.791526 0.017617
0.00786527 0.000351008
6.55246e-05 0.00228453
0.00370931 0.00715179
-0.0247403 0.0273195
-0.0111245 0.0365551
0.132679 0.102337
0.0300911 0.0639949
-0.226661 0.147631
-0.0141002 0.0354075
0.12071 0.071753
0.0169056 0.000311301
-0.0102333 0.000890719
-0.0712859 0.00220808
-0.112523 0.00362789
0.220823 0.00512408
0.513789 0.00637476
-0.308431 0.00743111
-0.738876 0.00815056
0.154126 0.00825361
0.355657 0.00778086
0.00786361 0.00019646
0.011806 0.000597564
-0.0295472 0.00144749
0.0394571 0.00275005
0.238248 0.00431958
-0.191026 0.00600706
-0.653799 0.00813265
0.421934 0.0104952
0.622212 0.0112653
-0.439918 0.0111441
0.00750937 0.000312589
-0.00331178 0.001899
-0.010832 0.0063249
0.0157216 0.0226759
0.0481156 0.0313977
-0.0049848 0.0852101
-0.0673613 0.0536077
-0.0334457 0.12267
0.0361185 0.0291917
0.0268621 0.0593893
0.0130295 0.00022962
-0.00800048 0.000614888
-0.0382704 0.00157393
-0.129305 0.00287675
-0.0763218 0.00431075
0.576649 0.00586225
0.903196 0.00774434
-0.414266 0.00931546
-1.50492 0.0097847
-0.739127 0.00920724
0.00610376 0.00019764
0.012111 0.000764053
0.00183383 0.00211123
0.0238643 0.00408069
-0.0884175 0.00659308
-0.14974 0.0084559
0.771554 0.00978899
0.00795825 0.0108081
-1.69213 0.011095
1.13814 0.010301
0.00602216 0.000265152
-0.00368306 0.00176221
0.0131864 0.00563148
0.0433456 0.0204688
-0.0487655 0.0284543
-0.141593 0.0759597
0.071574 0.0486518
0.177104 0.108684
-0.033338 0.0263228
-0.0754233 0.0523517
0.0117959 0.0001859
-0.0258432 0.000515532
-0.072747 0.00127437
0.0640496 0.00231241
0.40574 0.00349776
0.00431658 0.0047907
-1.00065 0.00627144
-0.399167 0.00744165
0.899598 0.00771623
0.594867 0.00727893
0.0029142 9.48355e-05
0.0103885 0.000341276
0.00402735 0.000934709
-0.00410605 0.00187673
-0.0286847 0.00289823
-0.0456425 0.00391009
0.281607 0.00515899
-0.0421909 0.0064765
-0.519475 0.00695691
0.354642 0.00659211
0.00371049 0.000153558
0.00140533 0.000983982
0.00199995 0.00315624
-0.0132361 0.0116363
-0.00157115 0.0156663
0.038245 0.0430501
0.00338818 0.0265193
-0.0460673 0.0610773
-0.00448298 0.0142505
0.019957 0.029165
0.00493558 9.72151e-05
-0.0234132 0.000302381
-0.0106139 0.000764067
0.132948 0.00138179
0.139215 0.00199654
-0.438853 0.00265593
-0.713111 0.00343976
0.347013 0.00412707
1.06657 0.0043256
0.465912 0.00408891
0.00247644 0.000126968
0.00222354 0.000858616
0.00200963 0.00284312
0.0122274 0.0112987
-0.0125661 0.0158529
-0.038203 0.0468491
0.050163 0.0306034
0.0665299 0.0747027
-0.0359542 0.018983
-0.0350812 0.0401927
0.00255652 0.000126922
-0.00067655 0.000839783
0.000616318 0.00279856
0.0107535 0.0105018
0.0236332 0.0145639
-0.055329 0.0405254
-0.0636246 0.0257049
0.0993016 0.0595833
0.0488885 0.0143372
-0.0555305 0.0293557
0.0102901 8.60042e-05
0.00099013 0.000136925
-0.0396464 0.000254785
-0.0709821 0.000314233
-0.070181 0.000359526
0.254736 0.000405238
0.596065 0.000445226
-0.0646746 0.000481215
-0.815796 0.000508978
-0.441089 0.000524366
0.00312406 8.27164e-05
0.00609056 0.000199966
-0.00193929 0.000353927
0.000611293 0.000505468
0.0298552 0.000658458
0.0125612 0.000846339
-0.0422357 0.00102278
-0.0141224 0.00127473
0.0248227 0.0011993
0.00620227 0.00150379
0.00410219 0.000181542
-0.000132165 0.00115115
-0.00311294 0.00380798
0.00594562 0.0138959
0.0201256 0.0195306
-0.035312 0.0531889
-0.0394406 0.0342174
0.0734874 0.0780858
0.0322965 0.0190479
-0.0472739 0.0385077
0.0114598 0.000145207
0.00648483 0.000273524
-0.0281826 0.000498853
-0.119077 0.00069088
-0.11027 0.00079044
0.359751 0.000866886
0.595456 0.000918964
-0.188937 0.000944078
-0.749598 0.000944846
-0.339658 0.000915447
0.00426457 0.000158507
0.00809487 0.000595134
-0.00257537 0.00170901
0.00888713 0.00340216
0.0911964 0.00538063
0.00395561 0.00733861
-0.471221 0.00887537
0.116143 0.00999823
0.846107 0.0102599
-0.586768 0.00947714
0.00456614 0.000210464
-0.00178926 0.00143985
0.0106114 0.0046105
0.00762854 0.0174642
-0.0327387 0.0239134
9.50492e-05 0.0665056
0.0299587 0.0421552
-0.0304367 0.0972748
0.00344417 0.0235124
0.0270492 0.0478554
0.0119225 0.000183927
0.00383904 0.000432472
-0.0186768 0.000858952
-0.0917565 0.00127445
-0.0808643 0.00164871
0.228474 0.0019623
0.245339 0.00222097
-0.143148 0.0023739
-0.149031 0.00238539
0.0116864 0.00230472
0.00406349 0.000161606
0.012911 0.000625871
0.0338744 0.00162758
-0.000603499 0.00344316
-0.235055 0.00544694
-0.0128477 0.00745569
0.697037 0.00970296
-0.153738 0.0117667
-0.718405 0.0123599
0.396058 0.0115183
0.00577137 0.000250714
0.00016987 0.0016799
-0.00352402 0.00511925
-0.00996856 0.019876
0.030426 0.0263782
0.0657053 0.0743631
-0.0626083 0.0464637
-0.130325 0.107639
0.0468733 0.0258904
0.0767202 0.0526054
0.013602 0.00021125
-0.0022784 0.000511055
-0.0353041 0.00108093
-0.0455719 0.00163157
-0.0219256 0.00214707
0.097744 0.00258933
0.191144 0.0029779
0.0171556 0.0032192
-0.167862 0.00324002
-0.0879673 0.00311902
0.00562944 0.000167895
0.0123396 0.000515953
0.0118536 0.00117586
0.0317244 0.00218571
-0.0235972 0.00350336
-0.147907 0.00514819
0.0171425 0.00727674
0.225362 0.00969177
0.014892 0.0104613
-0.122904 0.0108216
0.00570804 0.000272435
-0.000427958 0.00173532
0.00196678 0.00576405
0.0133245 0.0212936
0.0168664 0.0297279
-0.0996096 0.0813111
-0.0408548 0.0522811
0.214394 0.118908
0.0345901 0.029046
-0.134551 0.0583732
0.0137599 0.000244737
-0.00515851 0.00064418
-0.0226474 0.00143676
-0.0584008 0.00232271
-0.0639085 0.00315956
0.183619 0.00390332
0.230772 0.00462738
-0.125804 0.0051754
-0.170972 0.00525527
-0.00924029 0.00501798
0.00625077 0.000160579
0.0175511 0.00042481
0.00580837 0.00081866
-0.0800024 0.00128355
-0.082156 0.00166276
0.435657 0.00205864
0.352941 0.00238409
-0.914856 0.00289723
-0.342454 0.00284407
0.63128 0.00345544
0.00599359 0.000277443
-0.00229307 0.00182853
0.010558 0.0059258
0.0337228 0.0220896
-0.0281725 0.0303255
-0.103943 0.0834535
0.0298431 0.0526854
0.125305 0.120812
-0.00252028 0.0289538
-0.0531332 0.0587625
0.0140222 0.000237803
-0.000351877 0.000616911
-0.0368524 0.00139919
-0.104234 0.0022724
-0.0398667 0.00317024
0.319319 0.00408016
0.434605 0.00504422
-0.164218 0.00577551
-0.599402 0.00593356
-0.280776 0.00569566
0.00675855 0.000217128
0.0128348 0.000802262
-0.00501049 0.00227699
0.0276941 0.00448189
0.0469833 0.00698914
-0.165491 0.00953635
-0.0473758 0.0116281
0.272926 0.0132433
-0.0962704 0.0136703
-0.0244846 0.012591
0.00665188 0.000290877
0.00010005 0.00187501
-0.00581232 0.00602669
-0.0145412 0.022396
0.0443915 0.0308616
0.0911439 0.0848897
-0.085366 0.0537783
-0.161664 0.123631
0.0590481 0.0296946
0.0847461 0.0604957
0.0144566 0.00025465
-0.00860103 0.000677706
-0.0497415 0.00161397
-0.0045504 0.00270706
0.0459627 0.00374889
-0.0656565 0.00470726
0.168295 0.00568802
0.327312 0.00650282
-0.269935 0.00666934
-0.347733 0.00640909
0.00752707 0.000226801
0.0123838 0.000818553
-0.0186988 0.00228717
0.0601738 0.00437675
0.234723 0.00689158
-0.380376 0.00941547
-0.81593 0.0116656
0.923391 0.0134031
0.830336 0.0139139
-0.825619 0.0128208
0.00685797 0.000293746
0.00175468 0.00191233
-0.00567586 0.00606685
-0.0119465 0.0231581
0.0416364 0.0312079
0.026963 0.0876837
-0.0835375 0.0551685
-0.0226758 0.127844
0.0618923 0.0309197
0.00423688 0.0628311
0.0146287 0.000234821
-0.0119482 0.000582121
-0.041907 0.00130556
-0.00318571 0.00226219
-0.036016 0.00336104
-0.0435968 0.00453288
0.442747 0.00590831
0.364951 0.00723001
-0.560768 0.007567
-0.496258 0.00743175
0.00718601 0.000181613
0.0119549 0.00052205
0.00109097 0.00119043
0.0145068 0.00219709
-0.0598029 0.00350298
-0.0433389 0.0051
0.26251 0.00713228
-0.0543461 0.00940071
-0.288049 0.0101152
0.171992 0.0103355
0.00639638 0.000289266
0.00108034 0.00181521
0.00424755 0.00610015
-0.00030352 0.0218347
-0.00195473 0.0308884
-0.0385326 0.0825777
-0.00838276 0.0533007
0.0968763 0.11964
0.0143339 0.0291777
-0.0609603 0.0582289
0.0128945 0.000247245
-0.00712752 0.000719862
-0.0394382 0.00179195
-0.102507 0.00312094
0.0470292 0.00454057
0.450543 0.00589402
0.145155 0.00723699
-0.523465 0.00830751
-0.333309 0.00862158
0.00564289 0.00812457
0.00655253 0.000200343
0.0115147 0.000725256
0.0148575 0.0020075
0.0782045 0.0038516
-0.19689 0.0060355
-0.467238 0.00822149
1.00826 0.0100786
0.480905 0.0114686
-1.74491 0.0118347
0.831947 0.0108984
0.00570705 0.00025353
0.00253714 0.00171785
0.00727124 0.00537861
-0.00984729 0.0206507
-0.0230067 0.027618
-0.0220729 0.0778055
0.0423176 0.048273
0.0805593 0.112542
-0.0211474 0.0266967
-0.0514883 0.0547799
0.0126389 0.000223115
-0.0151674 0.000649967
-0.0755391 0.00160543
0.0149894 0.00275831
0.38357 0.00411827
0.00732941 0.00536915
-1.03958 0.00642022
-0.254906 0.00708649
1.20874 0.0072397
0.730099 0.00677344
0.00649116 0.000174066
0.0120117 0.000580937
-0.00891153 0.00157816
0.0127303 0.00303505
0.0084313 0.00476961
-0.106785 0.00670528
0.174552 0.00866556
0.0857291 0.0101257
-0.445557 0.0105703
0.283852 0.00974835
0.00536256 0.00022304
0.00099899 0.00156305
-0.00192844 0.0046761
-0.00676517 0.0183697
0.0273749 0.0241297
0.0123759 0.0684482
-0.0530566 0.0422365
-0.0151005 0.0984196
0.0335646 0.0234132
0.00913171 0.0477791
0.0100236 0.000175303
-0.0225714 0.000501691
-0.049054 0.00134002
0.0525631 0.00240021
0.212624 0.00360575
-0.009531 0.00494304
-0.38552 0.00617945
-0.148222 0.00696984
0.227751 0.00714162
0.136566 0.00664639
0.00287218 9.07632e-05
0.00904763 0.000362584
-0.00311936 0.000964673
-0.0248764 0.00194975
0.0839999 0.00320933
0.156453 0.00407048
-0.453171 0.0046731
-0.236809 0.0050892
0.931979 0.0051815
-0.456693 0.00479563
0.00307325 0.000130942
-0.000998067 0.000838873
0.00357399 0.00274867
0.013564 0.0100036
-0.00988376 0.0136844
-0.0569501 0.0372907
0.0187232 0.0231629
0.0865446 0.0531062
-0.0129007 0.0124461
-0.043268 0.0254038
0.00404505 7.83037e-05
-0.0198335 0.000254713
0.00281439 0.000639167
0.0952674 0.00116463
-0.0192019 0.0017727
-0.279189 0.00244312
0.0339395 0.00301896
0.389806 0.00337416
-0.00578529 0.00344428
-0.174354 0.00322457
0.00229584 0.000125255
0.00363428 0.000835443
0.00324876 0.00286632
-0.0153019 0.0112051
-0.00915481 0.01591
0.0893434 0.046577
0.0331687 0.0305037
-0.138685 0.074215
-0.0215806 0.018778
0.0725977 0.0398955
0.00280671 0.000136762
-0.000869266 0.000893433
0.00497676 0.00297903
0.0182393 0.010876
-0.00784386 0.015439
-0.0726632 0.0416232
-0.00557382 0.0272194
0.108642 0.0611016
0.017271 0.015201
-0.0550672 0.0301494
0.0112311 0.000115689
0.000328393 0.000208611
-0.0626717 0.000421852
-0.0396208 0.000572187
0.122375 0.00066148
0.114502 0.000749911
-0.0911071 0.000825746
-0.0691054 0.000889163
0.0850474 0.000937344
0.0588663 0.000961921
0.00328765 0.000107184
0.00759253 0.00031482
0.0106723 0.00067251
-0.016086 0.00118839
-0.0749017 0.00182841
0.113276 0.00267824
0.241258 0.00378182
-0.247962 0.00513732
-0.215887 0.00528647
0.201006 0.006133
0.00418048 0.000190456
0.00114302 0.00129459
0.00616927 0.00412333
-0.0197871 0.0153421
-0.0123057 0.0213132
0.081917 0.0578209
0.000447399 0.0372931
-0.123863 0.083943
0.0151857 0.020651
0.0608112 0.0410409
0.0120552 0.000154165
0.000122571 0.000314834
-0.0515991 0.000555174
-0.0452383 0.000767819
0.170742 0.000912853
0.137985 0.00102115
-0.451812 0.00109925
-0.280915 0.00113752
0.508342 0.00113907
0.376337 0.00110782
0.00453443 0.000117634
0.0103858 0.000279149
0.00542909 0.000488368
0.00505981 0.000698509
-0.0113297 0.000879485
-0.030274 0.00106852
0.0324862 0.00119456
0.0485333 0.00138662
-0.0182388 0.00132714
-0.0189886 0.00157382
0.00522256 0.000236744
0.000662758 0.00158543
0.00447348 0.00515483
0.0044493 0.0192083
0.0125526 0.0264927
-0.0438798 0.0730156
-0.0556312 0.046117
0.0781662 0.106167
0.0503996 0.025449
-0.0395326 0.0518433
0.0128562 0.000223174
-0.0004142 0.000566845
-0.00533707 0.0011102
-0.075058 0.00171809
-0.200081 0.00219965
0.174711 0.00251225
0.592709 0.00276314
0.0357657 0.00288995
-0.504226 0.0028914
-0.23929 0.00276653
0.00530095 0.000178867
0.0135209 0.000642653
0.00686604 0.00166709
0.00862308 0.0033886
0.0486272 0.00545247
-0.105792 0.00769246
-0.349607 0.0104795
0.379756 0.0131892
0.562536 0.0140646
-0.548302 0.0131387
0.00590064 0.000265773
-0.00272557 0.0017798
0.00723976 0.00570271
0.0155345 0.0211288
-0.0122132 0.0293064
-0.0452304 0.0794568
-0.00122366 0.0510945
0.0579424 0.115059
0.0169015 0.0281947
-0.0247642 0.0561072
0.0146533 0.000258821
-0.00937003 0.00069732
-0.0511519 0.00148497
0.0776171 0.00235986
0.216806 0.00308832
-0.483844 0.0035092
-1.04253 0.00386788
0.503361 0.00406843
1.81781 0.00407794
0.867513 0.00389351
0.00595323 0.000193537
0.0168077 0.000662812
0.0161004 0.0016994
-0.0242853 0.00345148
-0.114362 0.0054738
0.106768 0.00767229
0.395305 0.0104162
-0.327393 0.0130474
-0.443043 0.0138722
0.397332 0.0130182
0.00714691 0.000301583
0.00023662 0.00196264
-0.0116823 0.00616076
-0.0134079 0.0235455
0.0779945 0.0312314
0.0538553 0.0883718
-0.146106 0.0543116
-0.0590894 0.127489
0.0918282 0.0300451
0.0149368 0.0620104
0.0146057 0.000245127
-0.00654787 0.00061538
-0.032617 0.00138952
0.0228271 0.00233058
-0.0749172 0.00330329
-0.273863 0.00430163
0.388313 0.00544805
0.708605 0.00642781
-0.341232 0.006647
-0.503211 0.0063664
0.00827742 0.000220726
0.0188435 0.000733156
-0.0433217 0.00193239
-0.0586686 0.00380544
0.442942 0.00606374
0.142455 0.00850934
-1.60656 0.01156
0.37636 0.0144916
1.98545 0.015503
-1.23837 0.0145183
0.00702152 0.000305351
0.00318066 0.00208201
-0.00385531 0.00631878
-0.029103 0.0248371
0.0455041 0.032355
0.0802216 0.0930544
-0.102495 0.05664
-0.089368 0.134274
0.0757801 0.0314726
0.0371761 0.0653551
0.0153159 0.000256852
-0.00451325 0.000646878
-0.0491245 0.00146786
-0.058985 0.00252477
0.11098 0.00366667
0.161984 0.00484065
-0.225409 0.00620904
-0.202585 0.00745261
0.277268 0.00771619
0.228055 0.00746066
0.0084142 0.000255903
0.00928231 0.000894445
0.00613783 0.00242843
0.11432 0.00457727
-0.13447 0.00717992
-0.569864 0.00982094
0.821831 0.0121785
0.66353 0.0138536
-1.55116 0.0142699
0.660519 0.0131552
0.00741171 0.000337233
-0.00106862 0.00222157
0.0043653 0.00705411
-0.00308115 0.0269241
0.00726474 0.0356369
0.031183 0.10142
-0.0334646 0.0613845
-0.044569 0.146005
0.0336911 0.0335587
0.0175579 0.0705962
0.0153769 0.000306917
-0.00395054 0.000912864
-0.0232502 0.00225238
-0.131132 0.00376916
-0.258169 0.00533473
0.442708 0.00659554
1.42683 0.00765665
0.0297461 0.00842961
-1.98711 0.00858765
-1.1746 0.00812214
0.00701663 0.000235683
0.00740802 0.000820576
0.0635235 0.00217784
0.151571 0.00435063
-0.702643 0.00653211
-0.582013 0.00874508
2.7228 0.0109195
-0.143029 0.0128032
-3.50916 0.0133439
2.01487 0.0124883
0.00749358 0.000327302
-0.00117562 0.00214334
0.00325752 0.0066121
0.0078431 0.0253564
-0.017054 0.033235
-0.0422549 0.0944018
0.0326257 0.0574361
0.0873493 0.135446
-0.0101186 0.0315448
-0.0540737 0.0655302
0.0145171 0.000252421
-0.00432047 0.000656219
-0.0563355 0.00152682
-0.111056 0.00268899
0.156355 0.00400384
0.425384 0.00536737
-0.194713 0.00695942
-0.561126 0.00847255
0.0816436 0.00882009
0.245821 0.00860297
0.00842143 0.000211987
0.0167712 0.000612444
-0.00358091 0.00133422
-0.0391925 0.00237445
0.00566508 0.00363478
0.215702 0.00514074
0.0320551 0.0069788
-0.442784 0.00910597
-0.0371147 0.00940277
0.277819 0.0103086
0.00795698 0.000348491
-0.00480069 0.00217678
-0.00688883 0.00703812
0.060901 0.0260105
0.0710355 0.0352201
-0.231987 0.0970579
-0.15538 0.0606721
0.343533 0.139295
0.102848 0.0333062
-0.173564 0.0674561
0.0147959 0.000278185
-0.0131828 0.000796986
-0.0441645 0.00198859
-0.0521456 0.00342971
-0.0571142 0.00497891
0.256727 0.00651299
0.815294 0.00802378
0.00664392 0.00913374
-1.36321 0.00942112
-0.844424 0.00889126
0.00752035 0.000221899
0.0163205 0.000777363
0.0121563 0.00208101
-0.0264958 0.00402652
-0.172863 0.00609075
0.108494 0.00807896
0.616012 0.00987242
-0.39888 0.011347
-0.668057 0.0117273
0.530493 0.0109592
0.0069253 0.00029765
0.00270246 0.00190742
0.002202 0.00617241
-0.0486475 0.0228359
-0.0129381 0.0308861
0.187846 0.0860421
0.0260062 0.0528997
-0.250697 0.124091
-0.00817417 0.0288618
0.108501 0.0601339
0.0135634 0.000231524
-0.0197768 0.000644154
-0.0861712 0.00166605
0.0331109 0.00302494
0.401077 0.00450796
0.03249 0.00602448
-0.872532 0.00764909
-0.302779 0.00893188
0.752088 0.0092558
0.454116 0.00867966
0.00775811 0.000203649
0.0116589 0.00070597
-0.0355389 0.00197111
0.0383152 0.00368824
0.288829 0.0057757
-0.307335 0.00775772
-0.900525 0.0093817
0.859981 0.0105575
0.928374 0.0108329
-0.876365 0.0100066
0.00561543 0.000242874
0.00142708 0.00168012
0.00923726 0.00517705
-0.023817 0.0198858
-0.0336047 0.0264059
0.0912758 0.0740832
0.053887 0.0457531
-0.126617 0.106086
-0.0244283 0.0251433
0.0575992 0.0512122
0.0109318 0.000230701
-0.0117091 0.000757192
-0.0458198 0.0018853
-0.262532 0.00370228
-0.0355046 0.00534176
2.27623 0.00624631
2.45945 0.00699778
-4.49958 0.00751067
-8.57823 0.0076281
-3.70397 0.00714328
0.00329446 9.54268e-05
0.00971309 0.000355709
-0.0128573 0.00101209
-0.0236971 0.00196197
0.170891 0.00325724
0.0875521 0.00458767
-0.650596 0.00561222
0.0622604 0.00623128
0.887383 0.00635353
-0.525498 0.00585171
0.00370982 0.000152378
0.000951837 0.00100078
0.00244662 0.00310486
-0.00508104 0.0117189
0.00337287 0.0152501
0.018536 0.0428079
-0.0128074 0.025546
-0.0313108 0.0599982
0.00573225 0.0136084
0.0177411 0.0283484
0.00381242 9.292e-05
-0.0216398 0.00033015
0.0202553 0.000836192
0.0972255 0.0015787
-0.130921 0.00248615
-0.306377 0.00336093
0.304235 0.00398906
0.540407 0.00436831
-0.184157 0.00444132
-0.302594 0.00413337
0.00263663 9.42142e-05
0.00402629 0.000298801
0.00289204 0.000648736
-0.00383911 0.00107541
0.00357953 0.00146596
0.0582699 0.00182778
-0.00115564 0.00217028
-0.125451 0.00259333
0.00192826 0.00214133
0.0833792 0.0025551
0.00352948 0.000158628
-0.000154693 0.00102766
-0.00533666 0.00334595
-4.16925e-05 0.0125625
0.0442598 0.0171573
0.0209035 0.0478904
-0.0897554 0.0300521
-0.0576788 0.0698102
0.0605219 0.0167273
0.0391571 0.0342085
0.0116633 0.000109114
0.00981641 0.000177068
-0.03887 0.000324966
-0.174848 0.000420183
-0.149579 0.000475208
0.614881 0.000524797
0.998762 0.000560097
-0.401537 0.000582385
-1.40948 0.000588425
-0.636205 0.000571479
0.0035739 0.000109624
0.00800652 0.000288948
0.00669695 0.000541449
-0.00799159 0.000830004
-0.0305694 0.00107874
0.067393 0.00135166
0.111477 0.00157312
-0.129989 0.00191719
-0.0921859 0.00185431
0.085946 0.00229381
0.0042212 0.000197129
0.00404709 0.00138091
0.0092324 0.0044021
-0.0420076 0.0167376
-0.0122788 0.0229494
0.134293 0.0637141
-0.00969181 0.0402683
-0.167935 0.0928367
0.0229128 0.0223059
0.0720387 0.0454152
0.0124935 0.000182721
0.00357297 0.000384268
-0.0189271 0.000709661
-0.0952869 0.00101822
-0.183202 0.00119517
0.25078 0.00132946
0.784775 0.00143915
0.0331301 0.00150252
-0.931422 0.00151954
-0.529913 0.00147077
0.00490107 0.000191064
0.0129617 0.000742504
0.0162088 0.0021136
0.00334184 0.00424051
-0.093067 0.00674898
0.00355143 0.00922804
0.315837 0.0112752
-0.155938 0.0129184
-0.351946 0.0134268
0.276507 0.0123721
0.00611652 0.000267061
-0.000316298 0.00180907
-0.000142344 0.00569645
0.030081 0.0214221
0.0259423 0.0295771
-0.150119 0.0808172
-0.0657017 0.052062
0.244182 0.11759
0.0526912 0.0290032
-0.126231 0.0576644
0.0147889 0.000232682
0.000707114 0.000573652
-0.0440806 0.00117623
-0.0511527 0.0017772
0.0988891 0.00235477
0.0798967 0.00286885
-0.292109 0.00332599
-0.106428 0.00361619
0.405551 0.00365589
0.259514 0.00350976
0.00590478 0.000226596
0.00379615 0.000916308
0.0179981 0.0026026
0.240591 0.00505964
-0.293143 0.00846522
-1.6386 0.0111164
2.63643 0.0130129
2.71037 0.0144552
-6.99537 0.0148467
3.35248 0.0136899
0.00710558 0.000313057
-0.00551751 0.002132
0.00787361 0.00651579
0.0489383 0.0250871
-0.0266677 0.0333222
-0.142742 0.0937503
0.0226344 0.0581613
0.172343 0.135371
0.00944372 0.0321966
-0.0754754 0.0659636
0.016102 0.00027973
-0.00232909 0.000728623
-0.0282811 0.00159937
-0.0644218 0.00254791
-0.0755045 0.00342763
0.138024 0.00417618
0.255206 0.00486524
-0.0214312 0.00536583
-0.144166 0.00543245
-0.027228 0.00521302
0.00745814 0.000243576
0.0198524 0.000882829
0.000189797 0.00253407
-0.0274021 0.00502155
0.0189603 0.00788511
0.0680674 0.0107916
-0.0736256 0.0131702
-0.0971544 0.0149919
0.158695 0.0154955
-0.0427387 0.0143278
0.00692553 0.000313002
-0.00255075 0.00216523
0.00831796 0.00679842
0.0347051 0.0262163
-0.0149596 0.0351328
-0.0963095 0.0995956
0.00481723 0.0616608
0.0978777 0.144983
0.0167308 0.0342992
-0.0345603 0.0709695
0.0180752 0.000295969
0.00947365 0.000752775
-0.0770992 0.00172474
-0.21817 0.00270748
0.22784 0.00366239
0.749246 0.00451118
-0.356692 0.00530573
-1.01747 0.00585491
0.218946 0.00591059
0.508449 0.00567294
0.00889157 0.000252292
0.0187901 0.000857004
-0.0222799 0.00225139
-0.0247838 0.00434173
0.257215 0.00672622
-0.00196576 0.00931243
-0.946512 0.0123471
0.408506 0.0149626
1.13601 0.0157326
-0.808605 0.0146379
0.00748346 0.000337078
-0.00434196 0.00224319
0.0154805 0.0073706
0.0413707 0.0270934
-0.0638142 0.0375104
-0.152295 0.103152
0.0918141 0.0648773
0.217794 0.149857
-0.0293564 0.0357155
-0.102016 0.0730589
0.0151854 0.000305163
-0.000704637 0.000885715
-0.027498 0.00203214
-0.143452 0.00337326
0.0768185 0.00464866
0.523976 0.0057623
-0.301163 0.00681801
-0.810872 0.00763757
0.394467 0.00775807
0.586089 0.00740623
0.00907595 0.000275745
0.0208604 0.000994054
0.0013258 0.00267847
-0.0687369 0.00528627
-0.0389872 0.00807979
0.309877 0.0107407
0.0966688 0.0132296
-0.543014 0.0153486
0.0333365 0.0159365
0.213419 0.0148593
0.00796153 0.000352576
0.00114853 0.00229417
0.00753296 0.00775582
-0.0238039 0.0277766
-0.00270287 0.039659
0.099876 0.105595
-0.0226041 0.0686643
-0.13669 0.153428
0.0307275 0.037657
0.0598185 0.0748075
0.0159495 0.000315019
-0.00902621 0.000869565
0.00244627 0.00203161
-0.0455308 0.00354238
-0.377765 0.00505076
0.0333719 0.00654904
1.34727 0.00826939
0.558375 0.00979698
-1.40236 0.0101597
-0.963728 0.00968358
0.00983415 0.000271796
0.017226 0.000859301
0.00566082 0.0022836
-0.0161208 0.00445694
-0.273835 0.00699712
0.141208 0.00973036
1.38472 0.0131206
-0.825817 0.0162671
-1.91048 0.0173052
1.50482 0.0161757
0.00757323 0.000343834
0.00257732 0.00236626
0.00888738 0.00754774
-0.0447356 0.0289869
0.0296895 0.0389398
0.162107 0.10982
-0.117363 0.0679412
-0.197436 0.159067
0.0948085 0.0374589
0.0752621 0.0773985
0.0173807 0.000312039
0.00198454 0.0008606
-0.0618704 0.00207629
-0.212864 0.00355239
0.0698236 0.00516069
0.797693 0.0068421
0.376196 0.00852644
-0.861655 0.00965859
-0.827254 0.00986709
-0.157383 0.00925912
0.00984206 0.000249269
0.0185208 0.000767007
-0.0138823 0.00181877
-0.018371 0.00339546
0.0711202 0.00525331
0.0358261 0.00731241
-0.13968 0.0099378
-0.0234562 0.0127965
0.107878 0.0137522
-0.0186575 0.0135773
0.00851952 0.000355302
0.00343695 0.00229857
-0.0121453 0.00739952
-0.0293647 0.0275091
0.0967995 0.0376646
0.119141 0.103302
-0.192771 0.0653559
-0.199147 0.149107
0.121377 0.0359762
0.109362 0.0724955
0.0157474 0.000299163
-0.0120805 0.000864464
-0.0824981 0.00218208
-0.0667798 0.00377639
0.401942 0.00547326
0.329766 0.00710182
-0.935458 0.00865227
-0.685678 0.00977329
0.847133 0.00999801
0.672586 0.0093918
0.0095912 0.000265465
0.0229028 0.000904432
0.000680904 0.00237369
-0.109069 0.00464034
-0.0635763 0.00709596
0.509111 0.0096218
0.178811 0.0124034
-0.952137 0.0149134
-0.0752885 0.0157763
0.52067 0.0148354
0.00792254 0.000333389
0.00507154 0.00231137
0.00293209 0.00705434
-0.0356481 0.0271707
-0.0051204 0.036454
0.0727047 0.101913
0.0148813 0.0634312
-0.0431414 0.147258
-0.00550502 0.0347705
-0.00157091 0.0715086
0.0156935 0.000302046
-0.0206855 0.00090127
-0.0804058 0.00233412
0.0303496 0.00406046
0.278036 0.00603826
-0.0178382 0.00769876
-0.4238 0.00898607
-0.0459102 0.00980033
0.297062 0.00991313
0.130752 0.00925654
0.00749664 0.000206519
0.0127403 0.000640352
0.0238896 0.00152438
0.0253593 0.00291311
-0.246629 0.00453969
-0.0886517 0.00631281
0.760357 0.00850571
-0.14799 0.0108793
-0.764385 0.0115896
0.442768 0.0114699
0.00648305 0.000286949
0.00154612 0.00185665
0.0136164 0.00621838
-0.0213265 0.0224691
-0.0505248 0.0311976
0.123636 0.0849125
0.0746892 0.0532535
-0.228918 0.122359
-0.0335127 0.0289086
0.127535 0.0591718
0.0120105 0.000223808
-0.023359 0.000655908
-0.0661712 0.00172238
0.0268945 0.00314485
0.303111 0.00468117
0.160191 0.00628972
-0.496312 0.0080345
-0.475981 0.00939261
0.133724 0.00971666
0.188724 0.00906657
0.00370677 0.000104021
0.00990548 0.000313263
0.0117901 0.000730832
0.00117387 0.00134069
-0.127202 0.00201549
0.0120947 0.00275287
0.528849 0.00369981
-0.270117 0.00484491
-0.633093 0.00528459
0.476702 0.00550141
0.00449107 0.000175842
0.000367975 0.00116679
-0.000700606 0.0035805
0.00138489 0.0134673
0.0109569 0.0177635
-0.0227065 0.0492396
-0.0164296 0.0299013
0.0515915 0.0693362
0.0045338 0.0159545
-0.0320219 0.0329044
0.00466259 0.000120842
-0.0247159 0.000463876
0.00242819 0.00120954
0.123033 0.00269308
0.0852045 0.00374931
-0.32328 0.00429748
-0.597607 0.00476853
-0.331264 0.0050888
-0.0831685 0.00515846
-0.0396487 0.004828
0.00293687 0.000101248
0.00313609 0.000310255
0.00301235 0.000658959
0.0194574 0.00105296
0.0101704 0.00142462
-0.0536848 0.00176532
-0.0289609 0.00208858
0.064642 0.0024942
0.0269856 0.0020906
-0.0219216 0.00250244
0.00382289 0.000171484
-0.000220775 0.00107565
-0.00939958 0.00355412
-0.00143272 0.0132002
0.0585155 0.0184201
0.0179329 0.0505837
-0.105699 0.0328025
-0.0383098 0.0745095
0.0678654 0.0185179
0.0226828 0.0369555
0.0121256 0.000114207
0.00147329 0.000186804
-0.0427616 0.000331795
-0.0413683 0.000388382
-0.0105506 0.000417172
0.0273972 0.000442832
0.113534 0.00045896
0.172116 0.000468406
0.11991 0.000469005
0.0326017 0.000459067
0.00365206 0.00012572
0.00969824 0.000374503
0.0203083 0.000743937
0.031094 0.00126098
-0.0573475 0.00187026
-0.153109 0.00267512
0.0696071 0.00365585
0.260844 0.00490258
-0.0120427 0.00461747
-0.145906 0.00574939
0.00519715 0.000235323
0.00190017 0.00162083
0.0029399 0.00509352
-0.0183658 0.0195892
0.0158705 0.0266073
0.0547986 0.0745571
-0.0474212 0.0469329
-0.0612042 0.108805
0.0401913 0.0261398
0.0237731 0.0533489
0.0135796 0.000203175
0.0032249 0.000445122
0.0058819 0.000833202
-0.0894463 0.00119455
-0.349434 0.00147716
0.160031 0.00169017
1.0444 0.00185183
0.242097 0.00193662
-0.924771 0.00193911
-0.526388 0.00188514
0.00510962 0.000177394
0.0140501 0.000586541
0.00650506 0.00134392
-0.00876156 0.00248073
0.0824231 0.00376977
0.0386645 0.00521412
-0.36616 0.00709857
0.074427 0.00942684
0.442204 0.010211
-0.255758 0.0108711
0.00708421 0.000306937
0.000792697 0.00198885
-0.00848718 0.00642715
-0.00357991 0.0239897
0.0698098 0.0328346
0.0114742 0.0910306
-0.136631 0.0572223
-0.0233259 0.132412
0.0881708 0.0316916
0.0136558 0.0647851
0.0147252 0.000247058
0.0006807 0.000571363
0.0111097 0.00116165
-0.0555036 0.00177225
-0.345692 0.00231198
-0.00428365 0.00281307
0.95637 0.00328201
0.441315 0.00366061
-0.786088 0.00368199
-0.53226 0.0036484
0.00757984 0.00024067
0.0136714 0.000837484
-0.0157224 0.00221367
0.0551971 0.00452485
0.26909 0.00721076
-0.31375 0.0100535
-1.03503 0.0135258
0.897003 0.0168593
1.27672 0.017846
-1.12774 0.0165844
0.00751718 0.000336279
0.00447016 0.00229229
0.0112803 0.00740669
-0.0570264 0.0271815
-0.0305295 0.0385514
0.188882 0.103274
0.021975 0.0677613
-0.231858 0.151132
0.0141411 0.0376911
0.0957491 0.0744147
0.0172299 0.000299345
0.00996308 0.000743692
-0.0277311 0.00158957
-0.190321 0.00259176
-0.0690575 0.00354702
0.509713 0.00445251
0.284555 0.00541802
-0.428363 0.00633647
-0.250806 0.00642627
0.0511524 0.00638846
0.00826206 0.000277982
0.018214 0.0010448
0.00389876 0.00295166
-0.0116755 0.00581951
-0.0217877 0.00916161
0.0259161 0.0124981
0.124378 0.0152426
-0.0641131 0.0173689
-0.213766 0.0179564
0.16827 0.0165251
0.00899432 0.000399739
0.00375214 0.00242921
-0.0110917 0.00811259
-0.0336398 0.0292636
0.0727539 0.040957
0.126691 0.11074
-0.133477 0.0711978
-0.191925 0.160993
0.0881647 0.0393855
0.0968112 0.0787868
0.0189997 0.000300925
-0.0022844 0.00072039
-0.0747775 0.00150527
-0.123403 0.0024705
0.291916 0.00352714
0.51435 0.00465101
-0.721695 0.00589335
-0.942214 0.00713882
0.671934 0.00725864
0.737711 0.0074131
0.0100802 0.000300196
0.025561 0.00107332
-0.0123506 0.00284762
-0.0772715 0.00582384
0.196504 0.00909402
0.30394 0.0124767
-0.833503 0.0164524
-0.255185 0.0203108
1.14158 0.0217023
-0.446702 0.0202212
0.00946954 0.000416541
-0.0048908 0.00288212
0.00860688 0.00852104
0.0584574 0.0334405
-0.0387997 0.0436605
-0.2302 0.124174
0.058118 0.0760033
0.347203 0.178665
-0.0143006 0.0418006
-0.175767 0.086703
0.0193271 0.000348095
-0.00950283 0.000898762
-0.0194951 0.00207616
-0.0342887 0.00354225
-0.320709 0.00508109
-0.019029 0.00668528
1.26023 0.0085868
0.600005 0.0102437
-1.31462 0.0106444
-0.921467 0.0101616
0.00947573 0.000311565
0.0272973 0.00113127
0.075892 0.00293348
-0.109999 0.00604223
-0.800232 0.00923981
0.594137 0.0124673
2.68912 0.0157154
-1.86637 0.018519
-2.895 0.0192893
2.31684 0.0180286
0.0096792 0.000420423
-0.00344038 0.00270208
-0.010171 0.00858574
0.0892799 0.0325591
0.0763854 0.0437232
-0.382317 0.122977
-0.142759 0.0760993
0.570721 0.178177
0.0917407 0.0420351
-0.27827 0.0868411
0.020192 0.000389689
-0.00740766 0.00115619
-0.0991781 0.00288218
-0.0577637 0.00481204
0.471605 0.00688635
0.225531 0.00853025
-1.36491 0.00993871
-0.716556 0.0109577
1.58824 0.011159
1.1653 0.0105108
0.011156 0.000278091
0.0166512 0.000807368
-0.0143427 0.00182243
0.0339723 0.00333174
0.176936 0.00527037
-0.147404 0.00763409
-0.667809 0.0106806
0.36534 0.0140912
0.780372 0.0152256
-0.512069 0.01559
0.00972915 0.000437043
-0.00581578 0.00269292
-0.00128333 0.00906045
0.047746 0.0324392
0.0234793 0.0455294
-0.147517 0.12291
-0.0497167 0.0784147
0.195619 0.178314
0.0415306 0.0430128
-0.095021 0.0869315
0.0190566 0.000379674
-0.0195609 0.00113384
-0.0916893 0.00287317
0.0749882 0.00511116
0.534352 0.00739338
-0.332741 0.0094935
-1.95842 0.0114137
-0.0961725 0.0128686
2.74986 0.0131638
1.61746 0.0123109
0.0126562 0.000310087
0.0174364 0.000983994
-0.0498725 0.00245709
0.0640858 0.00471531
0.43787 0.00745151
-0.444095 0.0102719
-1.43796 0.0136587
1.22939 0.0172476
1.55744 0.0181439
-1.35535 0.017719
0.00950393 0.000413488
-0.000899733 0.0026824
-0.00477117 0.00865487
0.0162566 0.03227
0.0507854 0.0445323
-0.083054 0.122453
-0.10414 0.0780632
0.138252 0.178579
0.0748725 0.0433527
-0.0729539 0.087599
0.0174234 0.000355818
-0.0254775 0.00100102
0.0149597 0.00244504
0.0320416 0.00435346
-0.622401 0.00631379
-0.175843 0.00827467
2.42371 0.0102363
1.2013 0.0117155
-2.78815 0.012063
-2.00374 0.0113799
0.011441 0.000277486
0.0266056 0.000852044
-0.0232492 0.00197987
-0.110873 0.00367863
0.213326 0.00573668
0.34472 0.00805919
-0.825692 0.0110056
-0.171528 0.0142407
1.0251 0.0153332
-0.453156 0.0152856
0.00893647 0.000390687
-0.00287988 0.00253763
0.00507595 0.00823771
0.00847799 0.0306181
-0.0158202 0.0421554
0.0133406 0.115877
0.0391058 0.0733296
-0.0577507 0.168121
-0.0196739 0.0402751
0.0366782 0.0818616
0.0157052 0.000337921
-0.0113552 0.00106342
-0.0286279 0.00275159
-0.222246 0.00487083
-0.208407 0.00732182
1.15946 0.00934614
1.68683 0.0109831
-1.21672 0.0121683
-3.07337 0.0124517
-1.33464 0.0115998
0.0105166 0.000260229
0.0220139 0.000827879
-0.0183262 0.00208671
-0.0605325 0.00402415
0.0654416 0.00628475
0.21031 0.00859383
-0.146885 0.0112966
-0.318304 0.0139886
0.18297 0.0146558
0.0836369 0.0140986
0.00774867 0.000344797
-0.00254056 0.00222824
0.00738389 0.00727926
0.0064103 0.0271134
-0.0023435 0.0369462
0.0412519 0.102518
-0.023876 0.0639285
-0.121419 0.148354
0.0284652 0.0350498
0.0806607 0.0721075
0.0144941 0.000250586
-0.0364369 0.00071712
-0.061384 0.00177203
0.13201 0.00335571
0.186197 0.00524731
-0.219926 0.00711908
-0.198613 0.00915037
0.122861 0.0111011
0.027312 0.0114588
-0.0417637 0.0111799
0.00527088 0.000135004
0.011045 0.000426151
-0.0115678 0.00109886
0.00849003 0.00217794
0.0807323 0.00341728
-0.0790249 0.0046911
-0.181533 0.00618253
0.158785 0.00749795
0.148391 0.00784713
-0.129375 0.00738778
0.00533022 0.000208857
0.000112965 0.00137273
0.00214388 0.00423952
-0.00118048 0.0158219
-0.00850989 0.0208975
0.00560198 0.0576477
0.0206288 0.035125
-0.011768 0.0809156
-0.016346 0.0187714
0.00709303 0.0383336
0.00520639 0.000149839
-0.0274682 0.000579187
-0.000141624 0.00159079
0.165199 0.00347459
0.15876 0.00463157
-0.582091 0.00523243
-1.19714 0.00577566
-0.309292 0.00613568
0.682128 0.00620007
0.395286 0.00580337
0.00283891 0.000103483
0.00382219 0.000318574
0.0053432 0.000683526
0.00675415 0.00110357
-0.0121177 0.00149334
0.00899243 0.00184765
0.0413918 0.00217478
-0.0245748 0.00258576
-0.0271292 0.00216699
0.0194434 0.00258472
0.00361972 0.00017507
-0.00187783 0.00117415
0.00711582 0.00379484
0.0171646 0.014309
-0.0145589 0.0196463
-0.0570869 0.054464
0.00252569 0.0345922
0.0836201 0.079549
0.0151843 0.0192721
-0.0444697 0.039075
0.0133509 0.000110801
0.00567349 0.000165023
-0.0490988 0.00029171
-0.15404 0.00035011
-0.107738 0.000385063
0.59466 0.000416847
0.937531 0.000438224
-0.43001 0.000452357
-1.42878 0.000455824
-0.651429 0.000445428
0.00421396 0.000160825
0.0113928 0.000574733
0.0275486 0.00140031
-0.00815435 0.00283461
-0.178724 0.00462913
0.0896937 0.00653657
0.511493 0.00880362
-0.30788 0.01131
-0.464761 0.0119817
0.342955 0.0119057
0.00555206 0.000251741
0.00193581 0.00173576
0.00520697 0.00550818
-0.0408457 0.0210662
0.00178079 0.0283916
0.17053 0.0802652
-0.0268837 0.0493085
-0.243405 0.116736
0.0317455 0.027097
0.111938 0.056903
0.0153562 0.000217458
0.000387455 0.00047103
-0.0600774 0.00084968
-0.0437631 0.00119352
0.216234 0.00142785
0.0845501 0.00159155
-0.64146 0.00171433
-0.242221 0.00177355
0.761239 0.00177365
0.492946 0.00172504
0.00702322 0.000240208
0.0129552 0.000898731
-0.00973219 0.00256212
0.0753158 0.0051732
0.213669 0.00820006
-0.439501 0.0114083
-0.832191 0.014286
1.06269 0.0164798
0.99267 0.0170436
-1.05665 0.015568
0.0075616 0.000335161
0.00231505 0.00221726
-0.00477194 0.00693471
-0.0213198 0.0265724
0.0410642 0.0355713
0.061484 0.100187
-0.077332 0.0624445
-0.0683649 0.145365
0.056617 0.0347668
0.023186 0.0710678
0.016242 0.000313343
0.00356246 0.000851736
0.0212494 0.00177392
-0.122195 0.00274906
-0.44178 0.00357843
0.281626 0.00414538
1.23354 0.00463606
0.090968 0.00495165
-1.08612 0.00496936
-0.511517 0.00476845
0.00847762 0.000271604
0.0158068 0.000927239
0.00384465 0.00235234
0.0547247 0.00465804
0.15331 0.00744445
-0.263789 0.0104754
-0.807172 0.0142826
0.74789 0.0179062
1.16961 0.0190156
-1.05508 0.0178217
0.00857083 0.000391744
0.000743619 0.00253539
0.00656883 0.00849449
0.0170397 0.0314121
-0.00225922 0.0432703
-0.100072 0.11997
-0.0152625 0.075723
0.167057 0.174882
0.0279046 0.0421832
-0.0870292 0.0857384
0.0193871 0.000326241
-0.0135574 0.000800814
-0.0355619 0.0016672
0.0169343 0.00272777
-0.0327983 0.00382082
-0.0893916 0.00494639
0.130469 0.00617786
0.181708 0.00739261
-0.0450043 0.00754329
-0.0620915 0.0076097
0.0099093 0.000311195
0.0194295 0.00108379
0.0168654 0.00286536
0.0419033 0.00576343
-0.156821 0.00912531
-0.149606 0.0126324
0.68785 0.0167662
-0.100561 0.0206604
-0.93457 0.0219439
0.610333 0.0206177
0.00885293 0.000415004
-0.000492296 0.00285177
0.0305157 0.00890548
0.0299314 0.0342899
-0.126356 0.0458493
-0.131642 0.129276
0.186644 0.0802207
0.18885 0.187238
-0.0747293 0.0443819
-0.0866453 0.0912274
0.0192402 0.000389183
-0.00102116 0.00110167
-0.00490853 0.00250728
-0.13253 0.00408971
-0.259393 0.00555228
0.345021 0.00678045
0.782754 0.00789519
-0.116931 0.0087226
-0.686123 0.00881413
-0.247199 0.00841815
0.011769 0.000366091
0.0251335 0.00133912
0.0239887 0.00374809
0.00233008 0.00723079
-0.419789 0.0112805
-0.108193 0.0149848
2.04978 0.017921
-0.509033 0.0203262
-3.19191 0.0211102
2.17319 0.0196638
0.0100539 0.000456857
0.00952607 0.00292111
0.00278811 0.00958099
-0.100597 0.0352189
0.000204848 0.0490271
0.369328 0.133924
0.00964126 0.0852501
-0.536596 0.195096
0.000637487 0.0468625
0.262237 0.0953126
0.0202996 0.000401022
-0.0147033 0.0011475
-0.0577691 0.00274718
0.00242764 0.00470919
0.198408 0.00662302
-0.0622915 0.00841602
-0.582118 0.0103038
-0.00753503 0.0119086
0.712681 0.0122501
0.361481 0.0116868
0.0128304 0.000313623
0.0128576 0.000905084
-0.029197 0.00204338
0.150753 0.00375886
0.334304 0.0059808
-0.76404 0.00871638
-1.21538 0.0122509
1.66049 0.016201
1.37681 0.0174204
-1.50725 0.0178046
0.0108574 0.000492458
-0.003807 0.00308626
0.00387451 0.0102863
0.0652814 0.0374149
0.00635126 0.0513241
-0.293342 0.14145
-0.0316978 0.0879724
0.472622 0.20438
0.0378107 0.048072
-0.24545 0.099215
0.0199455 0.000406552
-0.0185197 0.00118776
-0.0436148 0.00286011
0.0382331 0.00506906
0.0188079 0.00724885
-0.146961 0.00926778
0.0175127 0.0113934
0.187226 0.0132101
0.0935877 0.0135187
0.0376436 0.012835
0.0129662 0.00036883
0.0160202 0.00123041
-0.0041418 0.00320357
0.0362616 0.00626254
-0.0836166 0.00946333
-0.00568725 0.0124093
0.48697 0.0154866
-0.365678 0.0184657
-0.612361 0.0191099
0.558191 0.0182551
0.0109436 0.000482624
0.00283517 0.00304874
-0.0115017 0.0100055
-0.0291504 0.0370534
0.129938 0.0503993
0.0740134 0.139723
-0.278552 0.0866134
-0.0758777 0.201071
0.178485 0.0473388
0.0283164 0.0972131
0.0199616 0.000408701
-0.0075925 0.00120651
-0.0247279 0.0029742
-0.162015 0.00528899
-0.237281 0.00775195
0.537348 0.0103564
1.26601 0.0131533
-0.141609 0.0153021
-1.72474 0.0158659
-0.947257 0.0147809
0.0138025 0.000382424
0.0139939 0.00126518
0.0181957 0.00316983
0.080119 0.00608583
-0.211841 0.00924089
-0.332381 0.0121315
0.456193 0.0151939
0.389767 0.0181399
-0.251116 0.0188614
-0.145472 0.0179962
0.0100986 0.000450582
0.00223815 0.00289376
0.00654757 0.00959002
-0.0636269 0.0351656
-0.00608098 0.0492698
0.25907 0.134195
-0.0169207 0.0864237
-0.354205 0.19656
0.0366351 0.0480639
0.15739 0.0967762
0.0185982 0.000327371
-0.016029 0.000830135
-0.0405619 0.00187211
-0.101156 0.0032961
-0.0513494 0.00508219
0.421023 0.00719666
0.542408 0.00990871
-0.285888 0.0128371
-0.744217 0.0138243
-0.316973 0.013886
0.0142684 0.000353116
0.0161366 0.00116118
-0.0709298 0.00305122
0.00869032 0.00583552
0.489484 0.0086845
-0.0188107 0.0113178
-1.28861 0.0140867
0.270605 0.0167817
1.20458 0.0174504
-0.586691 0.0166701
0.0100583 0.000434228
-0.00587923 0.00295101
0.0125968 0.0091753
0.0329347 0.0348041
-0.0259533 0.0465825
-0.0455026 0.129218
0.0122587 0.0803942
0.00151577 0.184556
0.0117422 0.0440314
0.016982 0.0889253
0.0167701 0.00037525
-0.0208765 0.00122238
-0.0379677 0.00317926
-0.0246731 0.00571111
-0.0332664 0.00862144
0.0784626 0.0112149
0.541176 0.0133515
0.276954 0.0148878
-0.778989 0.0152914
-0.629618 0.0142616
0.0112236 0.000307168
0.0132345 0.00103296
0.011061 0.00259994
0.0902914 0.00495805
-0.180198 0.00731464
-0.395496 0.00943881
0.684246 0.0116194
0.321954 0.0137182
-0.833527 0.0142243
0.301151 0.013564
0.00979299 0.000409496
-0.00436267 0.00260641
0.0011834 0.0083533
0.0514246 0.0306921
0.00265393 0.0415919
-0.201568 0.11419
-0.0160039 0.0710379
0.300813 0.163457
0.019898 0.0386913
-0.14836 0.0789003
0.0162533 0.000295112
-0.0496271 0.000856581
-0.130186 0.00231959
0.359186 0.00428297
1.03884 0.00647028
-1.27799 0.00894008
-4.03128 0.0119172
0.501821 0.0143171
5.70653 0.0149969
3.05446 0.0139264
0.00592856 0.000149414
0.0103712 0.00045216
-0.00935622 0.00106542
0.043959 0.00197879
0.112531 0.00307252
-0.273175 0.00428929
-0.376847 0.00579207
0.594827 0.00737782
0.394837 0.0078123
-0.495491 0.00774348
0.00584481 0.000234523
0.00203765 0.00156105
0.0115405 0.00477236
-0.00988509 0.0179832
-0.0674086 0.0235847
0.00385802 0.0658001
0.127592 0.0397361
0.0178228 0.0928307
-0.0748516 0.021244
-0.0146832 0.0441414
0.00490487 0.000154712
-0.0256724 0.000644035
0.0128352 0.00170596
-0.0335969 0.00379766
0.189971 0.00514422
1.5877 0.00583502
-0.0209713 0.00641128
-7.62539 0.00682702
-10.3715 0.00691409
-4.10088 0.00647986
0.00242349 8.5993e-05
0.00333184 0.000273608
0.00375081 0.000596254
0.0136589 0.000994861
0.00359887 0.00136298
-0.033001 0.00171682
-0.0144335 0.00207167
0.0314499 0.00250593
0.0166055 0.00204744
-0.00469424 0.00245982
0.00333246 0.000147618
-0.000896101 0.000934656
-0.00699852 0.00301697
0.00051486 0.0113371
0.0373242 0.0156158
0.0210262 0.0432695
-0.0610704 0.0276474
-0.0496914 0.0635136
0.0394362 0.0154677
0.0308021 0.0313309
0.00965977 0.000114837
0.00469689 0.000208613
-0.000463075 0.000383415
-0.0928344 0.00053291
-0.359206 0.000636233
0.233759 0.000741903
1.411 0.000836096
0.277925 0.000915764
-1.64816 0.00097396
-1.01569 0.000995555
0.00364887 0.00014113
0.0102487 0.000549493
0.00743235 0.00146729
-0.0166896 0.00315641
0.00780962 0.00512255
0.0989755 0.00715914
-0.0824333 0.00956416
-0.125915 0.0119075
0.176022 0.0126538
-0.0533105 0.0118447
0.00477361 0.000218181
0.0016248 0.00143311
0.00509418 0.00470777
-0.0233258 0.0173033
-0.00345907 0.0239041
0.0743843 0.0655903
-0.0119043 0.0412408
-0.0840085 0.0950459
0.0184206 0.0225896
0.0308584 0.0462349
0.0122876 0.000181156
0.00335042 0.000412233
-0.0339073 0.000778038
-0.064442 0.00112013
0.0509818 0.00140937
0.134955 0.00163167
-0.141858 0.00179981
-0.144133 0.00188684
0.223155 0.00189026
0.181239 0.00183352
0.00517348 0.000198879
0.013656 0.000764889
0.0127048 0.0021644
-0.00391285 0.00430895
-0.0432043 0.00673932
0.0277441 0.00911484
0.112215 0.0109254
-0.10641 0.0123224
-0.0844175 0.0126882
0.0939938 0.0117375
0.00651015 0.000287294
-0.00585445 0.00179955
-0.0133224 0.00585282
0.0769011 0.0219832
0.085417 0.0297295
-0.29738 0.0834497
-0.141809 0.0517433
0.440974 0.121073
0.080163 0.028603
-0.218293 0.0590168
0.0142121 0.000233252
-0.00109612 0.000561985
-0.0284368 0.00116906
-0.0455448 0.00183682
-0.00240313 0.00245574
0.0988597 0.00303915
0.00281519 0.00362999
-0.0915671 0.00414058
0.0703043 0.0041732
0.0953663 0.00411974
0.0065188 0.0001923
0.0197795 0.000602799
0.0272294 0.00138414
-0.0251873 0.00262461
-0.188941 0.00421658
0.0408754 0.00616601
0.510277 0.00865348
-0.126991 0.011453
-0.441972 0.0122998
0.20484 0.0126145
0.00695224 0.000321228
0.00307125 0.00207094
0.00969814 0.00671499
-0.0460459 0.0250446
-0.0285594 0.0340502
0.179202 0.094714
0.0249494 0.059136
-0.256276 0.13744
0.00702932 0.0326047
0.123156 0.0670652
0.0159522 0.000268574
0.0033764 0.000680725
-0.0649408 0.00149269
-0.103207 0.00245848
0.236401 0.00342516
0.313368 0.00435348
-0.526888 0.00537342
-0.494294 0.00636488
0.46306 0.00646104
0.400461 0.0064347
0.00786435 0.000258247
0.00988867 0.00093065
-0.00507589 0.00252898
0.10047 0.00488097
0.157695 0.00736411
-0.470451 0.00971391
-0.658532 0.0117273
0.976723 0.0133388
0.843027 0.0136906
-0.943868 0.0127751
0.00774747 0.000349498
0.00439638 0.00223256
0.00189911 0.00724959
-0.0330093 0.027575
0.00722055 0.0366501
0.0660897 0.10425
-0.00771236 0.0637709
-0.0310643 0.150472
0.00853843 0.0352307
-0.011425 0.0730198
0.0162691 0.000318541
-0.00490406 0.000939759
-0.0662015 0.00222841
-0.0132143 0.00361273
0.326592 0.0049365
-0.065449 0.00592836
-0.961591 0.00682486
-0.0659239 0.00753541
1.07968 0.00765964
0.535542 0.00728982
0.0103938 0.000262932
0.0175004 0.000803741
-0.0160098 0.00189551
0.0217955 0.00349794
0.140386 0.00542324
-0.19681 0.00759226
-0.476579 0.0103887
0.510341 0.0134577
0.520693 0.0145457
-0.503011 0.0144129
0.00778418 0.000351142
0.00028755 0.00238253
0.0123933 0.00763082
0.0407659 0.0285882
-0.0599299 0.0395467
-0.214849 0.108778
0.118622 0.0693442
0.338842 0.158667
-0.058731 0.0384324
-0.166789 0.077698
0.0172844 0.000299109
-0.0038017 0.000765155
-0.0739566 0.00166213
-0.0828944 0.00276467
0.303781 0.00395086
0.31553 0.00521575
-0.687441 0.00672742
-0.59832 0.00832749
0.593326 0.00866256
0.514082 0.00882472
0.0110923 0.000246277
0.0277781 0.000674572
-0.0171243 0.00146111
-0.204053 0.00260513
-0.0582489 0.00400488
0.935633 0.00572938
0.416331 0.00784518
-1.66983 0.0102959
-0.450781 0.0105958
1.04922 0.0116992
0.00876666 0.00038707
0.00544322 0.00244208
-0.00691729 0.00805243
-0.0584287 0.0292476
0.0684019 0.0407381
0.180027 0.10988
-0.138079 0.0705101
-0.221572 0.158618
0.0903963 0.038802
0.0943849 0.0771627
0.0172437 0.000336467
-0.00377157 0.000950959
-0.0623815 0.00233732
-0.0734487 0.00408398
0.184833 0.00576684
0.152168 0.00730725
-0.342356 0.0088701
-0.131284 0.0102023
0.336818 0.0104358
0.178554 0.00995732
0.0111298 0.000273775
0.0138178 0.000819125
-0.0191201 0.00189305
0.0172384 0.00341352
0.0584795 0.00518778
-0.0842356 0.00711804
-0.0797924 0.00938233
0.158401 0.0118562
0.0635909 0.0120836
-0.116341 0.012657
0.00892232 0.000387313
0.00386897 0.00250956
0.00420002 0.00810329
-0.0675725 0.0294978
-0.00275182 0.0412359
0.248055 0.110146
-0.0144104 0.0717027
-0.329797 0.15894
0.0257764 0.0395528
0.148287 0.0774204
0.0161468 0.000342258
-0.0216466 0.00105539
-0.0558239 0.00262312
0.116192 0.00450992
0.297905 0.00645413
-0.588319 0.00808442
-1.16243 0.00952941
0.669711 0.0106521
1.76992 0.0109377
0.673029 0.0102982
0.0112332 0.000250661
0.0196722 0.000654804
-0.00236247 0.00125927
-0.0262794 0.00202513
0.0210227 0.00290334
0.0773804 0.00404573
-0.0937463 0.00540849
-0.102311 0.00712789
0.106715 0.00688489
0.0223679 0.00831403
0.0088037 0.000393103
0.000436722 0.00257794
0.0154858 0.00835266
-0.0213146 0.0306712
-0.0576328 0.0425722
0.0939977 0.115567
0.0837096 0.0737104
-0.146854 0.167233
-0.0309126 0.0404221
0.0755988 0.0813473
0.0150872 0.000323686
-0.0228517 0.000947308
0.00549838 0.00230793
0.0513793 0.00430581
-0.307433 0.00642297
-0.256931 0.00859882
0.910375 0.0109135
0.738038 0.012746
-0.662162 0.0131793
-0.562986 0.0123765
0.0114338 0.000257459
0.0123517 0.000716691
-0.0242162 0.00154184
0.0638199 0.00266808
0.16488 0.0040039
-0.303385 0.0056178
-0.484381 0.00767984
0.544374 0.0100741
0.456503 0.0104491
-0.407097 0.0113608
0.00907947 0.000381583
0.0044347 0.00239298
-0.0194468 0.00767599
-0.0233055 0.0290597
0.12103 0.0387734
0.0351482 0.109657
-0.212221 0.0672814
-0.028897 0.158463
0.123569 0.0370984
0.0149061 0.0770092
0.0144966 0.000254587
-0.0141047 0.000637318
-0.0457043 0.00144964
-0.0227189 0.00256217
0.0563271 0.00393732
0.0326369 0.00550559
0.218972 0.00740709
0.193267 0.00933319
-0.390381 0.00986923
-0.34742 0.00987371
0.0110119 0.000256352
0.00999219 0.000769966
-0.0380385 0.0018424
0.0510039 0.00337667
0.202951 0.00510462
-0.262193 0.00680575
-0.496054 0.00877675
0.525947 0.0109408
0.431682 0.0111498
-0.414021 0.0113378
0.00771733 0.000325885
0.00119418 0.00220038
0.00632274 0.0067454
-0.0275198 0.0261453
-0.0289878 0.0341243
0.120013 0.0976331
0.0523077 0.0590964
-0.177473 0.14023
-0.0232026 0.0325232
0.0835311 0.0678982
0.0116497 0.000265829
-0.0182666 0.00086461
-0.00281478 0.00235517
-0.133547 0.00440576
-0.413874 0.0070249
1.01263 0.00937086
2.72052 0.0111609
-1.04771 0.0123819
-5.19844 0.0127024
-2.71899 0.0117635
0.00517271 0.000143265
0.00951323 0.000492556
-0.0061086 0.00130624
0.00448032 0.0025082
0.0619227 0.00376885
-0.0168126 0.0050242
-0.194994 0.00625337
0.0503025 0.00726183
0.226424 0.00751818
-0.12915 0.0070366
0.00525643 0.000204743
0.00174747 0.0013159
-0.00212734 0.00408463
-0.0205428 0.0152538
0.0124722 0.0201113
0.0780563 0.0557531
-0.0128006 0.0338026
-0.11476 0.0783673
0.000700704 0.0180612
0.0564851 0.0371398
0.00471168 0.00012143
-0.0225483 0.000448789
-0.00173313 0.00118586
0.0971567 0.00226058
0.16544 0.00364777
-0.344312 0.00497805
-1.00856 0.00591545
0.240187 0.00645821
1.88792 0.00653916
1.07249 0.00607443
0.00240128 8.65366e-05
0.00453027 0.00026389
0.00805879 0.000555586
0.00661267 0.000905266
-0.028876 0.00122126
-0.0317827 0.00152234
0.0522085 0.00181656
0.0570833 0.00217672
-0.0239647 0.00178825
-0.0267751 0.00214079
0.00327678 0.000148359
0.000494937 0.000935263
-0.000170951 0.0031613
-0.0192967 0.0114202
0.000850614 0.016295
0.0872915 0.0440046
-0.000845667 0.0286718
-0.130267 0.0649234
0.00840573 0.0159936
0.0623017 0.0321267
0.0105846 0.000115087
0.0046871 0.00019847
-0.0356339 0.000370931
-0.103764 0.00048928
-0.0818934 0.000545554
0.358423 0.000592312
0.606745 0.000623211
-0.213998 0.000638643
-0.84093 0.000639253
-0.386638 0.000621101
0.00370687 0.000149727
0.0080863 0.000611057
0.00774086 0.00178037
0.0265155 0.00362515
-0.012442 0.00570338
-0.137742 0.00783512
0.130915 0.00937503
0.223841 0.0105279
-0.33428 0.0107878
0.105453 0.00994817
0.00510965 0.000219287
0.00225462 0.00146344
-0.00324077 0.00454533
-0.0322284 0.0174423
0.0330107 0.0231611
0.137173 0.065302
-0.0732289 0.0403279
-0.213561 0.0940585
0.0536942 0.0223187
0.108289 0.0456973
0.0116443 0.000182904
0.00419359 0.000421647
-0.00878774 0.000870997
-0.070048 0.0013069
-0.177205 0.00168938
0.104086 0.00203459
0.565899 0.0023705
0.161693 0.00263805
-0.499484 0.0026594
-0.308812 0.00260953
0.00609071 0.000197461
0.0146669 0.00072895
-0.0205161 0.00194506
0.00287434 0.00397549
0.365009 0.0062084
-0.138301 0.00846584
-1.5521 0.0107846
0.898746 0.0127088
2.07973 0.0131445
-1.6423 0.0122739
0.00618899 0.000281154
-0.0026533 0.00193099
0.00767357 0.00601063
0.0386459 0.0229757
-0.0101908 0.0307883
-0.126519 0.0862583
-0.0137564 0.0537747
0.153411 0.124614
0.0300179 0.0298775
-0.0637117 0.0607492
0.0144095 0.000258469
0.00180145 0.000694938
-0.0282824 0.00143502
-0.0566645 0.00217506
0.0700276 0.00285433
0.098116 0.00336763
-0.373631 0.00382014
-0.209506 0.00410236
0.576876 0.00412623
0.425488 0.00395506
0.00757142 0.000209744
0.0164859 0.000674018
-0.0158396 0.00163481
-0.0120433 0.00307572
0.154195 0.00484016
0.0299312 0.00679275
-0.399499 0.00929734
0.0310482 0.0121047
0.358696 0.0130954
-0.138506 0.013021
0.00702812 0.000326712
0.00316154 0.00214358
0.0126075 0.00691263
-0.044516 0.0259462
-0.0398889 0.0350476
0.183999 0.0980215
0.0508543 0.0607325
-0.26989 0.141799
-0.0122566 0.0333958
0.126328 0.0689376
0.0149152 0.00029981
-0.00187735 0.000854437
-0.0135248 0.00191569
-0.0389488 0.00300587
-0.140903 0.00401328
-0.0277062 0.00473602
0.502629 0.00537314
0.359058 0.00582766
-0.487983 0.005885
-0.420084 0.00563707
0.00928148 0.000252297
0.0220613 0.000774912
0.00592009 0.00186806
-0.0618731 0.00349129
-0.130111 0.00533851
0.244824 0.00729658
0.538918 0.00973619
-0.549047 0.0122953
-0.608417 0.0130613
0.550932 0.0127144
0.00674883 0.000327612
-0.001944 0.00227244
0.0162857 0.00718022
0.0638659 0.0282271
-0.0108068 0.0377266
-0.288247 0.10781
-0.044385 0.0672505
0.419464 0.157631
0.0593737 0.0377886
-0.197918 0.0774788
0.0151378 0.000300836
-0.00559842 0.000772445
0.018607 0.00165913
-0.0088041 0.00276429
-0.400492 0.00383469
-0.216751 0.00488058
1.17389 0.00601644
0.841031 0.00711963
-1.02326 0.00723206
-0.830182 0.00720653
0.00915123 0.000264993
0.0258665 0.000825275
0.0437618 0.00197499
-0.159061 0.00380381
-0.540459 0.00593692
0.858558 0.00823351
1.89564 0.0111166
-2.13088 0.0143251
-2.01418 0.0153818
2.05768 0.0152128
0.00890503 0.000373275
-0.000457698 0.00247427
-0.0121979 0.00767996
0.0355915 0.0293848
0.0803819 0.0393161
-0.184108 0.110085
-0.13824 0.0685983
0.290707 0.158859
0.081961 0.0379038
-0.145613 0.0772583
0.0166462 0.0002781
-0.00599313 0.000682882
-0.0747769 0.00140178
-0.0532071 0.00231322
0.396751 0.00336317
0.263735 0.00457692
-1.08642 0.00597614
-0.754163 0.00746602
1.04519 0.00767144
0.841227 0.00803883
0.0120592 0.000292046
0.0108495 0.000905122
-0.0500031 0.0021625
0.12218 0.00395771
0.376971 0.00603772
-0.605352 0.00818212
-1.02589 0.0107201
1.21175 0.0136031
0.921556 0.0140953
-0.943308 0.0147052
0.00914986 0.000397842
-0.00308703 0.00261465
0.00806592 0.00842143
0.030526 0.0319675
-0.0325193 0.0427823
-0.126252 0.121624
0.0474071 0.0741949
0.208698 0.176754
-0.00972436 0.0408135
-0.117702 0.0861697
0.0163835 0.000353601
-0.0177203 0.0010039
0.00802472 0.0023942
0.0990924 0.00425938
-0.430166 0.00608456
-0.626285 0.00783864
1.49288 0.00978134
1.62245 0.0115612
-1.48841 0.0120108
-1.49992 0.0115314
0.0141374 0.00034507
0.0154781 0.00108776
-0.0572981 0.00282761
0.0547243 0.0053249
0.301615 0.00779543
-0.384486 0.0100297
-0.672726 0.0123027
0.838651 0.0144406
0.508236 0.0149148
-0.59636 0.0141444
0.00815985 0.000370285
-0.00135162 0.00260803
0.0103273 0.00808061
-0.00903704 0.0311469
-0.00051259 0.0422796
0.073357 0.117701
-0.035389 0.0744473
-0.132371 0.171081
0.0419888 0.0413267
0.0718092 0.0836453
0.0174117 0.000368153
-0.0143978 0.00115539
-0.0932045 0.00302816
0.0272896 0.00541616
0.564247 0.00790928
-0.173019 0.0101177
-1.86573 0.012094
-0.196334 0.0137105
2.40896 0.014131
1.36871 0.013196
0.0146068 0.00026647
0.0309362 0.000645579
-0.0408581 0.00124767
-0.201868 0.00197437
0.0847931 0.0028149
0.837212 0.00391957
0.0230895 0.00523801
-1.38781 0.00693786
-0.114016 0.00677342
0.795501 0.00824089
0.00973652 0.000426524
0.00436752 0.00261327
-0.0168872 0.00863635
-0.0485527 0.0319047
0.114781 0.0438729
0.180895 0.120776
-0.210463 0.0767524
-0.250989 0.175617
0.129573 0.0425902
0.113799 0.0859635
0.017043 0.000341371
-0.0130622 0.000974148
-0.0596037 0.00246996
-0.0687632 0.00453192
0.136709 0.00689041
0.31871 0.00950785
-0.0318688 0.0126893
-0.403559 0.0153484
-0.186904 0.0161164
0.0211809 0.0149793
0.0125924 0.000270067
0.0143463 0.000711721
-0.0239871 0.00139654
0.0299076 0.00224727
0.13649 0.00319502
-0.135969 0.00437501
-0.327975 0.00577739
0.23302 0.00753251
0.260077 0.00742701
-0.167922 0.00877045
0.00895642 0.000403336
0.00388659 0.00264041
0.00890269 0.00844917
-0.0447045 0.0316012
-0.0200291 0.0433306
0.130044 0.119076
0.028653 0.0753268
-0.139771 0.172499
-0.00819583 0.0412472
0.0509887 0.0838958
0.015134 0.000328988
-0.0161439 0.000998053
-0.035715 0.00261276
-0.0765865 0.00476888
-0.0779531 0.00701722
0.369892 0.00919211
0.88356 0.0112057
-0.174301 0.0127274
-1.42839 0.0130494
-0.759858 0.0123064
0.0106105 0.000277443
0.0131755 0.000902123
-0.00703657 0.00226462
0.015494 0.0042766
0.0127547 0.00636074
-0.0745858 0.00830533
-0.0647455 0.0104586
0.125015 0.0125512
0.099301 0.0130647
-0.108131 0.0124442
0.00880107 0.00037036
0.00262236 0.00228093
-0.00900977 0.00749902
-0.0253452 0.027939
0.0636932 0.0369956
0.132561 0.104915
-0.125992 0.0630997
-0.248438 0.150403
0.0811374 0.0343919
0.14386 0.07254
0.0127655 0.000257737
-0.0288029 0.000736576
-0.0255557 0.00186456
0.0675224 0.00361325
-0.0683379 0.00571887
-0.0936314 0.00796979
0.577788 0.0107199
0.28457 0.0131783
-0.830549 0.0138524
-0.582974 0.0130382
0.00593564 0.000130781
0.0125153 0.000363195
-0.00588225 0.000761601
-0.00256286 0.00130922
0.0420131 0.00197217
-0.054604 0.00279213
-0.118555 0.00378112
0.145402 0.00488769
0.112712 0.00499048
-0.128097 0.0054395
0.00575943 0.000227718
-0.000905081 0.00143351
-0.00200627 0.0044814
0.00988498 0.0166753
0.0109447 0.0217841
-0.0278821 0.0607794
-0.0104754 0.0363945
0.0255357 0.0851422
-0.000718276 0.0193973
-0.00653891 0.0402459
0.00478191 0.000128725
-0.0283757 0.000504808
0.00580276 0.00136964
0.185255 0.00269524
0.117785 0.00453263
-0.876038 0.00595154
-1.20533 0.00683639
1.34211 0.00739314
3.22428 0.00747818
1.51742 0.00692082
0.00258086 8.61306e-05
0.00220581 0.000250294
0.00305928 0.000521189
0.0380724 0.000832679
0.00504922 0.00112064
-0.141503 0.00140825
-0.0175756 0.00170017
0.21034 0.00206429
0.0207288 0.00173718
-0.102685 0.00210157
0.00321023 0.000147283
-0.000280462 0.000968902
0.000970236 0.00315571
-0.00485196 0.0118059
0.00148451 0.0161544
0.0324913 0.04514
-0.00822874 0.0282572
-0.0545683 0.0659366
0.0143457 0.0157449
0.027989 0.0323591
0.0104641 0.00011041
0.00510457 0.000199006
-0.0375434 0.000350545
-0.0910031 0.000463511
-0.0307933 0.000540548
0.268066 0.000605969
0.353394 0.000655204
-0.136878 0.000683004
-0.454358 0.000688086
-0.20449 0.000667354
0.00374774 0.00013274
0.0107575 0.00043325
0.0204116 0.00102411
-0.0207609 0.00196779
-0.151964 0.00315147
0.159129 0.00454874
0.513104 0.00634119
-0.482494 0.00839774
-0.543039 0.00910083
0.519402 0.00930054
0.00459297 0.00021226
0.0025922 0.00147859
0.00745056 0.00460746
-0.0227214 0.0179122
-0.0070671 0.0238708
0.0701714 0.0678437
-0.0119986 0.0418145
-0.0840459 0.0984845
0.0209733 0.0231169
0.0348354 0.0480197
0.0127098 0.000179471
0.0015989 0.00039685
-0.0464895 0.00079712
-0.05982 0.00121777
0.126876 0.00161045
0.168262 0.0019825
-0.27385 0.00233784
-0.248971 0.00264207
0.262531 0.0026612
0.220459 0.00264497
0.00584163 0.000206788
0.0143367 0.000760458
0.0203399 0.00207081
-0.00448761 0.00430598
-0.200235 0.00669725
0.0408562 0.00907788
0.780659 0.011418
-0.342607 0.013415
-0.941269 0.0139632
0.654001 0.0130465
0.00682818 0.00029935
-0.00259339 0.00191629
-0.00666305 0.00611767
0.0355739 0.0232924
0.0465465 0.0308972
-0.161314 0.0874105
-0.0748913 0.0537611
0.257947 0.125774
0.0444125 0.0297273
-0.13192 0.0609898
0.0140673 0.000253897
-0.00504742 0.000646399
-0.0138719 0.00136072
-0.0203036 0.00215545
-0.0664535 0.00289954
0.0267411 0.00360484
0.130545 0.00433993
0.016827 0.00498136
-0.0371828 0.00505821
0.00748467 0.00497472
0.00746866 0.000214075
0.0162863 0.000691973
0.00514044 0.00167397
-0.0290634 0.00322305
-0.0669742 0.00510301
0.114543 0.00716193
0.237159 0.00969433
-0.226364 0.0124501
-0.216346 0.0132342
0.184117 0.0131133
0.00709951 0.0003184
0.00496293 0.00208264
-0.00230494 0.00660501
-0.050483 0.0252395
0.0442142 0.0337487
0.160994 0.0952308
-0.102298 0.0589595
-0.198048 0.137866
0.0752584 0.0326766
0.0839125 0.0671993
0.0144271 0.000271772
0.00462931 0.00072235
-0.0252649 0.0015714
-0.10714 0.0026251
0.0190038 0.00368623
0.253867 0.00472903
-0.0472743 0.00591824
-0.247874 0.00711654
0.0867154 0.00728353
0.139016 0.00725551
0.00907855 0.000270496
0.0169251 0.000920797
0.00653759 0.00239538
-0.000325492 0.0046015
-0.0773467 0.00694239
-0.0146612 0.00916975
0.284796 0.0115734
-0.0544055 0.0138717
-0.307557 0.0143939
0.158317 0.0137431
0.00762671 0.000343515
0.00431747 0.00235997
0.00615809 0.00724557
-0.0517178 0.028023
-0.0016602 0.0373799
0.196596 0.105012
-0.00864786 0.0653717
-0.299005 0.151525
0.016064 0.0361059
0.15403 0.0736279
0.0144028 0.000292495
-0.00898441 0.000798659
0.0111987 0.00171964
0.0222787 0.00299343
-0.278812 0.0043337
-0.268182 0.00571686
0.74144 0.00733848
0.741507 0.00909063
-0.579146 0.00933581
-0.592053 0.00951169
0.0104864 0.000251726
0.0187959 0.000686077
0.0215496 0.0014449
-0.0417521 0.00249457
-0.259145 0.00374916
0.219944 0.00533517
0.754681 0.00738521
-0.610286 0.00986563
-0.669953 0.0103685
0.59229 0.0115746
0.00859126 0.000379075
-0.00234091 0.00246683
0.00113496 0.00804574
0.0232598 0.0298634
0.0209299 0.0411131
-0.066553 0.11353
-0.0608111 0.0714658
0.0801363 0.165327
0.0552132 0.0393721
-0.0350679 0.0808276
0.016446 0.000312737
-0.00311438 0.000805448
-0.0422146 0.00177892
-0.0912138 0.00299424
0.0745537 0.00429441
0.287446 0.00568087
-0.0723711 0.00734841
-0.351256 0.00911635
0.0411596 0.0094692
0.165062 0.00963874
0.0112774 0.000263962
0.0163029 0.000724306
0.0033807 0.00152802
0.00663735 0.00259982
-0.0973803 0.00384915
-0.0257162 0.00536211
0.306388 0.00726406
-0.0629739 0.00949122
-0.276105 0.0100619
0.143259 0.0108564
0.00825916 0.000373782
-0.000810834 0.00257179
0.0156761 0.00809608
0.00461358 0.0310879
-0.0303605 0.0411026
-0.0102553 0.116589
0.00693354 0.0712363
0.00339862 0.167473
0.0215831 0.039272
0.00559922 0.0810752
0.0169886 0.000301744
-0.00599492 0.000773622
-0.0786713 0.00169191
-0.0902069 0.00282152
0.356092 0.00410945
0.368792 0.0055709
-0.776006 0.00736235
-0.705934 0.00932629
0.628797 0.00974659
0.568175 0.0101634
0.0121852 0.000286986
0.0230658 0.000825331
-0.0108035 0.00180668
-0.110325 0.003102
-0.0265966 0.00449931
0.451731 0.00602733
0.15129 0.00781473
-0.774969 0.00988777
-0.148883 0.00957547
0.468115 0.0107397
0.00889235 0.000395486
0.00223656 0.00247036
-0.00112279 0.00817858
-0.0130056 0.0298985
0.0132306 0.0418121
-0.00987289 0.113482
-0.011338 0.0730563
0.0966486 0.165345
0.011216 0.0403863
-0.0814338 0.0809451
0.0161803 0.000348603
-0.0272655 0.00106197
-0.0295978 0.00264366
0.117476 0.00466259
-0.022302 0.00678436
-0.383828 0.00881112
0.136483 0.0107735
0.558133 0.0122644
-0.0815567 0.0126229
-0.263778 0.0117601
0.0125905 0.00030248
0.0174636 0.000871855
-0.0033933 0.00187775
-0.0315159 0.00322204
-0.0274173 0.00469351
0.164518 0.0063937
0.0588198 0.00843444
-0.341429 0.0107696
-0.0249493 0.010262
0.214345 0.0116306
0.00933155 0.000402735
-0.00438243 0.00272159
-0.000453192 0.00861413
0.0449795 0.0324885
0.0342157 0.0447347
-0.125795 0.123312
-0.0705168 0.0782494
0.12927 0.179717
0.050318 0.0432015
-0.0411812 0.0879324
0.0161436 0.00037955
-0.0210617 0.00125838
0.000631645 0.00311587
-0.0502496 0.00554648
-0.426316 0.00825036
0.435337 0.0102169
2.11665 0.0117528
-0.164192 0.0128312
-3.32663 0.0130324
-1.8382 0.0121531
0.0120514 0.000242983
0.023146 0.000541619
0.0059228 0.000908861
-0.0756646 0.00126988
-0.0950651 0.00153672
0.209064 0.00182647
0.207039 0.00201241
-0.260208 0.00232127
-0.124774 0.00215989
0.120354 0.00255973
0.00875865 0.000382413
-0.00427725 0.00256374
0.0157208 0.00827663
0.046122 0.0310444
-0.0567309 0.042289
-0.160348 0.11732
0.0864909 0.0733528
0.215692 0.169636
-0.036418 0.040286
-0.0980813 0.082402
0.0140951 0.000303464
-0.0252133 0.000864165
0.000145804 0.00203331
0.0172533 0.00377202
-0.234522 0.00566444
0.0561181 0.00756827
0.834359 0.00975651
0.0965463 0.0118629
-0.846863 0.0122847
-0.388346 0.0119285
0.0111571 0.000284847
0.0133521 0.000933794
-0.0169309 0.00234352
-0.0222051 0.00439917
0.0333558 0.00647302
0.161625 0.00817274
0.00290297 0.00986627
-0.393375 0.0116911
-0.0421985 0.0119539
0.281589 0.0117276
0.00782334 0.000333785
0.00626878 0.0022238
0.0103501 0.00717151
-0.057729 0.0263322
-0.0361003 0.0364215
0.173758 0.0987054
0.0512843 0.0628897
-0.207715 0.142221
-0.0184184 0.03447
0.0864773 0.0690116
0.0116834 0.000275164
-0.0345557 0.000939811
-0.0204948 0.00253406
0.108809 0.00475173
-0.0541703 0.00749673
-0.146587 0.00966641
0.574459 0.0111989
0.239389 0.0122526
-1.0357 0.0124519
-0.710781 0.0115272
0.00536713 0.000126313
0.0134227 0.000357864
0.000798575 0.000768509
-0.0453664 0.00133112
-0.0291567 0.00197613
0.160727 0.00272586
0.108769 0.00364672
-0.27437 0.00470888
-0.107365 0.00494736
0.17786 0.00528379
0.00527655 0.00020587
0.000516055 0.00131959
0.000955422 0.0040887
-0.00854584 0.0152895
-0.00274865 0.0199863
0.0379459 0.0556595
0.00793137 0.033471
-0.0525936 0.0780293
-0.00842282 0.0178276
0.0220788 0.0369095
0.00427886 0.000108036
-0.0182948 0.000381854
-0.00512164 0.000984509
0.0345273 0.00199338
0.181633 0.00316522
0.0080452 0.00440683
-0.802086 0.0058911
-0.387275 0.00720242
1.05761 0.00756975
0.793937 0.00710701
0.0026193 8.28813e-05
0.00411944 0.000228807
0.00298288 0.000459327
0.0138147 0.000707211
-0.00523887 0.00092171
-0.0434523 0.00112401
0.0236239 0.00130321
0.0610258 0.00153818
-0.0153914 0.00134723
-0.025111 0.00159995
0.00312936 0.00014364
0.000276133 0.000991989
0.00371448 0.00307598
-0.00613453 0.0118559
-0.0112162 0.0160057
0.0319288 0.045022
0.0121469 0.0282298
-0.0509084 0.065756
0.00352873 0.0157557
0.0242779 0.0323018
0.00959988 0.000130292
0.00529557 0.00029338
-0.0183831 0.000585011
-0.0704665 0.000864086
-0.115124 0.00112873
0.15047 0.00138231
0.453588 0.00162638
0.0397822 0.00182266
-0.442928 0.00192883
-0.238145 0.00197835
0.00466593 0.000136015
0.0108202 0.000410036
-0.00110276 0.000912341
-0.0112886 0.00165848
0.02155 0.00259988
0.0333554 0.00378147
-0.0373164 0.00526009
-0.00451967 0.00697555
0.0465687 0.00710226
-0.0403507 0.00793141
0.00539091 0.000232113
-0.000435014 0.00156641
-0.00696292 0.00489457
0.0259743 0.0188195
0.0821477 0.0252222
-0.128701 0.0709859
-0.190284 0.0440025
0.207558 0.102865
0.128664 0.0243141
-0.107057 0.0501709
0.0121186 0.000199994
0.000375107 0.000486915
-0.0203854 0.00102552
-0.0398735 0.00158154
-0.068545 0.0020884
0.0531752 0.00256211
0.259918 0.00303851
0.0800307 0.00342791
-0.225125 0.00347099
-0.136375 0.0034075
0.00675927 0.000216598
0.0207694 0.00077822
0.0158472 0.00204938
-0.100426 0.00426079
-0.174993 0.00662105
0.473488 0.00895929
0.595461 0.0114165
-0.945939 0.0135577
-0.545834 0.0141333
0.681019 0.0132387
0.00725474 0.000311119
0.00237305 0.00196184
-0.0165203 0.00643783
-0.0237176 0.0234679
0.114416 0.0328131
0.0633232 0.0887606
-0.209916 0.0566686
-0.062492 0.128559
0.124274 0.0310232
0.0207513 0.062516
0.0136737 0.000245042
0.00428077 0.000628078
-0.0394 0.00132922
-0.107751 0.00214288
0.18955 0.00298455
0.335954 0.00385653
-0.583649 0.00486648
-0.604129 0.00585546
0.60156 0.0060468
0.55113 0.00601751
0.0074565 0.000206127
0.0144525 0.000613878
0.022228 0.00131092
0.039196 0.00228646
-0.117751 0.00344448
-0.178599 0.00485357
0.274856 0.00663312
0.188488 0.00875173
-0.232637 0.00920555
0.00743924 0.0101278
0.00698018 0.00032294
0.00480387 0.00207636
0.00790741 0.00682471
-0.028811 0.0250246
-0.0267508 0.0350958
0.0346815 0.0949068
0.0540126 0.0612726
0.00696158 0.137998
-0.0254706 0.0337911
-0.0196831 0.0673712
0.0150709 0.000291939
-0.0022481 0.000789572
-0.0326654 0.00178093
-0.0202575 0.00300926
0.0336485 0.0041777
-0.0518527 0.00523999
-0.0581043 0.00640142
0.154952 0.00753603
0.102983 0.0076641
-0.0275922 0.00753674
0.0099336 0.000272931
0.0195226 0.000939085
-0.0281248 0.00238712
-0.0507243 0.0046852
0.29345 0.00732817
0.121916 0.00987361
-1.04985 0.0128616
0.233524 0.0160266
1.22177 0.0168748
-0.740279 0.0163007
0.00801748 0.000362275
-0.00259985 0.00240818
0.00889265 0.00766151
-0.00313732 0.0292415
-0.00448135 0.0392393
0.0712784 0.110389
-0.024769 0.0685504
-0.144667 0.159704
0.0348065 0.0379737
0.0830229 0.0777699
0.0162647 0.000334854
-0.0137306 0.000944928
-0.017766 0.00216831
0.0539739 0.00377725
-0.148944 0.00524382
-0.307027 0.00649172
0.532453 0.00780135
0.69675 0.0091247
-0.475335 0.00926791
-0.535197 0.00904285
0.011895 0.000260797
0.0179639 0.000652543
0.00312826 0.00125221
-0.0122542 0.00200956
-0.06487 0.00287978
0.0068037 0.00400619
0.136219 0.00531361
0.0273298 0.00696012
-0.0641963 0.00674789
-0.0400729 0.00813064
0.00782815 0.000387914
0.00131493 0.00254379
0.0303653 0.00834488
-0.0206304 0.031213
-0.133446 0.0426283
0.066489 0.118853
0.216688 0.0743296
-0.0741438 0.172878
-0.0994897 0.0410673
0.0278033 0.0843951
0.0157566 0.000352622
-0.00561633 0.00103992
0.0131825 0.00249054
-0.0648236 0.00450066
-0.358399 0.00661041
0.13214 0.00871482
1.09367 0.0112506
0.211621 0.0137092
-1.03813 0.0144475
-0.563563 0.0137692
0.0116177 0.000265926
0.0119423 0.000686691
0.00360837 0.00138268
-0.00870597 0.00223014
-0.130807 0.00315009
0.190059 0.00428053
0.450361 0.00563025
-0.598886 0.00735776
-0.428177 0.00745493
0.535617 0.00877038
0.00925863 0.00039448
-0.000207763 0.00253233
-0.0166845 0.00823215
-0.0143974 0.0305754
0.126644 0.0420601
0.0968552 0.115526
-0.244696 0.0734057
-0.18464 0.167515
0.152781 0.0406658
0.101885 0.0817726
0.017446 0.000340666
-0.0127881 0.000972068
-0.0973358 0.00232114
0.00682456 0.00412635
0.646285 0.00610106
0.0775001 0.00805537
-2.03446 0.0104003
-0.837324 0.0126804
2.21753 0.0133182
1.50121 0.0127453
0.0137614 0.000305577
0.0152403 0.000843592
-0.031872 0.00181128
-0.0529662 0.00298682
0.0875082 0.00418934
0.286298 0.00554155
-0.0890114 0.00709841
-0.543796 0.0089721
0.0247221 0.00798627
0.335688 0.00957531
0.00968846 0.000423759
-0.00127579 0.00268616
0.00257018 0.00898421
0.0444308 0.0324795
0.0134536 0.0452535
-0.245263 0.122742
-0.0365343 0.077806
0.427024 0.177274
0.0316043 0.0425383
-0.228544 0.0860268
0.0158541 0.00030932
-0.0174603 0.000807295
-0.0270699 0.00174329
0.0112669 0.0030009
-0.0445651 0.00448831
-0.0507341 0.00624454
0.279078 0.00838387
0.209004 0.010757
-0.275437 0.0110452
-0.226703 0.011772
0.0136928 0.000344887
0.0249696 0.00108772
-0.00130309 0.0025967
-0.157151 0.00485206
-0.154137 0.00714506
0.715311 0.00931273
0.508629 0.0116268
-1.33135 0.0142079
-0.445984 0.0136689
0.865711 0.0143612
0.00942702 0.000401799
-0.00356212 0.00268844
-0.00223723 0.00845556
0.0273424 0.0320141
0.0369481 0.043382
-0.0590295 0.12047
-0.0818276 0.0757676
0.032358 0.174596
0.062673 0.0419126
0.00632492 0.0852164
0.0153453 0.000276076
-0.0149507 0.000680547
-0.0363146 0.00142705
-0.0544217 0.00241148
0.0430901 0.00363678
0.279019 0.00520428
0.0558325 0.00715704
-0.40339 0.00938966
-0.0949291 0.00964507
0.159944 0.010623
0.0134482 0.000276307
0.0185148 0.000697861
-0.0243614 0.00134134
-0.0538097 0.00208813
0.0660785 0.00284263
0.156864 0.00374421
-0.10965 0.00473031
-0.186274 0.00600719
0.0788178 0.00555265
0.0703065 0.00678054
0.00894096 0.000389047
0.000630357 0.00261051
0.012075 0.00832422
0.0347595 0.0309242
-0.0373558 0.0426203
-0.175082 0.116661
0.0520638 0.0737604
0.290734 0.1689
-0.0172885 0.0404251
-0.156826 0.0821483
0.0145868 0.000312309
-0.0243347 0.000904293
-0.037365 0.0022217
-0.015168 0.0041776
0.0785008 0.00627123
0.260601 0.00834354
-0.00203845 0.010837
-0.461593 0.0133432
-0.119969 0.0139975
0.159775 0.0134546
0.0107914 0.000237804
0.00751318 0.000629209
-0.00647026 0.001235
0.0268775 0.00195826
-0.0153782 0.00268147
-0.0546134 0.00352155
0.0525465 0.00444354
0.0231265 0.00557694
-0.0353585 0.00506763
0.009626 0.00607146
0.00804355 0.000330782
0.00427962 0.0023039
0.00302332 0.00685646
-0.0421863 0.0272654
-0.00303581 0.0350884
0.13932 0.101329
0.0129134 0.0608042
-0.177105 0.144842
-0.0087796 0.0332334
0.0760045 0.069687
0.0111867 0.00026356
-0.025958 0.000900566
0.000624566 0.00233594
-0.0816837 0.00425694
-0.386945 0.00670175
1.03652 0.00852014
2.89097 0.00978933
-1.4558 0.0106083
-6.3908 0.0107628
-3.36946 0.010054
0.0051838 0.000121423
0.0108439 0.000346382
0.0054646 0.000708993
-0.0183788 0.00118844
-0.0390171 0.00170979
0.0482321 0.00231659
0.0757531 0.00301856
-0.0863676 0.00383035
-0.0482272 0.00368464
0.0556044 0.00419377
0.00531868 0.000195866
-0.000182497 0.00126336
-0.00567176 0.00382137
-0.00593123 0.0144066
0.02294 0.0186944
0.0339763 0.0521155
-0.0280161 0.0313195
-0.0576586 0.0728416
0.0084217 0.016692
0.0302777 0.0344024
0.00348477 0.000109252
-0.0233782 0.0004867
0.00891798 0.00126767
0.178307 0.00280959
0.0730259 0.00455076
-0.961513 0.00547287
-1.01834 0.00611407
1.71756 0.00655691
3.21616 0.00663416
1.36237 0.00617181
