-0.936961 49952.2 0 7331.62
-0.800271 44294.8 0 2443.31
-0.664555 49054.2 0 2566.93
-0.532098 47682.5 0 2580.78
-0.400348 45958.7 0 2695.87
-0.26353 50511.8 0 3249.39
-0.134295 45202.3 0 3332.45
0.0051532 62989.8 0 5376.45
0.136139 63981.6 0 6774.65
0.269158 46125.1 0 6696.66
0.407452 73883.9 0 14974.4
0.549786 9251.62 0 3895.97
0.704329 12088.6 0 5490.08
0.820184 10275.2 0 3866.81
0.957121 3822.27 0 1564.08
-0.937007 49447.8 0 4911.35
-0.798768 46557.4 0 4106.56
-0.666533 48467.6 0 4251.85
-0.536075 46814.5 0 4044.96
-0.401436 51349.7 0 4420.42
-0.269694 46400.1 0 4077.64
-0.129001 51225.6 0 4495.98
-0.00165853 46882.8 0 4043.01
0.13308 44765.6 0 3978.49
0.263801 42743.8 0 3796.42
0.399208 43859.1 0 3812.98
0.534007 49801.2 0 4222.71
0.670211 48161.2 0 4241.99
0.800741 46067.4 0 4063.92
0.932913 49418.2 0 4879.45
-0.918873 34246 0 5490.47
-0.805607 56068.6 0 5239.23
-0.667628 51742.4 0 3581.72
-0.533053 53308.9 0 3102.51
-0.399501 43875.9 0 2397.99
-0.26161 44061.7 0 2245.22
-0.133421 47605.3 0 2294.69
-0.000288475 47196.7 0 2289.87
0.129996 47299.1 0 2371.7
0.262972 49747.4 0 2710.34
0.396401 41261.8 0 2731.18
0.535348 48476 0 4018.21
0.658372 107389 0 16405.2
0.794484 8928.19 0 2099.22
0.888301 27.5147 0 15.9306
