0 0 0 0
0 0 0 0
0 0 0 0
0 0 0 0
0 0 0 0
0 0 0 0
0 0 0 0
0 0 0 0
0 0 0 0
0.314292 3520.77 0 1617.19
0.397753 19609 0 4485.1
0.556279 7420.07 0 3783.3
0.712952 7330.7 0 4335.77
0.839278 6866.19 0 2919.39
0.964146 1808.01 0 946.421
-0.91524 6336.14 0 919.978
-0.804566 9278.95 0 1356.49
-0.667998 11203.3 0 1655.15
-0.543334 10073.2 0 1570.11
-0.411805 10263.9 0 1639.95
-0.27261 9257.3 0 1587.07
-0.119513 10935.9 0 1846.13
-0.00175517 8369.86 0 1464.94
0.135349 7025.91 0 1312.61
0.259779 8747.15 0 1481.58
0.404806 7574.9 0 1331.35
0.524457 8814.52 0 1493.74
0.666765 11572.3 0 1742.31
0.801516 9451.54 0 1355.19
0.905357 7298.53 0 1023.91
0 0 0 0
0 0 0 0
-0.652985 6627.77 0 1537.89
-0.539389 11020.4 0 1608.37
-0.405456 8966.7 0 1121.36
-0.264377 10089.7 0 1019.67
-0.134621 10306 0 962.088
8.00243e-05 9561.52 0 890.586
0.131278 8248.72 0 835.018
0.261418 10644.3 0 1050.89
0.350836 2526.66 0 569.475
0 0 0 0
0 0 0 0
0 0 0 0
0 0 0 0
0 0 0 0
0 0 0 0
0 0 0 0
0 0 0 0
0 0 0 0
0 0 0 0
0 0 0 0
0 0 0 0
0.13844 7358.39 0 1622.22
0.263319 6435.29 0 2055.42
0.391384 10990 0 4826.1
0 0 0 0
0 0 0 0
0 0 0 0
0 0 0 0
-0.910878 3312.95 0 568.385
-0.79416 6855.55 0 1010.11
-0.660838 7209.81 0 1089.82
-0.520519 6111.42 0 1002.13
-0.396094 7544.57 0 1141.74
-0.268094 5974.93 0 1019.05
-0.125624 7333.71 0 1126.85
-0.00860145 5768.91 0 983.356
0.133108 6722.81 0 1097.01
0.269752 6999.51 0 1115.46
0.396583 6743.44 0 1049.71
0.536871 7324.87 0 1054.9
0.675212 6229.89 0 966.382
0.791724 7865.48 0 1093.13
0.910215 4600.81 0 696.153
-0.917893 10287.3 0 3623.71
-0.804319 7452.2 0 1480
-0.665038 6454.21 0 965.681
-0.529513 6630.95 0 831.245
-0.392694 6472.64 0 747.253
-0.260962 6126.99 0 683.888
-0.134861 7055.73 0 723.959
-0.00861138 6258.03 0 671.373
0.130899 7449.71 0 749.345
0.254427 4714.77 0 617.446
0 0 0 0
0 0 0 0
0 0 0 0
0 0 0 0
0 0 0 0
-0.940424 11580.7 0 1855.4
-0.803107 8576.31 0 783.163
-0.660353 9818.57 0 914.221
-0.532054 9615.73 0 1002.69
-0.39219 8328.65 0 955.311
-0.266258 8862.88 0 1173.25
-0.132419 8604.89 0 1343.16
0.0115059 13672.3 0 2508.03
0.126746 13456.7 0 3651.97
0.2918 7919.91 0 3775.46
0 0 0 0
0 0 0 0
0 0 0 0
0 0 0 0
0 0 0 0
-0.931768 9077.7 0 1381.39
-0.795895 9375.92 0 1350.77
-0.664135 7415.45 0 1142.88
-0.546423 10000.5 0 1512.52
-0.402888 11651 0 1627.91
-0.270209 10933.8 0 1644.58
-0.133076 10347.8 0 1661.03
-0.00134802 9752.9 0 1516.89
0.131487 8574.75 0 1392.56
0.259825 6605.56 0 1162.22
0.398184 8286.41 0 1306.34
0.54219 9007.42 0 1385.69
0.672262 10069.6 0 1449.97
0.797178 7424.21 0 1147.9
0.928636 9932.72 0 1473.14
-0.906351 4263.12 0 1362.97
-0.799113 10650 0 1871.36
-0.656365 10351.8 0 1313.17
-0.526754 10534.6 0 1111.62
-0.406698 7567.05 0 857.334
-0.261507 8569.97 0 897.745
-0.134322 8833.02 0 903.565
0.000408364 8945.5 0 981.459
0.128034 10827.8 0 1135.8
0.260435 10321.3 0 1333.8
0.386552 8558.79 0 1487.68
0.53683 9005.79 0 1727.35
0.659007 5539.05 0 1820.01
0 0 0 0
0 0 0 0
0 0 0 0
0 0 0 0
0 0 0 0
0 0 0 0
0 0 0 0
0 0 0 0
0 0 0 0
0 0 0 0
0 0 0 0
0.272853 8241.04 0 2264.69
0.41961 15669.3 0 5744.98
0.52348 1831.55 0 1310.77
0.691044 4757.86 0 3064.1
0.781728 3409.03 0 2496.96
0.950815 2014.26 0 1207.04
-0.909112 6003.52 0 885.793
-0.797353 8172.35 0 1165.68
-0.670139 8638.09 0 1335.49
-0.53602 8764.73 0 1354.84
-0.393956 9024.47 0 1504.91
-0.274825 8701.39 0 1430.42
-0.131844 9072.38 0 1496.2
-0.0020841 8495.36 0 1418.42
0.127142 9581.27 0 1462.23
0.265802 10096.2 0 1529.64
0.396016 7302.35 0 1199.54
0.53133 11226.2 0 1538.37
0.665677 8194.82 0 1260.53
0.809909 7942.24 0 1183.39
0.904924 4871.37 0 782.138
0 0 0 0
-0.796197 7053.72 0 1766.11
-0.670656 8516.54 0 1463.06
-0.535141 12211.5 0 1520.52
-0.398691 9086.93 0 1028.17
-0.260088 7827.29 0 873.338
-0.132259 8355.42 0 855.548
0.00614465 9104.64 0 882.648
0.126908 8163.37 0 835.813
0.266118 8831.57 0 940.241
0.352519 1813.18 0 408.791
0 0 0 0
0 0 0 0
0 0 0 0
0 0 0 0
0 0 0 0
0 0 0 0
0 0 0 0
0 0 0 0
0 0 0 0
0 0 0 0
-0.0828167 1246.92 0 364.097
-0.000914828 4267.48 0 763.057
0.127928 6445.05 0 1163.14
0.255265 7078.33 0 1727.16
0.41486 27005.2 0 10778.2
0 0 0 0
0 0 0 0
0 0 0 0
0 0 0 0
-0.907387 3225.04 0 524.593
-0.804097 5454.05 0 781.452
-0.66135 5053.15 0 770.087
-0.535166 4355.49 0 715.762
-0.4076 4640.93 0 756.012
-0.268313 4428.25 0 755.081
-0.132216 4462.27 0 762.869
0.00265543 6500.4 0 946.977
0.138117 4796.44 0 804.266
0.26366 3586.04 0 663.708
0.407796 5373.48 0 823.92
0.537524 4432.05 0 720.602
0.671451 4820.8 0 739.682
0.801257 6306.77 0 852.005
0.909296 3385.4 0 542.158
-0.925337 3799.82 0 988.563
-0.812516 6630.48 0 1052.15
-0.672021 6223.56 0 799.774
-0.530905 5231.08 0 634.177
-0.395506 5002.34 0 590.809
-0.263081 4408.58 0 529.903
-0.126788 4953.7 0 566.39
-0.00161152 5535.39 0 609.715
0.137716 5482.79 0 626.285
0.215941 1495.36 0 322.707
0 0 0 0
0 0 0 0
0 0 0 0
0 0 0 0
0 0 0 0
-0.929586 8513.47 0 1438.26
-0.792561 8110.7 0 723.832
-0.664225 7077.31 0 703.463
-0.529977 7794.89 0 802.712
-0.401037 7606.48 0 854.503
-0.271731 8084.13 0 1031.81
-0.141558 7515.57 0 1133.7
8.59811e-05 13614.1 0 2432.24
0.15593 16685.5 0 4358.49
0.265082 2829.35 0 1196.77
0 0 0 0
0 0 0 0
0 0 0 0
0 0 0 0
0 0 0 0
-0.945652 9236.13 0 1541.11
-0.797049 7420.56 0 1116.47
-0.670719 8947.88 0 1250.82
-0.525807 7509.19 0 1097.39
-0.396072 8224.91 0 1188.4
-0.261025 7104.39 0 1098.33
-0.134095 9073.57 0 1302.17
1.82822e-05 7995.29 0 1190.5
0.136832 8064.38 0 1217.41
0.263813 6709.34 0 1087.24
0.394655 8578.59 0 1218.21
0.534446 8996.12 0 1303.2
0.672857 7273.75 0 1118.7
0.802715 7077.12 0 1060.62
0.945088 8051.18 0 1309.88
-0.914919 5892.98 0 1333.03
-0.806255 10930.9 0 1416.94
-0.66644 9071.16 0 1007.54
-0.533802 7680.46 0 826.21
-0.394122 6780.3 0 753.015
-0.259102 7039.2 0 761.128
-0.13491 8101.4 0 875.353
-0.00143326 7791.63 0 873.549
0.128147 7126.73 0 901.229
0.262348 9260.57 0 1194.7
0.395468 4749.65 0 927.172
0.538946 7948.97 0 1723.07
0.646636 7590.66 0 2456.31
0.767149 214.16 0 156.6
0 0 0 0
