0 0 0 0
0 0 0 0
0 0 0 0
0 0 0 0
0 0 0 0
0 0 0 0
0 0 0 0
0 0 0 0
0 0 0 0
0.316543 260421 0 6334.32
0.399678 1.05288e+06 0 15085.5
0.533893 1.06952e+06 0 14497.6
0.666556 1.05845e+06 0 14215.5
0.799595 1.06438e+06 0 13963.1
0.933162 1.06478e+06 0 18064.4
-0.908091 649781 0 17525.4
-0.800574 1.07381e+06 0 29237.3
-0.667165 1.07252e+06 0 28800
-0.534256 1.04234e+06 0 26941.9
-0.399786 1.0855e+06 0 28833.7
-0.266565 1.08447e+06 0 28611.9
-0.132792 1.0476e+06 0 28355.2
-0.00044241 1.05948e+06 0 27913.9
0.133406 1.07169e+06 0 28989.2
0.267655 1.07326e+06 0 28062.9
0.400371 1.04397e+06 0 27563.3
0.533508 1.08093e+06 0 27900.1
0.666102 1.05859e+06 0 28955.3
0.800333 1.08114e+06 0 29706.7
0.908328 651772 0 17547.7
0 0 0 0
0 0 0 0
-0.649828 796852 0 16096.3
-0.532998 1.05821e+06 0 16066.4
-0.400337 1.06746e+06 0 13568
-0.266195 1.06548e+06 0 11977.5
-0.132639 1.06638e+06 0 10998.9
-0.000152297 1.0738e+06 0 10527.4
0.133408 1.06044e+06 0 10697.7
0.267366 1.07652e+06 0 12812.5
0.350211 262715 0 6889.26
0 0 0 0
0 0 0 0
0 0 0 0
0 0 0 0
0 0 0 0
0 0 0 0
0 0 0 0
0 0 0 0
0 0 0 0
0 0 0 0
0 0 0 0
0 0 0 0
0.150108 969586 0 13091.6
0.267005 1.3085e+06 0 14800.2
0.399545 1.30844e+06 0 14144.4
0.532409 1.29479e+06 0 13854.7
0.666547 1.30261e+06 0 14532.6
0.800089 1.29618e+06 0 15985
0.933112 1.28829e+06 0 21834.3
-0.907727 814259 0 21301.1
-0.799483 1.2895e+06 0 30670.2
-0.667127 1.29618e+06 0 30275.4
-0.533168 1.30291e+06 0 29151.4
-0.400344 1.30911e+06 0 29778.1
-0.267242 1.29793e+06 0 28986.8
-0.133183 1.30661e+06 0 29776.3
5.8616e-05 1.30253e+06 0 28978.3
0.133204 1.30729e+06 0 29729.7
0.266699 1.29512e+06 0 28700.5
0.400191 1.30628e+06 0 29629.4
0.533644 1.29603e+06 0 29270.8
0.666588 1.28095e+06 0 30393.7
0.800251 1.31208e+06 0 31536.8
0.907732 800161 0 21150.8
-0.917171 990880 0 25437.6
-0.800304 1.30813e+06 0 23882.1
-0.667007 1.31608e+06 0 18300.1
-0.533342 1.2982e+06 0 15553
-0.400073 1.305e+06 0 14058.2
-0.26681 1.29386e+06 0 13010.7
-0.133314 1.3027e+06 0 12822.2
-0.000287549 1.27735e+06 0 13281.5
0.133252 1.29796e+06 0 15605.5
0.250073 979481 0 16850.3
0 0 0 0
0 0 0 0
0 0 0 0
0 0 0 0
0 0 0 0
0 0 0 0
0 0 0 0
0 0 0 0
0 0 0 0
0 0 0 0
0 0 0 0
0 0 0 0
0 0 0 0
0 0 0 0
0.283565 718300 0 10733.9
0.40003 925445 0 12083.1
0.534608 929949 0 11780.5
0.666251 945454 0 11905.6
0.799893 941351 0 11709.3
0.933024 948518 0 15800.1
-0.909073 583573 0 15577.2
-0.800087 950823 0 25337.3
-0.666418 942189 0 24941.8
-0.533682 914331 0 22978
-0.400681 948723 0 24186.8
-0.266249 943297 0 23943.7
-0.13322 939421 0 24526.9
0.000147147 919963 0 23326.3
0.13339 928942 0 24034
0.26614 958176 0 24208.6
0.399714 944036 0 24188.6
0.533467 926953 0 23293.9
0.665923 945761 0 24811.8
0.799527 933390 0 24769.6
0.908304 592482 0 16030.3
0 0 0 0
-0.783013 700968 0 17685.2
-0.666066 942105 0 17020.8
-0.533132 931002 0 13892.8
-0.400318 932633 0 12144
-0.26656 948759 0 11135.4
-0.133417 935332 0 10345.8
0.000579587 955539 0 10222.4
0.133446 952165 0 10576.3
0.267448 962448 0 12358.7
0.350392 249429 0 6284.44
0 0 0 0
0 0 0 0
0 0 0 0
0 0 0 0
0 0 0 0
0 0 0 0
0 0 0 0
0 0 0 0
0 0 0 0
0 0 0 0
-0.0836957 234089 0 5798.72
-0.000282264 926176 0 12522.1
0.133451 943216 0 11431.3
0.266698 941481 0 10742
0.399821 947050 0 10528.5
0.533801 935016 0 10480.3
0.666442 928518 0 11018.2
0.799773 927142 0 12249.1
0.933573 926174 0 16335.2
-0.90877 571194 0 14682.5
-0.799521 936202 0 21758.9
-0.666708 943336 0 21652.8
-0.533251 938186 0 20610.9
-0.399623 940106 0 20814.6
-0.266494 947837 0 20546
-0.133823 944777 0 20986.2
0.000377736 925168 0 20143.6
0.133003 921768 0 20642.4
0.267764 955742 0 20808.1
0.399712 935441 0 20724.5
0.53355 923750 0 20312.4
0.666959 937461 0 21700.3
0.799787 939321 0 22253.3
0.907881 575068 0 15025.9
-0.916468 718951 0 15777.8
-0.799679 943048 0 15765
-0.666823 945819 0 12861.7
-0.533788 937019 0 11313
-0.39948 926877 0 10324.4
-0.266348 944828 0 9978.27
-0.133655 932094 0 9980.14
-0.000679862 935204 0 10748.6
0.133463 914562 0 12391.7
0.216901 236583 0 6078.9
0 0 0 0
0 0 0 0
0 0 0 0
0 0 0 0
0 0 0 0
0 0 0 0
0 0 0 0
0 0 0 0
0 0 0 0
0 0 0 0
0 0 0 0
0 0 0 0
0 0 0 0
0.150112 941750 0 13807
0.266368 1.26794e+06 0 15860.5
0.399872 1.26598e+06 0 15109.6
0.533972 1.25107e+06 0 14859.1
0.666438 1.27515e+06 0 15530.1
0.80014 1.26708e+06 0 15921.3
0.933158 1.28546e+06 0 22932.2
-0.908541 797217 0 21438.4
-0.799507 1.27775e+06 0 33434.4
-0.66583 1.24497e+06 0 32307.4
-0.53427 1.25513e+06 0 30934.2
-0.400373 1.25509e+06 0 31442.9
-0.26688 1.27573e+06 0 31570.4
-0.133331 1.24016e+06 0 31623.9
3.08326e-05 1.27296e+06 0 31484.1
0.132844 1.26846e+06 0 32085.2
0.266888 1.23487e+06 0 30461.4
0.399348 1.2654e+06 0 32003.2
0.533067 1.26132e+06 0 31516.1
0.66668 1.28262e+06 0 33383.6
0.800185 1.25293e+06 0 32690.3
0.909093 805277 0 21850.5
-0.916549 935725 0 25940.1
-0.799816 1.22511e+06 0 25805.7
-0.666803 1.26806e+06 0 21193.3
-0.532724 1.24266e+06 0 18153
-0.400239 1.25387e+06 0 16520.7
-0.26613 1.23142e+06 0 14976.7
-0.133013 1.29973e+06 0 14814.2
-0.000188727 1.28031e+06 0 14509
0.133778 1.30992e+06 0 15461.8
0.266317 1.35074e+06 0 18143
0.382971 1.04827e+06 0 19526.8
0 0 0 0
0 0 0 0
0 0 0 0
0 0 0 0
0 0 0 0
0 0 0 0
0 0 0 0
0 0 0 0
0 0 0 0
-0.216536 198762 0 5522.48
-0.132973 773625 0 11706.3
0.000124052 780471 0 10563.5
0.133778 763948 0 9691.63
0.266932 776487 0 9455.15
0.399853 763588 0 9258.44
0.533293 777584 0 9552.33
0.666609 758911 0 9972.68
0.799983 751941 0 10870.4
0.933079 761075 0 15807.1
-0.908127 463300 0 13235.5
-0.799876 778142 0 19666.6
-0.666656 755135 0 18516.2
-0.533207 775786 0 18278.5
-0.399499 788263 0 18894.5
-0.266617 768558 0 18166.6
-0.132584 786589 0 18891.4
-0.000149536 775150 0 18116.6
0.133347 780250 0 18643.4
0.26652 786050 0 18422
0.399602 781744 0 18711.9
0.533411 762959 0 18082.9
0.66663 770515 0 19025.2
0.798554 762770 0 19283.4
0.908271 468680 0 13436
-0.916648 593525 0 12314.5
-0.799608 796584 0 13307.8
-0.666529 784834 0 11127.5
-0.533655 787706 0 9997.91
-0.399992 780630 0 9399.19
-0.266397 776125 0 9161.65
-0.133465 756093 0 9222.93
0.000129209 752924 0 9952.92
0.132975 715595 0 11283.9
0.216806 171168 0 5321.97
0 0 0 0
0 0 0 0
0 0 0 0
0 0 0 0
0 0 0 0
