0.00319188 5.4756e-05
0.00559009 0.000161255
0.00151144 0.000338406
0.00336911 0.000545638
0.0131597 0.000737473
0.00936839 0.000930535
-0.0193039 0.00112733
-0.0269937 0.0013659
0.0137443 0.00112678
0.0207524 0.00136092
0.0038526 9.34331e-05
0.000840879 0.000614825
-0.000363442 0.00198665
-0.00132717 0.00745556
0.0214256 0.0102536
-0.0103111 0.0283646
-0.0554815 0.0180287
0.0264628 0.0414146
0.0450505 0.0100431
-0.0163614 0.0203362
0.0126896 6.83538e-05
-0.000349536 0.000136984
-0.0589336 0.000264263
-0.100799 0.000372834
0.0428905 0.000462516
0.408952 0.00052797
0.325713 0.000574177
-0.363955 0.000596022
-0.585185 0.000596588
-0.206694 0.000577086
0.00319 3.13388e-05
0.00885302 6.78315e-05
0.00436486 0.00011149
0.00198617 0.000152915
0.00592428 0.0001995
-0.0177354 0.000254372
-0.0180461 0.000305852
0.020893 0.000372703
0.0143309 0.000351414
-0.00466315 0.000416124
0.0038536 8.46248e-05
9.29404e-05 0.000556689
0.00557659 0.00178911
-0.00494004 0.00668896
-0.0216021 0.00912048
0.0198873 0.0252164
0.0365734 0.015842
-0.0272579 0.0364691
-0.0160321 0.00871817
0.0122381 0.0177364
0.00940914 5.67204e-05
-0.0133344 0.000134684
-0.04209 0.000293798
-0.000535146 0.00047171
0.109083 0.000672862
0.125067 0.000897816
-0.0489991 0.0011119
-0.18088 0.00124315
-0.139807 0.00126654
-0.043285 0.00120747
0.00432006 6.78268e-05
0.00852482 0.000188161
0.00629894 0.000376609
0.0118069 0.000585811
-0.00913392 0.000778204
-0.0487578 0.000977809
0.020432 0.00118066
0.0805147 0.00142837
-0.00671095 0.00119625
-0.0392417 0.00144467
0.00497831 0.000118172
0.000663014 0.000790522
0.00446963 0.00254437
-0.00239746 0.00955588
0.00310391 0.0131328
-0.0100017 0.0362885
-0.0320143 0.0230662
0.0323326 0.0528983
0.0378841 0.0128412
-0.0216941 0.0259462
0.0154247 0.000100942
0.00211506 0.000225506
-0.0494911 0.000448701
-0.145121 0.000665097
-0.108528 0.000857967
0.519704 0.00100466
0.842929 0.00111834
-0.303724 0.00117794
-1.16338 0.00118313
-0.53681 0.00113231
0.00516521 4.05303e-05
0.0151042 8.62364e-05
-0.00174255 0.000141139
-0.0264766 0.000187917
0.026831 0.000239451
0.064765 0.000299878
-0.0421075 0.000356468
-0.0857079 0.000428109
0.0228413 0.000403956
0.0446993 0.000468078
0.00535233 0.000113731
0.000388674 0.000747608
0.00333499 0.00238183
-0.00821706 0.0089597
-0.00484388 0.0121066
0.0280284 0.0336714
0.0036582 0.0209892
-0.0352525 0.0485712
0.00447771 0.0115387
0.0148001 0.0235769
0.0115413 8.24543e-05
-0.0176162 0.000207592
-0.0403349 0.000482952
0.00126825 0.000832597
0.0574121 0.0012265
0.131631 0.00166116
0.147703 0.00214137
-0.120593 0.00249195
-0.366344 0.00257068
-0.18799 0.00243558
0.0049771 7.46321e-05
0.0112487 0.000194798
0.0051863 0.000369129
-0.00531946 0.000553899
0.00388369 0.00072751
0.0324124 0.000917408
-0.00428479 0.00110553
-0.0610129 0.00133879
0.00611502 0.00114951
0.040329 0.00139034
0.00597779 0.000141505
-0.000213742 0.000920017
-0.00330646 0.00296782
0.00666444 0.011122
0.0381464 0.0152534
-0.0334705 0.042166
-0.084168 0.0267944
0.051566 0.061426
0.0638348 0.0149233
-0.0249583 0.0301248
0.016851 0.000105258
0.00234662 0.000222278
-0.0545943 0.000464947
-0.130011 0.000702462
-0.0540889 0.000936697
0.401705 0.00116533
0.542104 0.00137575
-0.204476 0.00151927
-0.673745 0.00153863
-0.293599 0.00149275
0.00640136 5.38775e-05
0.017153 0.000113675
-0.00135918 0.000184996
-0.0222127 0.000251986
0.0204116 0.000316858
0.0512923 0.000396623
-0.0179246 0.000458591
-0.082703 0.000559289
0.0008601 0.000575233
0.054672 0.000709775
0.00637223 0.000131062
0.000950498 0.00086404
0.00654903 0.00275391
-0.0147473 0.010335
-0.0167377 0.0139389
0.0670275 0.0387965
0.0199638 0.0240598
-0.108714 0.0558529
-0.00254159 0.013187
0.056204 0.0270552
0.0134488 8.07698e-05
-0.0187677 0.000183639
-0.0524975 0.000379804
0.00201742 0.000644334
0.15249 0.00100003
0.127867 0.00143442
-0.199449 0.00194773
-0.237941 0.00247051
0.0809949 0.00261813
0.118959 0.00264355
0.0053695 8.51592e-05
0.0110362 0.000227085
0.00773193 0.000441877
0.00696488 0.000679299
-0.00876116 0.000900452
-0.0119951 0.00113825
0.0166181 0.00137771
-0.00173235 0.00167116
-0.00401497 0.00141671
0.014235 0.00171626
0.00619663 0.000152193
-0.000372472 0.00101981
0.002519 0.00324337
0.00578202 0.0123549
0.01929 0.0167313
-0.0250656 0.0468819
-0.06396 0.02937
0.0350485 0.0682615
0.0578775 0.0163271
-0.0153784 0.0334283
0.0176475 0.000116759
0.00422863 0.000252172
-0.0437571 0.000519023
-0.158305 0.000783255
-0.180992 0.00106196
0.468346 0.00135704
0.97925 0.00164783
-0.114212 0.0018504
-1.16268 0.00189163
-0.591912 0.00182211
0.00748786 8.67331e-05
0.0177126 0.000243558
-0.0045995 0.000545582
-0.0202196 0.000993789
0.00860927 0.0015795
0.0757947 0.00231639
0.0869653 0.00329512
-0.212581 0.00445659
-0.149848 0.00494649
0.221071 0.00514332
0.00724379 0.00014801
-0.0010977 0.000965529
-0.00351666 0.00309395
0.0134423 0.0115483
0.0417935 0.0157162
-0.0543982 0.0434163
-0.0844509 0.0271953
0.0768512 0.0626336
0.0555634 0.0149328
-0.0348747 0.030404
0.0149572 0.000103555
-0.019706 0.000252327
-0.0762317 0.00055584
0.00117427 0.000942261
0.299793 0.00140464
0.146335 0.00192859
-0.53119 0.00255476
-0.343491 0.00315474
0.339081 0.00331287
0.257659 0.00327289
0.00429352 5.41587e-05
0.00872803 0.000134776
0.00416012 0.000251638
0.00950797 0.000370388
-0.000633661 0.000479289
-0.0355458 0.000598161
0.00587501 0.000713803
0.0488971 0.000860752
-0.00118822 0.000755114
-0.0194205 0.000907645
0.00480652 0.000102104
-9.97496e-05 0.000675451
0.00116058 0.00217252
0.00277171 0.00815688
0.015218 0.0112101
-0.0164109 0.0309874
-0.0461592 0.0196791
0.029455 0.0451965
0.0417603 0.0109412
-0.0160709 0.0221687
0.0133343 6.80897e-05
-0.000766953 0.00013347
-0.0386069 0.000258936
-0.0644447 0.000393659
-0.050656 0.000554844
0.160366 0.000738315
0.37954 0.000939273
0.0338014 0.0011476
-0.421764 0.00119314
-0.248526 0.00123164
0.00607033 4.16141e-05
0.013003 8.84807e-05
-0.00144785 0.000160079
0.00157364 0.000256656
0.00080207 0.000398813
-0.0340139 0.000607392
0.0318664 0.000881756
0.0234948 0.00128558
-0.043724 0.00133333
0.0241015 0.00173774
0.00563957 0.000102989
0.000525257 0.000671598
0.00186791 0.00214298
0.000526264 0.00802031
0.00273512 0.0108769
-0.0206896 0.0300849
-0.00993303 0.0188518
0.0441551 0.0433722
0.0118989 0.0103642
-0.024764 0.021055
0.0107565 8.2958e-05
-0.0169976 0.000229665
-0.0311794 0.000560393
0.0191049 0.000977534
0.0353316 0.00141966
0.00631684 0.00187452
0.113647 0.00233995
0.0618332 0.00267781
-0.225666 0.00275088
-0.17321 0.00259126
0.00453184 5.07512e-05
0.00918098 0.000123068
0.00334444 0.000221755
0.0056303 0.000317283
0.00195522 0.000402252
-0.0187073 0.000494168
0.0049368 0.000576627
0.0237949 0.000686166
-0.00295932 0.000620036
-0.00743271 0.000737449
0.00477027 9.60783e-05
0.000300829 0.000638207
0.00344911 0.00205165
-0.00288229 0.00774205
0.00621507 0.0105769
0.00333391 0.029405
-0.0317577 0.0185748
0.00578371 0.0428505
0.0341963 0.0103323
-0.00720264 0.021002
0.0136008 6.31711e-05
-5.37863e-05 0.000123051
-0.0458548 0.000233581
-0.0788852 0.000351614
0.0164865 0.000495819
0.237624 0.000663535
0.185291 0.000845616
-0.153564 0.00103526
-0.243896 0.00108115
-0.0800797 0.0011185
0.00644495 4.3366e-05
0.0141687 9.36829e-05
-0.000398805 0.000171203
-0.00430266 0.000273411
0.00168551 0.000418251
-0.01111 0.000622819
0.00987684 0.000883561
-0.00330868 0.00126567
-0.0106892 0.00136327
0.0207621 0.00172456
0.00600858 9.74185e-05
3.35388e-05 0.000643496
0.00233028 0.00202802
0.00450938 0.00766313
-0.00346288 0.0102958
-0.0197226 0.0287208
0.00807956 0.0178221
0.0272667 0.0413476
-0.00104268 0.00978514
-0.0121623 0.0200376
0.0111417 6.28659e-05
-0.0174178 0.00014752
-0.0301629 0.000307428
0.0140408 0.000516355
0.0450579 0.000790543
0.0333647 0.00113224
0.0372266 0.00156125
-0.015378 0.00202406
-0.11099 0.00219439
-0.0687632 0.00222629
0.00550986 6.53769e-05
0.0103143 0.000165373
0.00707417 0.000313133
0.0225954 0.000466302
-0.0165786 0.000605848
-0.094702 0.000754741
0.0373111 0.000896982
0.141729 0.00107629
-0.0184184 0.000934155
-0.066136 0.00112178
0.00588616 0.000118096
-0.000851863 0.000786173
0.00455107 0.00253539
0.0121039 0.00954405
0.00598336 0.0130707
-0.0414567 0.0362835
-0.0348897 0.0229198
0.0510129 0.0528675
0.0381759 0.0127321
-0.0215488 0.0258967
0.0157854 7.70976e-05
-0.000189254 0.000150003
-0.0332165 0.000283014
-0.0840015 0.000431433
-0.117673 0.000620284
0.210521 0.000846923
0.526941 0.00110261
0.0059786 0.00138505
-0.519122 0.0014561
-0.261123 0.0015356
0.00856231 8.21171e-05
0.0188884 0.000252719
-0.00629338 0.000627723
-0.027649 0.00120722
0.0120954 0.00192545
0.0708004 0.00274882
0.000439483 0.00382891
-0.116373 0.00489303
0.0173902 0.00527985
0.0493714 0.00498668
0.00750269 0.000121833
9.28652e-05 0.000789373
0.0037833 0.0025375
8.69718e-05 0.00941093
-0.00448864 0.0128115
-0.0106527 0.0352571
0.00120932 0.0220924
0.0295477 0.0507192
0.00722019 0.0120993
-0.020592 0.024564
0.0134399 6.87153e-05
-0.0197963 0.000152431
-0.0334211 0.000301974
0.0031516 0.000492508
0.0211416 0.000763616
0.0845501 0.00112736
0.172833 0.00161038
-0.0415352 0.00218684
-0.286597 0.00247836
-0.147047 0.00256772
0.00553275 5.98712e-05
0.0100677 0.000145423
0.00394714 0.000269302
0.0203891 0.000392663
-0.0053417 0.000506397
-0.0829054 0.000629313
0.022948 0.000743386
0.12285 0.000889496
-0.0137441 0.00078478
-0.05779 0.000939373
0.00568126 0.000112159
0.00153954 0.000735432
0.00410856 0.00239885
-0.0226079 0.00890792
0.00768357 0.01234
0.0827243 0.0338574
-0.0399449 0.0215997
-0.113082 0.0493534
0.0419757 0.0119788
0.0515612 0.0241841
0.0149369 9.79194e-05
-0.00207761 0.000238014
-0.040956 0.00051388
-0.0555289 0.000801763
0.00532361 0.00108203
0.127882 0.0013491
0.105049 0.00161183
-0.0357728 0.00179925
-0.070086 0.00183039
-0.0220384 0.00175451
0.00834773 3.77377e-05
0.0155142 6.66713e-05
-0.00704702 0.00010022
0.00756199 0.000127682
0.0223404 0.000156219
-0.0780921 0.000188161
-0.0253875 0.000214091
0.121189 0.00025056
0.0143382 0.000257406
-0.0552387 0.000293668
0.00715236 0.000118038
-0.00114712 0.00077433
0.0041478 0.00245109
0.0158741 0.00919075
-0.0112712 0.0124006
-0.0530564 0.0343765
0.0179516 0.0213999
0.0619289 0.049414
-0.00396054 0.0117179
-0.0230714 0.0239135
0.012317 8.03891e-05
-0.0221635 0.000201805
-0.0285349 0.000438034
0.0427964 0.000757943
0.0255748 0.00115791
-0.0694774 0.00163417
0.0904768 0.00222781
0.139953 0.0028526
-0.14781 0.00305538
-0.149133 0.00306772
0.0056302 6.10991e-05
0.0109895 0.00014505
0.00398909 0.00026286
0.0122243 0.000376234
-0.011176 0.000481457
-0.064974 0.000596632
0.0344008 0.000700351
0.107012 0.000835137
-0.0186164 0.000748593
-0.0514837 0.000892739
0.00600644 0.000118525
0.000646404 0.000778876
-0.000473011 0.00250534
-0.00892614 0.00939265
0.0233371 0.0128737
0.0375442 0.0356177
-0.0597781 0.0225294
-0.0541264 0.0518459
0.0506169 0.0124967
0.025654 0.0253816
0.0149763 7.94833e-05
-0.000259097 0.000159094
-0.0332916 0.000303237
-0.0781951 0.000459011
-0.084083 0.000650249
0.184827 0.000877659
0.42406 0.00113701
0.0199222 0.00141565
-0.429717 0.00149749
-0.236323 0.00155206
0.00877122 7.91418e-05
0.017921 0.000216426
-0.00123711 0.000473369
-0.0263369 0.000838996
-0.0329606 0.00131273
0.0867984 0.0019139
0.125669 0.00270813
-0.189692 0.00362292
-0.110827 0.00399161
0.147473 0.00411663
0.00748316 0.00012528
0.000201086 0.000832608
0.00427015 0.00261129
-0.00886862 0.00985911
-0.0106779 0.0132155
0.0484079 0.0368177
0.0168692 0.0227923
-0.0866348 0.0528448
-0.00359413 0.0124763
0.0474623 0.0255445
0.0127279 9.64305e-05
-0.021245 0.000267699
-0.0310114 0.000625006
0.0351271 0.00113121
0.0359511 0.00169778
-0.0637866 0.00228493
0.0850428 0.00298241
0.155231 0.00366855
-0.155202 0.00382872
-0.168734 0.00372787
0.00682245 7.83606e-05
0.0145505 0.000190544
0.00284989 0.000347171
-0.00218182 0.000502524
0.00291327 0.000648298
-0.0109579 0.000811038
0.00913011 0.000965544
0.0312912 0.00116445
-0.00359247 0.0010272
-0.015435 0.0012376
0.00737199 0.00015108
-3.90478e-05 0.000982072
0.000438692 0.00317832
-0.00119497 0.0118578
0.0192941 0.0162462
0.00651293 0.0448825
-0.051993 0.0283886
-0.00889224 0.0652165
0.0477314 0.0157421
0.00394022 0.0318917
0.0182702 0.000128072
-0.00279797 0.000311259
-0.0517518 0.000668446
-0.0675208 0.00104466
0.025536 0.00141565
0.162379 0.00177649
0.0692884 0.00213386
-0.0772984 0.00238942
-0.027142 0.00243455
0.0174768 0.00233536
0.0111102 6.95416e-05
0.0193064 0.000125049
-0.0060747 0.000192179
-0.000596958 0.000238049
-0.00504519 0.00027418
-0.0139554 0.000318282
0.0571169 0.000348227
-0.0337284 0.000400346
-0.0504622 0.000423592
0.0521789 0.000490816
0.00889395 0.000157222
0.000699715 0.00104161
0.00478502 0.00330699
-0.00515326 0.0124589
0.0104209 0.0168696
0.00399004 0.046793
-0.0361944 0.0292699
0.0104615 0.0674832
0.0316691 0.0160851
-0.0104559 0.0327503
0.0157766 7.89617e-05
-0.0244146 0.000160169
-0.0356691 0.000290344
0.0165199 0.000453151
0.0368774 0.000684606
0.0366884 0.00100456
0.0835357 0.0014105
-0.00382199 0.00196365
-0.143912 0.00209114
-0.0811619 0.00250473
0.00684964 8.27292e-05
0.0147883 0.000201791
0.00489429 0.000369105
0.00697261 0.000534311
-0.00676009 0.000686441
-0.0565567 0.000852668
0.0247964 0.00100635
0.101525 0.0012048
-0.013278 0.00106659
-0.0515715 0.00127831
0.00708911 0.000155387
0.000658835 0.00104306
0.000370474 0.00329102
-0.00864622 0.0125579
0.0293901 0.0169644
0.0381569 0.0474865
-0.0723585 0.0297233
-0.0585702 0.0689503
0.0576638 0.0164817
0.0281475 0.0336785
0.0176981 0.000107367
-0.000979414 0.000218348
-0.0404062 0.000417545
-0.0819018 0.000637085
-0.0832104 0.000908169
0.177614 0.00123475
0.452383 0.00161202
0.0608326 0.00202481
-0.459494 0.00214417
-0.271613 0.002237
0.0116435 0.000116806
0.0203485 0.000338476
-0.00930707 0.000771128
-0.0122203 0.0013977
0.048269 0.00216678
0.00722933 0.00307489
-0.187787 0.00425699
0.0500454 0.00556837
0.256554 0.00605119
-0.152188 0.0060757
0.00973331 0.000172776
-0.000453479 0.00113188
0.00344041 0.00358283
0.00691645 0.0134528
-0.00457003 0.0180715
-0.0299278 0.0503009
0.00253647 0.0311318
0.0418629 0.0722501
0.00817161 0.017038
-0.0186104 0.0349468
0.0158976 0.000130113
-0.0236424 0.000358658
-0.0353874 0.000832222
-0.00552358 0.00149954
0.0455974 0.00226531
0.146444 0.00308336
0.0551726 0.00407694
-0.19727 0.00507821
-0.128158 0.00534396
0.0187244 0.00523361
0.00668769 7.96091e-05
0.0149565 0.000169634
-0.00208995 0.000276828
-0.019127 0.000369086
0.0216909 0.000458236
0.0623814 0.000560969
-0.0168384 0.000645231
-0.0872527 0.000762287
0.00387302 0.000725371
0.0449528 0.000849621
0.00629945 0.000167338
0.00102944 0.00114274
0.00624159 0.00359146
-0.0103183 0.0137323
-0.00207371 0.0185662
0.0365098 0.0519485
-0.0188783 0.032556
-0.0520739 0.0754709
0.0284742 0.0180617
0.0244743 0.0368826
0.0161352 0.000159103
-0.00265508 0.000415094
-0.0468297 0.000933392
-0.0474349 0.00147765
0.0646547 0.00198708
0.0965374 0.00242297
-0.125304 0.00283829
-0.0818389 0.0031434
0.209021 0.00318958
0.150254 0.00304853
0.0114006 0.00011648
0.0164585 0.000287971
-0.0205944 0.000569194
0.024681 0.000939358
0.113299 0.00141591
-0.145875 0.00206133
-0.280993 0.00288544
0.288476 0.0039044
0.253593 0.00406309
-0.23528 0.00468235
0.00884321 0.000195122
-0.00165465 0.00126609
0.00176227 0.00406967
0.0155307 0.015144
0.0152853 0.020577
-0.043769 0.0568492
-0.0356383 0.0355017
0.0502168 0.0818504
0.0279692 0.0194497
-0.020935 0.0396542
0.0140938 0.000142204
-0.0225157 0.000387504
-0.0219854 0.000885407
0.00178153 0.00158187
-0.0199641 0.00239282
0.0725556 0.00328089
0.230479 0.00436359
-0.00479977 0.00545867
-0.298688 0.00575971
-0.155577 0.0056724
0.00478182 7.22e-05
0.010016 0.000156893
0.00298896 0.000263136
-0.00538013 0.000357483
-0.00542635 0.000448626
0.0145726 0.000554791
0.0194421 0.000650963
-0.0194201 0.00078197
-0.0116674 0.000728299
0.0117376 0.000863384
0.00470776 0.000148092
0.000585259 0.000981839
0.00754201 0.00315759
-0.0122736 0.0118644
-0.0199434 0.0161957
0.0571653 0.0449846
0.0154032 0.0282762
-0.0890707 0.0654162
0.007121 0.0156407
0.0440237 0.0319747
0.0114511 0.000129761
-0.00318365 0.00031729
-0.0126781 0.000684899
-0.0282517 0.00112758
-0.153586 0.00156143
0.00999588 0.00198623
0.546315 0.00246013
0.262684 0.00292871
-0.512719 0.00298778
-0.365954 0.00297852
0.00827161 0.00010419
0.012623 0.000257016
0.000211065 0.00050835
-0.00532895 0.000823261
-0.0542022 0.00122099
0.0395576 0.00175054
0.19675 0.00243742
-0.154221 0.00332121
-0.191032 0.00362977
0.167952 0.0041228
0.00667188 0.000171936
-0.000117426 0.00114393
0.00367462 0.00358491
0.00247242 0.0136128
0.0042144 0.0181976
-0.00707123 0.0508772
-0.0178955 0.0314326
0.00141323 0.0730565
0.016307 0.0172015
0.00371145 0.0353156
0.0107984 0.000127572
-0.0170177 0.000346131
-0.0185583 0.000794124
0.0160855 0.00140754
-0.017689 0.00211817
-0.038912 0.00290573
0.223007 0.00389674
0.198503 0.0049115
-0.302207 0.00522915
-0.276459 0.00513348
0.0046216 6.80339e-05
0.00951008 0.00015907
0.000762581 0.000284625
-0.0012004 0.000406398
0.00106084 0.000520824
-0.0131584 0.000650389
0.00950733 0.000772881
0.0311436 0.000933003
-0.00541648 0.000831779
-0.0163547 0.00100056
0.00474487 0.000132079
-0.000838848 0.000849959
-0.00451665 0.00277568
0.00459347 0.0102731
0.039229 0.0142444
-0.00268705 0.0389932
-0.0775656 0.0249146
-0.00666273 0.0567756
0.0528392 0.0138111
0.00595741 0.0277951
0.0110927 0.000115449
-0.00103227 0.000283711
-0.0241976 0.000612819
-0.0434505 0.00100159
-0.0330412 0.00136933
0.0919976 0.00171018
0.177836 0.00207377
0.00965057 0.00241881
-0.158923 0.00244597
-0.0869541 0.00242055
0.00913237 8.70803e-05
0.0135309 0.000183811
-0.0121661 0.000323476
-0.0098986 0.000485646
0.0150711 0.000690355
0.012762 0.000971468
0.00743421 0.00129305
-0.0252299 0.00175715
-0.0118463 0.00175439
0.0201541 0.00223487
0.00656732 0.000161137
0.00069704 0.0010724
0.0044163 0.0033685
-0.00081425 0.0127586
-0.00827238 0.0171097
-0.0202454 0.0478407
0.00817931 0.0295805
0.0501189 0.0688879
0.00313412 0.0162181
-0.0304783 0.0333762
0.0104382 0.0001051
-0.015439 0.00025981
-0.0168418 0.000551243
-0.0154668 0.00093316
-0.00318713 0.00143492
0.135375 0.00207722
0.126694 0.00292964
-0.153992 0.00389558
-0.182491 0.00433192
-0.027369 0.00440568
0.0061558 6.70267e-05
0.0110845 0.000150165
0.00170992 0.000262117
0.0144086 0.000370405
0.000893316 0.0004781
-0.0620475 0.000602373
0.0110596 0.000716952
0.0902691 0.000868149
-0.00681833 0.000784018
-0.0416869 0.00094447
0.00581435 0.00013158
-0.0003632 0.000874406
0.00637828 0.00280859
-0.000515668 0.0105902
-0.00817913 0.0144531
0.00822371 0.0401639
-0.0059846 0.02532
-0.0157284 0.0584299
0.0206224 0.0140442
0.00816465 0.0285807
0.0143131 0.000105864
-0.00183319 0.000239854
-0.0289448 0.000488172
-0.0434202 0.000769093
-0.0664897 0.00107558
0.0515909 0.00141529
0.315433 0.00180287
0.145834 0.00219278
-0.295986 0.00227675
-0.217066 0.00231299
0.0119738 8.88615e-05
0.0162336 0.000182435
-0.017619 0.000316744
-0.0144966 0.000466749
0.0407779 0.000656509
0.0827423 0.000914876
-0.0249766 0.0012045
-0.188369 0.00163803
-0.00430446 0.00170184
0.126735 0.00216096
0.00889251 0.00017183
-0.000882103 0.00111822
0.00264831 0.00357491
0.00482888 0.013399
0.0121985 0.0180848
-0.0120732 0.0502561
-0.0304079 0.0312241
0.0116949 0.0723063
0.0249118 0.0171034
-0.00338428 0.0350046
0.0143023 9.20681e-05
-0.0245097 0.000195636
-0.0271863 0.000361832
0.0485672 0.000569507
0.0104047 0.0008552
-0.131327 0.00124705
0.132023 0.00174368
0.277239 0.00241203
-0.173319 0.00259109
-0.232451 0.00306854
0.00609174 7.17743e-05
0.0107886 0.000153435
0.00350279 0.00025881
0.0193419 0.00035412
-0.0101735 0.000450743
-0.0889873 0.000565068
0.0305982 0.000670817
0.13958 0.000815422
-0.0168348 0.000758694
-0.0696861 0.00091116
0.00599488 0.000149392
0.00118141 0.000988433
0.00129913 0.00317867
-0.015065 0.0119542
0.0182618 0.0163466
0.0451703 0.0453223
-0.0518141 0.0286143
-0.0525827 0.0659099
0.0452717 0.0158688
0.0220776 0.032234
0.0143036 0.000122481
-0.00234108 0.00028183
-0.0336087 0.000581549
-0.0384975 0.000928837
-0.0234576 0.00130282
0.0445206 0.00170934
0.189856 0.00217494
0.109483 0.00264685
-0.176089 0.00273394
-0.146103 0.00277741
0.0118695 0.000117494
0.018408 0.00027749
-0.00834225 0.000517806
-0.0470434 0.000806377
-0.0290344 0.00114135
0.219535 0.00158356
0.145421 0.00209744
-0.42439 0.00278979
-0.136475 0.00278887
0.278205 0.00341546
0.00899707 0.000193656
0.00177236 0.00126997
0.00567182 0.00403668
-0.0117655 0.0151622
-0.00417712 0.0203969
0.0302436 0.0567414
-0.00751056 0.0351934
-0.0321862 0.0815272
0.0155172 0.0192834
0.0115222 0.0394484
0.0144002 0.000143309
-0.0236864 0.000396884
-0.0391668 0.000914086
0.0333774 0.00163273
0.139899 0.0024671
-0.0220141 0.00338431
-0.29244 0.00452204
-0.0830609 0.00568028
0.272714 0.00602209
0.176365 0.00590939
0.0057835 7.10367e-05
0.0107542 0.000159814
0.00282961 0.00027931
0.0104863 0.000391249
-0.000937883 0.000500258
-0.0420495 0.000625946
0.00719444 0.000743361
0.0509703 0.000896934
-0.0030637 0.000806742
-0.0181181 0.000966813
0.00553705 0.00013785
0.00157901 0.000913898
0.00355999 0.00293242
-0.021602 0.0111066
0.000731444 0.0150864
0.0795081 0.042213
-0.0132508 0.0264182
-0.109966 0.0614661
0.0203993 0.0146467
0.0512521 0.0300703
0.0132104 0.000114658
-0.00107976 0.000269714
-0.0278401 0.000561858
-0.0440225 0.000894149
-0.0382792 0.00124677
0.0699593 0.00162742
0.20848 0.00206854
0.0628604 0.00250826
-0.189515 0.00260465
-0.12495 0.00262297
0.0114234 9.40741e-05
0.0122251 0.000184911
-0.00989678 0.000305006
0.0313282 0.000425623
0.0186875 0.000563637
-0.114884 0.000745149
-0.0281634 0.000919278
0.133892 0.00118908
0.0230367 0.00118797
-0.0528604 0.00151312
0.0087698 0.000182713
-0.000547766 0.00119611
-0.00256062 0.00380139
0.0174171 0.0142882
0.0359003 0.019265
-0.0597212 0.0535521
-0.0641835 0.0332908
0.0743367 0.0770311
0.0389757 0.018252
-0.0324476 0.0372973
0.0134025 0.000126971
-0.0218476 0.000338615
-0.0398642 0.000751034
0.00821836 0.00130196
0.20428 0.00197983
0.113415 0.00278997
-0.542398 0.00383299
-0.396642 0.0049346
0.533033 0.00534336
0.45197 0.00531898
0.00581607 5.6793e-05
0.0111376 0.00012783
0.00310297 0.000224635
0.00275253 0.000320649
-0.0161849 0.000417811
-0.0288412 0.000531466
0.0451791 0.000639311
0.0516867 0.000777958
-0.0274903 0.00068817
-0.0257132 0.000833077
0.00551828 0.000111145
0.00134478 0.000729082
0.0028958 0.00233834
-0.0134561 0.00884536
-0.00148096 0.0119545
0.0385052 0.0335323
-0.00568042 0.0208729
-0.0408092 0.048715
0.0148545 0.0115556
0.0144541 0.0237904
0.0123783 9.86588e-05
-0.00288146 0.000253617
-0.0209984 0.000557577
-0.021571 0.000932416
-0.0613062 0.00129737
-0.0120246 0.00164296
0.235617 0.00202885
0.174196 0.00241087
-0.191294 0.00245353
-0.167872 0.00243062
0.010781 7.68953e-05
0.0145922 0.000146487
-0.00178489 0.000237225
-0.0145988 0.000326393
-0.0410343 0.000429376
0.061447 0.000564679
0.113537 0.000692923
-0.124666 0.000895442
-0.0796182 0.000914657
0.0829616 0.00116106
0.00844406 0.000155778
0.000798749 0.00101237
0.00163914 0.00323758
-0.0141388 0.0121048
0.00875744 0.0163364
0.0436389 0.0453626
-0.0189436 0.028118
-0.0449595 0.0651814
0.0159839 0.0153602
0.0136764 0.0315056
0.0121607 0.000101597
-0.0192679 0.000258273
-0.00890997 0.00055268
0.000448859 0.000951558
-0.0611346 0.00146776
0.0370179 0.00211793
0.261656 0.00296551
0.0591605 0.00391516
-0.272268 0.00430308
-0.163047 0.00438713
0.00559086 5.00905e-05
0.00932068 0.00010821
0.00163383 0.000183873
0.0120741 0.00025361
-0.00457532 0.000322772
-0.0497074 0.000403339
0.0160696 0.000476148
0.0654245 0.000573861
-0.00881627 0.000522421
-0.0272859 0.000625214
0.00498136 9.77434e-05
0.000521621 0.000643022
0.0036557 0.00208355
-0.0105292 0.00781421
-0.0009056 0.0106891
0.0458406 0.0296802
-0.00750798 0.0186691
-0.072366 0.0431575
0.0143733 0.0103296
0.0372084 0.0210828
0.0113498 8.49233e-05
-0.000909273 0.000214751
-0.02401 0.000463641
-0.0430087 0.000766187
-0.00236872 0.0010751
0.0898055 0.00138865
0.0586173 0.00175137
-0.0406571 0.00211732
-0.0352827 0.00217706
-0.000921183 0.00217907
0.010602 8.87342e-05
0.0120505 0.000203387
-0.00455536 0.000363637
-0.00376592 0.000539926
-0.0210903 0.000722587
0.0401574 0.000955939
0.0697911 0.00119422
-0.106542 0.00152838
-0.0520292 0.00145276
0.0755707 0.00181384
0.00815261 0.000144604
0.00139969 0.000941387
-4.37029e-05 0.00301283
-0.0148818 0.0112286
0.0197269 0.0152144
0.052052 0.0420699
-0.0405806 0.0262068
-0.0716917 0.060482
0.0285221 0.0143335
0.0329237 0.0292636
0.0118488 8.45684e-05
-0.0195478 0.000194913
-0.0172763 0.000377734
0.0156671 0.000611425
-0.0069062 0.000917328
0.00205689 0.00133135
0.123033 0.00185465
0.0329504 0.00251432
-0.138662 0.00264958
-0.0751991 0.00305725
0.0051054 4.4851e-05
0.00861329 9.61579e-05
0.00101782 0.0001628
0.00842223 0.000224328
-0.00310842 0.00028534
-0.0364468 0.000356075
0.00967508 0.000419194
0.0421474 0.000503796
-0.00322888 0.000461406
-0.0127248 0.000549982
0.00471382 8.96608e-05
-0.000385428 0.000586895
0.00277536 0.00188979
0.00371429 0.00705872
-0.00401135 0.00965112
-0.0146481 0.0266979
-0.00128538 0.0168031
0.0243558 0.0387494
0.0109454 0.00927616
-0.013661 0.0189105
0.0100683 6.4868e-05
-0.0030384 0.000145079
-0.0249585 0.000284898
-0.014843 0.000444854
0.0209622 0.000638418
0.00681562 0.00087617
0.00326302 0.00116419
0.0360905 0.0014858
0.00805668 0.00159211
-0.0112251 0.00166654
0.0101357 6.84157e-05
0.0104888 0.000121348
-0.00215643 0.000184413
0.00270707 0.00023735
-0.0262867 0.000292725
-0.00719463 0.000362502
0.0545557 0.000419141
-0.00449585 0.000511328
-0.0279897 0.000522055
0.0079945 0.000636226
0.0076256 0.000139756
-0.000335409 0.00090877
0.00206543 0.00291808
0.00759447 0.0108177
0.00621176 0.0147324
-0.0452594 0.0405
-0.0144895 0.0253494
0.0820504 0.058188
0.012414 0.0138438
-0.0446329 0.0281316
0.0105957 7.82907e-05
-0.0182652 0.000183422
-0.0242537 0.000365046
0.0115477 0.000608744
0.131026 0.00095853
0.0492516 0.00144341
-0.387269 0.00210335
-0.241196 0.00292984
0.426479 0.00334954
0.339463 0.00358509
