0.00319837 7.65743e-05
0.00595181 0.000228791
0.00738713 0.000468456
0.00810118 0.000746171
-0.0138401 0.000998066
-0.0192441 0.00124896
0.0265485 0.00149951
0.0255672 0.00180991
-0.0109697 0.00152485
-0.00812773 0.00183606
0.00318678 0.000118798
-0.000513233 0.000784596
0.0046842 0.00261999
0.00852799 0.00984523
-0.0116464 0.013612
-0.0293665 0.0382707
0.013924 0.0240699
0.0373174 0.056518
0.00329934 0.0134909
-0.01637 0.0279346
0.0112335 9.2878e-05
0.00109782 0.000161414
-0.0406349 0.000316834
-0.0996327 0.000405245
-0.0759668 0.000443741
0.340583 0.000477752
0.636327 0.000500357
-0.109797 0.000512923
-0.811581 0.000513947
-0.413384 0.000499829
0.00333863 4.8142e-05
0.010064 0.000107575
0.01063 0.000173944
0.0125128 0.000240489
-0.0223503 0.000317333
-0.0944419 0.000413554
0.0203808 0.000502961
0.166831 0.000629297
0.000765815 0.000609467
-0.0894864 0.000757288
0.00337307 0.00011768
0.000425886 0.000771997
0.00631351 0.00251081
-0.00884998 0.00948507
-0.0204092 0.0128864
0.0381211 0.0360507
0.0317001 0.022568
-0.0594905 0.0523918
-0.012267 0.0125085
0.031398 0.025577
0.0081536 8.86438e-05
-0.0112617 0.000218242
-0.0304674 0.000492314
-0.00914302 0.000766481
0.038321 0.00105353
0.145483 0.00131367
0.14397 0.00153008
-0.160475 0.00165387
-0.338972 0.0016667
-0.144155 0.00158961
0.00454669 9.91842e-05
0.0086773 0.000278249
0.00782698 0.000555994
0.0226025 0.000866948
-0.0157484 0.00115191
-0.106058 0.00144507
0.0305652 0.00174308
0.18189 0.00211271
-0.0099595 0.00179452
-0.0958767 0.00216731
0.00427794 0.000155785
-0.00165505 0.00106219
0.0056941 0.00341653
0.021752 0.0130791
-0.00518594 0.0178783
-0.0829429 0.0502044
-0.00694201 0.0317783
0.120627 0.0737561
0.0198887 0.0178378
-0.0590503 0.0363787
0.0137704 0.000136124
6.13103e-05 0.00027894
-0.0369725 0.000531527
-0.105484 0.000760159
-0.11744 0.000902531
0.345902 0.000997891
0.671556 0.00106973
-0.126363 0.00110327
-0.787027 0.00110375
-0.370393 0.00106822
0.00567667 6.3194e-05
0.0138336 0.000134026
-0.00412279 0.000210557
-0.00260522 0.000272957
0.0493111 0.000340777
-0.0104325 0.00042052
-0.0958638 0.000490501
0.00238152 0.000579579
0.0609144 0.000573456
0.0111784 0.000652713
0.00496315 0.00016135
0.00116343 0.00108704
0.00422996 0.00347312
-0.0188339 0.0130543
-0.00837844 0.0178834
0.0639014 0.0493698
0.0135105 0.0312002
-0.0739636 0.0715602
-0.00243331 0.0172355
0.0273147 0.0348698
0.0106909 0.000116919
-0.0142615 0.000289141
-0.0448585 0.000673422
-0.0172721 0.00111566
0.119642 0.00159029
0.185513 0.00208817
-0.051974 0.00257096
-0.247157 0.00288608
-0.155087 0.0029443
-0.0305359 0.00280026
0.00531578 0.000101484
0.00902183 0.000267604
-0.00231128 0.000515323
0.0145102 0.00077503
0.048318 0.00101595
-0.0198214 0.00127521
-0.0855203 0.00153348
0.000744312 0.00186466
0.0548399 0.00165388
0.0134574 0.00199943
0.00479901 0.000167852
0.000572304 0.00112145
0.00615425 0.00372316
-0.0020531 0.0136105
-0.0129378 0.0195763
-0.00234382 0.052392
0.00971764 0.0347713
0.0144656 0.0773705
0.0120722 0.0194887
-0.00980479 0.0383357
0.0152851 0.000151153
0.000250975 0.000326708
-0.0439608 0.000639541
-0.113921 0.00093499
-0.149167 0.00114545
0.386774 0.00128463
0.931672 0.00139551
-0.0934184 0.00145003
-1.21195 0.00145221
-0.638668 0.00139726
0.00648324 8.1655e-05
0.0189578 0.000179978
-0.00390868 0.00028744
-0.0475694 0.000381601
0.0388264 0.000457522
0.184283 0.000542243
-0.0384477 0.000595503
-0.32047 0.00068529
0.00109273 0.000698487
0.186079 0.00081628
0.00542498 0.000174424
-0.000752261 0.00118435
0.00178532 0.00371235
0.00878077 0.014194
0.0075872 0.0192733
-0.0223023 0.0535868
-0.00789084 0.0337985
0.0133894 0.0776517
0.00451281 0.018696
0.0016914 0.0378276
0.0110185 0.000145176
-0.0150838 0.00039652
-0.0513752 0.000970141
0.00985586 0.00157897
0.232718 0.00221456
0.0361759 0.00279461
-0.610948 0.00331214
-0.200715 0.00365276
0.697225 0.00370556
0.445252 0.00349444
0.00552371 0.000109803
0.00956199 0.00028007
0.00802038 0.000522635
0.0420885 0.000759864
-0.00177905 0.000977177
-0.165918 0.00120935
-0.00913468 0.00142961
0.239625 0.00171273
0.0171697 0.00152268
-0.111296 0.00181803
0.00539897 0.000188602
0.000204244 0.00125218
0.00176835 0.00402575
-0.00579585 0.0152904
0.00276024 0.0208492
0.0345306 0.0583818
-0.00406035 0.0368098
-0.0598389 0.0853716
0.0119421 0.0205694
0.0310203 0.0419478
0.0141053 0.000151877
-0.000734133 0.000338944
-0.016445 0.000715163
-0.0822349 0.00109277
-0.256226 0.00144082
0.185835 0.00175575
0.980557 0.00203882
0.215495 0.00223163
-1.00458 0.00225621
-0.602324 0.00217534
0.00738814 0.000134845
0.0165023 0.000405277
0.000223678 0.000972445
0.0144369 0.00185348
0.00567514 0.00304586
-0.0593438 0.00453433
0.0987602 0.00657987
-0.0484902 0.00883039
-0.220241 0.0098373
0.216207 0.00954875
0.00646565 0.000207241
0.00167839 0.00132573
-0.0059891 0.00434953
-0.00917251 0.0160452
0.0488852 0.0224173
0.0301008 0.0610067
-0.086012 0.0392943
-0.0526379 0.0889521
0.0527102 0.0217956
0.0322896 0.04358
0.0121997 0.000156919
-0.0166078 0.000407595
-0.0691781 0.000934694
0.000522316 0.00161186
0.357323 0.00228541
0.135615 0.00291032
-0.846327 0.00362273
-0.449926 0.00436496
0.726366 0.00449772
0.505997 0.00445712
0.00615862 0.00010077
0.00864774 0.000249192
-0.000433928 0.000461586
0.043041 0.000660911
0.0380606 0.000846667
-0.138431 0.00105007
-0.0655871 0.00124363
0.185103 0.00149627
0.0428185 0.00135173
-0.0833068 0.00161722
0.00583223 0.000175116
0.000751508 0.00113352
-0.00712656 0.00380098
-0.00269431 0.0137786
0.0658563 0.019881
-0.00641584 0.0530554
-0.136285 0.0351956
0.0280505 0.0783006
0.0954165 0.0197091
-0.0199145 0.0387863
0.0155305 0.000142492
0.00013889 0.000314537
-0.0291168 0.000665168
-0.073801 0.00099587
-0.207396 0.00130863
0.118361 0.00160143
0.889975 0.00187489
0.320898 0.00205723
-0.930517 0.00208193
-0.629274 0.00200379
0.00868793 9.93128e-05
0.0158415 0.000237197
-0.0157401 0.000455586
0.0365113 0.000755145
0.123129 0.00117375
-0.181841 0.00177074
-0.269282 0.00254211
0.29875 0.00358732
0.197032 0.00373239
-0.187297 0.00461516
0.00643189 0.000184008
-0.00184978 0.00126081
0.00336064 0.00399477
0.0118657 0.0151971
0.0249326 0.0207774
-0.0316976 0.0573939
-0.0650912 0.0363952
0.043319 0.0831513
0.0467824 0.0200987
-0.0227819 0.0404973
0.0128488 0.000141382
-0.0203562 0.000355565
-0.0499456 0.000775785
0.0309883 0.00130934
0.156953 0.00188157
-0.00468132 0.0024684
-0.21969 0.00313167
-0.0337924 0.00382851
0.103441 0.00392766
0.0246395 0.00400275
0.00569345 9.34815e-05
0.012049 0.000239313
0.0134239 0.000441143
0.0172386 0.000653208
-0.0367836 0.00085465
-0.0720252 0.00107857
0.065464 0.00130088
0.10793 0.00158122
-0.0309344 0.00138979
-0.0491894 0.00167649
0.00552165 0.000164471
0.000630183 0.00109883
0.0038999 0.00350906
0.000656542 0.0133898
0.0181627 0.0182402
-0.00452732 0.0509212
-0.0612605 0.032135
0.00360527 0.0742761
0.0535088 0.0178548
-0.000716061 0.036396
0.0151 0.000141246
0.002992 0.000332319
-0.0470815 0.000701147
-0.115288 0.00105418
0.0295489 0.00137196
0.356535 0.00163011
0.0733174 0.00185319
-0.363485 0.00199559
-0.0642943 0.00200627
0.125913 0.00193622
0.00879748 0.000100149
0.0243066 0.000245477
0.016643 0.000483629
-0.0346184 0.000837248
-0.128803 0.00136732
0.0779965 0.0021456
0.367877 0.00322136
-0.230409 0.00461478
-0.343965 0.00515549
0.270934 0.00589503
0.00700652 0.000184896
-0.00117955 0.00123698
-0.000158428 0.00394201
0.0246679 0.0149343
0.0287334 0.0203092
-0.103729 0.0563877
-0.0546038 0.035551
0.161071 0.081662
0.0353074 0.0196854
-0.0828783 0.0397912
0.0128094 0.000133733
-0.0187865 0.000338871
-0.0469917 0.00077341
-0.00148066 0.00132598
0.14129 0.00194585
0.125568 0.00261052
-0.156421 0.00340012
-0.20945 0.00412674
0.0148238 0.00429784
0.0641287 0.00418648
0.0061099 9.71316e-05
0.0121389 0.000238563
0.00663175 0.000427753
0.0171732 0.000604936
0.00690412 0.00076587
-0.0391342 0.000939196
-0.00898095 0.00109313
0.0260603 0.00129635
0.00656259 0.0011953
0.00334568 0.00141027
0.00596002 0.000177173
-0.000429948 0.00117246
0.00184119 0.00378978
0.00683166 0.0144138
0.0142373 0.0195038
-0.034007 0.055031
-0.0390892 0.0341752
0.0577106 0.0802369
0.0372887 0.0189599
-0.031352 0.0392558
0.0160449 0.000157143
0.000152407 0.00037509
-0.053335 0.00080488
-0.0784833 0.00120596
0.0354823 0.00157871
0.199208 0.00189218
0.121169 0.00218356
-0.0878872 0.00237493
-0.148236 0.00239845
-0.0641063 0.00229815
0.0102408 0.000159082
0.0199547 0.00053887
-0.0305691 0.00142358
-0.00604023 0.00287802
0.232652 0.00463411
-0.0365864 0.0064847
-0.64121 0.00876515
0.242559 0.0109748
0.662041 0.0116702
-0.424612 0.0109219
0.00723876 0.000201092
0.00179968 0.0013533
0.00854862 0.00428875
-0.0145566 0.0163237
-0.016637 0.0220062
0.0182789 0.061481
0.0210377 0.0383343
0.00768151 0.0887859
-0.00444765 0.0211058
-0.0141266 0.043109
0.0134438 0.000136406
-0.0211602 0.000329005
-0.0418137 0.000709686
0.00695105 0.00121516
0.119122 0.00183511
0.12084 0.00254631
-0.180105 0.00338903
-0.257249 0.00421333
0.112828 0.00442503
0.168206 0.00439408
0.007181 0.000100743
0.0159518 0.000243822
0.000887391 0.000438644
0.00182736 0.000628215
0.0298123 0.000809469
-0.0157455 0.00101254
-0.0527882 0.00120675
0.0105243 0.00145464
0.0312997 0.00129146
0.0028926 0.00154724
0.00594133 0.000174692
0.00129739 0.00112406
-0.0053021 0.0038351
-0.0210675 0.0140791
0.081691 0.0202111
0.0993941 0.0547046
-0.185295 0.0360414
-0.160127 0.0811173
0.130335 0.020283
0.0809154 0.0403115
0.0163913 0.000151368
0.000814138 0.000356291
-0.0479961 0.000760605
-0.0893778 0.0011773
-0.0204421 0.0016065
0.223588 0.00204932
0.309327 0.00250996
-0.0476004 0.00284455
-0.358984 0.00292126
-0.192304 0.00279011
0.0105567 0.000162137
0.021927 0.000521928
-0.004072 0.00132567
-0.0220662 0.00262721
-0.0340392 0.0042128
0.0789726 0.00597636
0.2258 0.00825359
-0.267511 0.0105264
-0.295196 0.0113261
0.320605 0.0106817
0.00801271 0.000215822
-0.000448351 0.00139606
0.00228619 0.00455403
0.00851152 0.0168094
0.0179371 0.0230697
-0.00515936 0.0633306
-0.0469864 0.0398841
-0.0313283 0.0914195
0.0360725 0.0219124
0.0299003 0.0444011
0.0130788 0.000146248
-0.0177217 0.000373335
-0.0388342 0.000843787
-0.021565 0.00146526
0.0836673 0.00219125
0.174605 0.00298985
0.00266362 0.00394573
-0.213314 0.00486777
-0.133642 0.0050975
-0.00324245 0.00501358
0.00646372 9.68194e-05
0.0135982 0.000234213
0.00160862 0.00041861
-0.000951239 0.000592832
0.0226585 0.000757352
0.0218801 0.000939158
-0.0299321 0.00110355
-0.0564682 0.00131774
0.0156473 0.00120212
0.0413304 0.00142866
0.00598951 0.000177226
-0.00279982 0.00120417
0.00122197 0.00375331
0.0301691 0.0147289
0.026353 0.0194411
-0.12595 0.0559207
-0.0711069 0.0343768
0.21052 0.0813527
0.0599702 0.0192605
-0.114739 0.0398381
0.0157853 0.00015997
-0.000453807 0.000392166
-0.0478085 0.000834109
-0.0706715 0.00125607
0.0195357 0.00163689
0.162717 0.00193762
0.126098 0.00221383
-0.0420847 0.00240051
-0.125385 0.00242715
-0.063411 0.00233145
0.0105533 0.000105966
0.0202369 0.000226721
-0.00810754 0.000394002
-0.00229669 0.000592689
0.032305 0.000856315
-0.00881711 0.00123092
-0.0278149 0.00167165
-0.0418072 0.00232841
-0.00271987 0.00228395
0.0597291 0.0030308
0.0078909 0.000215361
0.00132183 0.00144803
0.00861043 0.00455053
0.00487267 0.0170236
-0.0265049 0.023425
-0.0528585 0.0637482
0.0385291 0.0408684
0.117679 0.0921303
-0.011764 0.0225293
-0.0746823 0.0448607
0.0131169 0.000141513
-0.0183788 0.000342277
-0.0424213 0.000719207
0.00843874 0.00120324
0.111277 0.00178347
0.0471962 0.00247688
-0.111725 0.00330208
-0.0701675 0.00421119
0.0226059 0.0043337
0.0149278 0.00462875
0.0059194 0.00010124
0.0108703 0.000242509
0.0166912 0.000432567
0.0473114 0.000620363
-0.0431007 0.000803065
-0.167964 0.00100493
0.0661817 0.00118328
0.211967 0.00141248
-0.0305084 0.00127745
-0.0859422 0.00152238
0.00610469 0.000188765
-0.000706596 0.00127305
0.00313163 0.0040791
0.0115312 0.0153725
0.00802148 0.0211333
-0.0348585 0.0585123
-0.0277609 0.0370874
0.0372921 0.0853496
0.0294783 0.0205878
-0.0136809 0.0418178
0.0147463 0.000160478
0.00128924 0.00039194
-0.0308919 0.000835912
-0.0917017 0.00129963
-0.0680878 0.0017642
0.239993 0.00222476
0.328411 0.0026764
-0.113285 0.00298471
-0.314499 0.00303632
-0.108503 0.00290421
0.0106517 0.000187845
0.018717 0.000631163
0.021973 0.00164387
0.0262414 0.00324646
-0.312328 0.00511873
-0.132401 0.00710871
1.24533 0.00952607
-0.237979 0.011794
-1.61155 0.0125557
1.00379 0.0117353
0.00787252 0.000231004
0.0017145 0.00156111
0.0166012 0.004919
-0.00729313 0.0186355
-0.0637375 0.0248664
-0.00159959 0.0696299
0.0981221 0.0429121
0.0297726 0.0998385
-0.0433259 0.0235175
-0.0237123 0.0482163
0.0128118 0.00018679
-0.0202432 0.000562671
-0.0361956 0.00141945
0.0238187 0.00249481
0.121966 0.00361113
-0.0192783 0.00463255
-0.274042 0.00555078
-0.0385518 0.00623567
0.3174 0.00637623
0.185391 0.00599603
0.00679482 0.000106848
0.0144082 0.000256054
0.0015469 0.000453867
0.00589467 0.000645362
0.0374485 0.00083538
0.0032247 0.0010521
-0.0654162 0.00126021
-0.0385237 0.00152816
0.0361227 0.00137419
0.0320274 0.0016491
0.00618043 0.000200186
0.00189776 0.00133174
0.00339449 0.00423146
-0.023415 0.0161962
0.00793273 0.0218643
0.0846492 0.0615747
-0.0335616 0.0385574
-0.109453 0.0898128
0.0383976 0.0215402
0.0454261 0.0440696
0.0149722 0.000177767
-0.000237789 0.000446867
-0.0187221 0.000956284
-0.0651196 0.00146749
-0.17423 0.00193414
0.0956 0.00231893
0.605583 0.00266747
0.196705 0.00289929
-0.537044 0.00292362
-0.338529 0.00280109
0.0116266 0.000175494
0.0197064 0.000512101
-0.0146148 0.00115586
0.0419933 0.00208827
0.134181 0.00326632
-0.314266 0.00470737
-0.48192 0.00662113
0.704121 0.00880724
0.533153 0.00967634
-0.606944 0.00983319
0.00807508 0.000240071
-0.00185309 0.00161182
0.0145464 0.00507378
0.0357141 0.0193131
-0.0650049 0.0259503
-0.148449 0.0724652
0.122984 0.0452154
0.213 0.104513
-0.0665097 0.0248846
-0.100315 0.0507189
0.0131878 0.000145058
-0.0199145 0.00032878
-0.027258 0.00065333
-0.00216965 0.00108368
0.0311141 0.00165393
0.114656 0.00240571
0.0257964 0.00333353
-0.165764 0.00441645
-0.0543734 0.00456112
0.0468509 0.00509635
0.00682542 0.00011828
0.0129084 0.000284107
0.00874179 0.000518887
0.032431 0.000748657
-0.0189007 0.000962293
-0.13676 0.00119655
0.0330368 0.00141863
0.190607 0.00170153
-0.010976 0.00153544
-0.0813954 0.0018235
0.0060292 0.000210277
0.00254681 0.00140816
0.00503142 0.00450449
-0.0188028 0.017076
-9.13802e-05 0.0233625
0.0472497 0.0651587
-0.0182785 0.0409628
-0.0529672 0.0952248
0.0277027 0.0226728
0.0213136 0.0466661
0.0153404 0.000176894
0.00301536 0.000408058
-0.040349 0.000869375
-0.099652 0.00138225
-0.0300788 0.00187375
0.257538 0.00234083
0.268567 0.00282534
-0.143993 0.00326619
-0.277183 0.00329871
-0.0821101 0.0032788
0.0117143 0.000197679
0.0154114 0.000613049
-0.0320063 0.00147671
0.067746 0.00276482
0.250374 0.00431892
-0.406309 0.00604047
-0.762277 0.00823364
0.920892 0.0106333
0.774969 0.0114148
-0.815671 0.0113017
0.00857192 0.000266331
0.00131886 0.00174033
0.00459188 0.0056034
-0.0189137 0.02081
-0.00868955 0.0280803
0.0710177 0.0779385
0.011991 0.0480674
-0.0847776 0.11175
-0.00108754 0.0261888
0.028246 0.0539044
0.012225 0.000178954
-0.0221765 0.000473655
-0.0106996 0.00106276
0.0402959 0.00189264
-0.104377 0.00287098
-0.103652 0.00395166
0.442308 0.00525738
0.313028 0.00656247
-0.465461 0.00688658
-0.366964 0.00678044
0.00664233 0.000115954
0.0106072 0.000266786
0.0192739 0.000464757
0.0664916 0.000652818
-0.081477 0.00083459
-0.3015 0.00104248
0.140169 0.00123566
0.472849 0.00148841
-0.0687868 0.00133997
-0.240203 0.00160382
0.00593987 0.000206923
-0.00188619 0.00139025
0.00243975 0.00438261
0.0144486 0.0169713
0.00855169 0.0226415
-0.0500203 0.0644854
-0.0174051 0.039792
0.0829099 0.0937405
0.0186342 0.0221069
-0.0479715 0.0457663
0.0147468 0.000176477
0.000183977 0.000417001
-0.0437397 0.000901159
-0.0868941 0.00144356
0.0311029 0.00197444
0.267191 0.00249157
0.0806491 0.00307223
-0.254595 0.00362088
-0.10998 0.00368972
0.0449053 0.00364496
0.0119931 0.000174001
0.0177917 0.000447989
-0.00873509 0.000901649
0.0239846 0.00151849
0.00711705 0.00231312
-0.114311 0.00339486
0.0170439 0.00478668
0.119803 0.00650341
-0.0188392 0.00671537
-0.0282373 0.00781338
0.00742414 0.000255447
0.00362716 0.00167428
0.0214889 0.00550703
-0.0289726 0.0203763
-0.0708762 0.028242
0.0772984 0.0768641
0.0953727 0.0493035
-0.0758268 0.111208
-0.0370275 0.0271915
0.023447 0.0541282
0.012218 0.000176779
-0.0188839 0.00045187
-0.0172691 0.00102269
0.00612812 0.00181206
-0.0773231 0.00276787
0.0268178 0.00385283
0.429744 0.00517861
0.125009 0.00652474
-0.501766 0.00688847
-0.306328 0.00684127
0.00626251 0.000101718
0.0126009 0.000235848
0.00611419 0.00040775
0.017161 0.000565204
-0.00241156 0.000719386
-0.0783951 0.000897305
-0.00519324 0.00106355
0.106955 0.00128139
0.0123206 0.0011782
-0.0435468 0.00140108
0.00565299 0.000192843
0.000523131 0.00123567
-0.00259902 0.00403333
-0.0221108 0.0152564
0.0403583 0.0207384
0.0990377 0.0582484
-0.0873082 0.0364845
-0.146817 0.0850335
0.0637955 0.0203409
0.0709527 0.0417015
0.0131381 0.000157608
0.00165833 0.000374229
-0.0248784 0.000794169
-0.0815434 0.00128276
-0.0744083 0.00177053
0.187811 0.00225693
0.329757 0.00280865
-0.0236865 0.00335196
-0.316749 0.00342948
-0.161412 0.00341984
0.0112741 0.000210988
0.0203496 0.000721938
0.00974544 0.00181989
-0.0106745 0.00359753
-0.134157 0.00556521
0.0268995 0.00741178
0.42674 0.00950636
-0.188405 0.0116716
-0.422603 0.0122094
0.287679 0.0117043
0.0091359 0.000270505
-0.00156098 0.00168122
-0.0139931 0.00547463
0.00902137 0.0202098
0.0885541 0.0275576
-0.0264544 0.0759767
-0.154448 0.0475282
0.0446863 0.109544
0.0888305 0.0260438
-0.0265482 0.0531369
0.0122068 0.000184347
-0.0210789 0.000523049
-0.0323315 0.00124803
0.0602308 0.00229185
0.0577914 0.00347701
-0.200174 0.00467697
0.0173153 0.00608063
0.343198 0.00746669
-0.0651158 0.00777617
-0.208308 0.00754088
0.00626058 9.74605e-05
0.0124076 0.000231656
0.00739467 0.00041111
0.0138966 0.000591532
-0.0203754 0.000770743
-0.0630849 0.00097379
0.046943 0.00116344
0.0958088 0.00140744
-0.0271221 0.00125926
-0.0464657 0.00151392
0.00545499 0.000177914
-0.00310259 0.00116508
0.00572051 0.00381579
0.0550323 0.0141604
-0.00571406 0.0197409
-0.219321 0.0538231
-0.00739695 0.0347796
0.316458 0.0785748
0.0200834 0.0193631
-0.151565 0.0385815
0.0129959 0.000157876
0.00108723 0.000387654
-0.0193457 0.000847474
-0.0628764 0.00136308
-0.112055 0.00183377
0.123845 0.00226391
0.407055 0.00272372
0.047997 0.00314281
-0.363929 0.00318939
-0.187875 0.0031267
0.0109162 0.000165409
0.0209845 0.000450442
0.0210439 0.00093371
-0.0489044 0.00158663
-0.229278 0.00236662
0.225823 0.00336254
0.661045 0.00462629
-0.558001 0.00615354
-0.588942 0.00651177
0.510154 0.00725898
0.00806221 0.000236049
-0.00382746 0.0015879
0.00490955 0.00489893
0.0210322 0.018801
0.00385527 0.0248274
-0.0397671 0.0697647
-0.02054 0.0428755
0.0322013 0.099662
0.0190414 0.0234535
-0.0110197 0.048007
0.011637 0.00016273
-0.0174799 0.000439843
-0.0287369 0.00100265
-0.00159956 0.0017716
0.0913491 0.00268065
0.0750892 0.00369643
-0.147287 0.00494695
-0.141705 0.006212
0.10351 0.00657817
0.103147 0.0064972
0.00628317 9.36463e-05
0.0107584 0.000206357
-0.000939525 0.000347484
0.0228956 0.000473324
0.024479 0.000599569
-0.0829359 0.000746688
-0.0309124 0.000881891
0.116261 0.00106532
0.0136273 0.000986349
-0.0576463 0.00117639
0.00505646 0.000175032
0.000316401 0.00116128
0.00494371 0.00386878
-0.0098302 0.0142007
0.00948843 0.020199
0.0595558 0.0546359
-0.0458205 0.035515
-0.113403 0.0803246
0.0450189 0.0197242
0.0660008 0.0395693
0.0122265 0.000157673
-0.000381502 0.00039982
-0.0332433 0.000873272
-0.0407459 0.00141957
0.0516565 0.00191368
0.076265 0.00234362
-0.0998382 0.00277833
-0.0656453 0.00317055
0.129382 0.00319249
0.0876753 0.00312762
0.0118764 0.000160625
0.00968092 0.000392628
-0.0233005 0.000735608
0.135969 0.00115878
0.183922 0.0016741
-0.652523 0.00238533
-0.535885 0.00325835
1.15943 0.0044019
0.47786 0.00420489
-0.745097 0.0052324
0.00821231 0.000250671
-0.00169939 0.00164947
0.00589325 0.0052507
0.0178785 0.0195353
-0.0257467 0.026807
-0.0635817 0.0730473
0.0554894 0.0466087
0.08289 0.105226
-0.0295771 0.0256587
-0.0332911 0.0510811
0.0107157 0.000176002
-0.0242555 0.000509177
-0.00511481 0.00118695
0.0754871 0.00216114
-0.0706736 0.00323573
-0.258792 0.00436202
0.293421 0.0057474
0.510079 0.00715631
-0.306735 0.00756376
-0.398951 0.00735112
0.00573015 7.9923e-05
0.0111606 0.000171123
-0.00387988 0.000290189
-0.00609849 0.000405644
0.0357427 0.000535504
0.0393548 0.000693804
-0.0512242 0.000860362
-0.0753654 0.00108382
0.0267424 0.00100103
0.0442444 0.0012226
0.00524163 0.000170468
-1.55875e-05 0.0011009
-0.00724747 0.00353152
0.00312027 0.0132288
0.055468 0.0180615
-0.0108743 0.0501292
-0.110878 0.0315645
0.00955918 0.0729418
0.0749812 0.0175298
-0.00200388 0.0357165
0.0116645 0.000148653
-0.00271431 0.000390998
-0.0399583 0.000860953
-0.0199554 0.00132601
0.0875683 0.00177025
0.0230841 0.0021284
-0.139429 0.00246474
-0.00164612 0.002698
0.122393 0.00273564
0.0408514 0.00261486
0.0103786 0.000129777
0.0124579 0.000277101
-0.00745371 0.000467929
0.05197 0.000671711
0.0472558 0.000897395
-0.21822 0.00119416
-0.136867 0.00147989
0.302508 0.00191506
0.116339 0.00189014
-0.15109 0.00242759
0.00721295 0.000225787
-0.000295058 0.0014836
0.00490427 0.00473768
0.0189538 0.0178017
-0.00299118 0.023929
-0.0853026 0.0665717
-0.00485387 0.0413024
0.121866 0.0954216
0.0102558 0.0226619
-0.0558583 0.0460775
0.0104499 0.000182484
-0.0200442 0.000563779
-0.00989815 0.00145206
0.0204265 0.0025736
-0.0974815 0.00374783
0.043171 0.00482859
0.536817 0.00580476
0.080461 0.00657535
-0.770033 0.00676988
-0.46909 0.00635802
0.00663694 0.000104046
0.0107813 0.000241248
-0.000843332 0.000428335
0.0160075 0.000604492
0.0295022 0.000772127
-0.0210531 0.000956635
-0.0575497 0.00111636
-0.0353582 0.00132362
0.0362143 0.00121105
0.0475489 0.00143213
0.00540916 0.000178851
0.000456538 0.00119946
-0.00218847 0.00388654
0.00566264 0.0146715
0.0431962 0.0203333
-0.0372182 0.056299
-0.0960194 0.035962
0.0645065 0.0826556
0.0695713 0.0200919
-0.0326185 0.0407175
0.0124572 0.000161173
0.0006899 0.000406106
-0.0305282 0.000898578
-0.0482959 0.00146053
0.00251031 0.00197881
0.0706152 0.00244753
0.09194 0.00294425
0.0369269 0.00340513
-0.081728 0.00345004
-0.0691443 0.00339249
0.0123346 0.000180316
0.0147673 0.0004976
-0.0240839 0.00102798
0.0293194 0.00170244
0.12558 0.00245707
-0.150238 0.00336891
-0.303345 0.0044703
0.252287 0.00579222
0.244808 0.00558004
-0.173184 0.00650463
0.00890719 0.000253841
-0.00117567 0.0016011
-0.019945 0.00513098
-0.00134114 0.0192207
0.120754 0.0258489
0.0243037 0.0719944
-0.208088 0.0445637
-0.03356 0.103339
0.116038 0.0244204
0.00983266 0.0499335
0.0114791 0.000159031
-0.0203311 0.000409215
-0.0360082 0.000877077
0.0331233 0.00148797
0.131656 0.00221403
-0.00481029 0.00308147
-0.241294 0.00413142
-0.112134 0.00529313
0.182451 0.00543436
0.137063 0.00581281
0.00681747 0.000108574
0.0113539 0.000252107
-2.46051e-05 0.00044414
0.0158591 0.000628251
0.0137962 0.000795433
-0.0536861 0.000979871
-0.0241385 0.00114083
0.0513706 0.00135823
0.0186262 0.00125888
-0.00970407 0.0014939
0.00525763 0.000183328
0.000157498 0.00124399
0.00774495 0.00398847
0.00422579 0.0151184
-0.0160451 0.0206917
0.00291694 0.0576048
0.0122523 0.0362827
-0.0278137 0.084022
0.00717987 0.0200827
0.020645 0.0411182
0.0117451 0.000174443
-0.00158807 0.000488226
-0.0128544 0.00110344
-0.02756 0.00174944
-0.136499 0.00233989
-0.0163854 0.00277355
0.503571 0.00316035
0.286871 0.00344143
-0.49142 0.0034779
-0.371303 0.00332046
0.0118217 0.000178812
0.0108315 0.000496491
-0.0196415 0.00102674
0.0739129 0.00169781
0.103387 0.00244192
-0.368695 0.00332528
-0.278166 0.00438097
0.653658 0.00565397
0.244315 0.00551208
-0.413035 0.00637847
0.00808775 0.000244878
0.000948198 0.00164974
0.00554366 0.00513637
0.000450431 0.0190712
-0.026744 0.0260277
-0.0368339 0.0708638
0.0440748 0.0448165
0.0829251 0.101752
-0.0162047 0.024488
-0.0485229 0.0492654
0.010876 0.000187544
-0.0197449 0.000575207
-0.043367 0.00151673
0.0613681 0.00277268
0.201228 0.00411101
-0.183607 0.00540691
-0.471332 0.00666019
0.151412 0.00765962
0.481346 0.00791425
0.149627 0.00742932
0.0070869 9.03959e-05
0.00976129 0.000184554
-0.0049433 0.000297661
0.0310643 0.000389846
0.0282018 0.000487017
-0.115872 0.000602441
-0.0397119 0.000706714
0.154228 0.000848601
0.0219776 0.000807154
-0.0699214 0.000945672
0.00507166 0.000172483
0.000223378 0.00116827
0.000330868 0.00375989
0.000647393 0.0141865
0.0223125 0.0198757
-0.0095062 0.0544696
-0.0437311 0.0352907
0.0203973 0.0801561
0.0326917 0.0197007
-0.0111313 0.0395365
0.0111021 0.000150741
-0.00104822 0.00037027
-0.00697398 0.000792103
-0.0119789 0.00128959
-0.142796 0.00179658
-0.115276 0.00232258
0.444924 0.00294971
0.42769 0.00358272
-0.375041 0.00372117
-0.375174 0.003704
0.0114492 0.000147812
0.0110103 0.000326212
-0.00772659 0.000559402
0.0366563 0.000784552
-0.00345193 0.00099114
-0.164774 0.00124305
0.0191857 0.00145637
0.243292 0.00177824
-0.00834053 0.00168521
-0.119807 0.002078
0.00813325 0.000243557
0.00152635 0.00154465
-0.00484516 0.00500054
-0.0286079 0.0185807
0.0427667 0.024999
0.128092 0.0694957
-0.070628 0.0427356
-0.200008 0.0994551
0.0370727 0.0231974
0.100042 0.0478481
0.00939866 0.00018112
-0.0130691 0.000597275
-0.0116902 0.00158263
-0.0708991 0.00290801
0.0395222 0.00429815
0.418614 0.00560182
-0.0170216 0.00675448
-0.688672 0.00768117
-0.126049 0.00790158
0.232769 0.00738861
