0.0135135 0.00226706
0.0119952 0.00140947
0.0114679 0.00131878
0.0116808 0.00111413
0.0123609 0.00113128
0.0104733 0.000764795
0.0113944 0.000823358
0.0118903 0.000865392
0.0146921 0.000844428
0.0153829 0.000880112
0.0112274 0.000679214
0.0132751 0.000747501
0.0118259 0.000769247
0.0134961 0.000846
0.012284 0.000869546
0.0129418 0.000910862
0.0139225 0.00100838
0.0177882 0.00118591
0.0175968 0.00131887
0.014788 0.00114737
0.0231896 0.0017831
0.0217642 0.00174909
0.0218881 0.00185938
0.0222912 0.00203174
0.0186212 0.00180202
0.0327558 0.00302496
0.0160675 0.00192431
70.2557