-0.939693 58111.4 0 8859.24
-0.80025 44244.4 0 2439.9
-0.664535 48976.8 0 2561.23
-0.532093 47613.9 0 2576.34
-0.400373 45939.1 0 2693.46
-0.263493 50483.8 0 3247.16
-0.134302 45205.1 0 3334.9
0.00528779 62840.3 0 5355.18
0.136526 64481.9 0 6821.32
0.269096 46197.6 0 6710.53
0.406342 80616.8 0 16850.4
0.549282 9158.91 0 3857.83
0.704208 12302.8 0 5599.49
0.823491 11046.3 0 4157.87
0.957203 3832.02 0 1568.93
-0.937049 49393.9 0 4900.41
-0.798791 46463.8 0 4096
-0.666602 48338.9 0 4248.47
-0.5361 46706.4 0 4036.95
-0.401392 51231.9 0 4409.29
-0.269648 46341.3 0 4072.22
-0.129029 51157.2 0 4488.66
-0.00164325 46837.4 0 4041.12
0.13305 44743.1 0 3976.55
0.263737 42706.2 0 3786.49
0.399225 43821.8 0 3810.79
0.534048 49686 0 4213.94
0.670241 48102.7 0 4239.24
0.800822 46091 0 4066.59
0.932837 49380.3 0 4876.71
-0.935417 42696.2 0 6872.32
-0.805888 56513.8 0 5277.84
-0.667697 51638.8 0 3574.06
-0.533133 53390.5 0 3108.69
-0.399529 43921.6 0 2400.88
-0.261591 43994.1 0 2241.91
-0.133431 47500.1 0 2289.24
-0.000340913 47070.2 0 2283.22
0.129992 47189.4 0 2365.08
0.262976 49707.6 0 2708.44
0.396437 41237.6 0 2729.65
0.535314 48473 0 4019.03
0.659348 172861 0 26186.7
0.762249 4351.66 0 1025.8
0.887897 26.8893 0 15.5678
