0.257143 0.0473808
0.214286 0.0278377
0.207715 0.0262035
0.208791 0.0220027
0.217391 0.0219068
0.184346 0.0146248
0.207331 0.0164068
0.199041 0.0158645
0.25021 0.0159612
0.268571 0.0172972
0.20121 0.0132854
0.191436 0.0116922
0.206406 0.0146566
0.201001 0.0137477
0.17564 0.0133737
0.167568 0.0127272
0.174869 0.0137137
0.187279 0.0135189
0.204918 0.0167376
0.17875 0.0151064
0.210591 0.0175798
0.178487 0.0154477
0.201229 0.0185803
0.190031 0.0186637
0.183594 0.0192672
0.189655 0.0187748
0.173529 0.0225449
5.00899